code_muni,name_muni,code_state,abbrev_state,geom
1100015,Alta Floresta D'oeste,11,RO,"list(list(c(-62.1946466759999, -62.1933174879999, -62.189454956, -62.183929623, -62.1780649629999, -62.17695123, -62.1754797, -62.173318056, -62.173956474, -62.177262855, -62.1794841549999, -62.182287719, -62.18261931, -62.1778741019999, -62.1752044269999, -62.1700367849999, -62.1634527539999, -62.162825745, -62.1575937, -62.1542271189999, -62.1492020309999, -62.1407001639999, -62.134118867, -62.131902854, -62.1292918639999, -62.1271824719999, -62.126432487, -62.1240931409999, -62.121286611, -62.12003712, 
-62.116513903, -62.1138985329999, -62.110677565, -62.106536545, -62.102452718, -62.09756773, -62.0941221039999, -62.0923189409999, -62.09213266, -62.091311152, -62.091712796, -62.0914372239999, -62.090665562, -62.0905086389999, -62.0898542749999, -62.089095125, -62.088858264, -62.0879833119999, -62.0879736779999, -62.087012193, -62.086249107, -62.084044679, -62.080603622, -62.07667344, -62.073612525, -62.072101906, -62.070593629, -62.067695643, -62.064379248, -62.062305737, -62.0586079879999, -62.0564173199999, 
-62.0542618099999, -62.0530268599999, -62.050437771, -62.0488996459999, -62.0456764029999, -62.040976229, -62.0364306099999, -62.0354760239999, -62.0319860129999, -62.0297320489999, -62.028707804, -62.023956679, -62.019786256, -62.0155397949999, -62.012366845, -62.0072263609999, -62.00420969, -62.000540353, -61.994678012, -61.991397552, -61.9865934049999, -61.9851807349999, -61.981006608, -61.97977142, -61.978177525, -61.9747048309999, -61.9719528009999, -61.969147729, -61.966840587, -61.9651723819999, 
-61.9618127209999, -61.9555394229999, -61.95253761, -61.9490604269999, -61.943533575, -61.9402042889999, -61.932896378, -61.931617063, -61.929589611, -61.923673358, -61.9210922309999, -61.923368632, -61.9222558069999, -61.9207619629999, -61.919010395, -61.9151800119999, -61.912706429, -61.9054770059999, -61.9004829569999, -61.8993655029999, -61.897281924, -61.8948444159999, -61.8951737459999, -61.890526971, -61.886511016, -61.8871305719999, -61.888435336, -61.8902318309999, -61.893011643, -61.894258649, 
-61.895094051, -61.8968007519999, -61.8990907569999, -61.9004845189999, -61.9012856859999, -61.901899745, -61.9032533669999, -61.9058149349999, -61.906673243, -61.90809123, -61.908429594, -61.909124918, -61.9099575259999, -61.914121006, -61.9145387359999, -61.914369106, -61.913869539, -61.9138164449999, -61.9149852259999, -61.916730452, -61.91753126, -61.917814462, -61.918705644, -61.9193105999999, -61.9202592989999, -61.921506188, -61.9224812379999, -61.9234291729999, -61.924266495, -61.924919649, 
-61.925138019, -61.925936369, -61.9260602969999, -61.926347354, -61.9268542419999, -61.926748972, -61.9269926659999, -61.9274891059999, -61.9286668029999, -61.9300418049999, -61.9307471959999, -61.932336177, -61.9325491709999, -61.9329377389999, -61.933197279, -61.93345504, -61.935187727, -61.934323119, -61.931902558, -61.9311896, -61.9308038889999, -61.9300009459999, -61.9298616009999, -61.929591535, -61.929589831, -61.96826676, -61.968194766, -61.96869489, -61.968355909, -61.968361212, -61.9683615819999, 
-61.96847737, -61.9868405319999, -61.992997417, -62.0080637729999, -62.007842821, -62.0005911639999, -62.0005924069999, -62.000589996, -62.000517406, -62.0005128719999, -62.000522162, -62.000600511, -62.00620523, -62.008133661, -62.010962232, -62.0168923319999, -62.018133909, -62.019262077, -62.0202085979999, -62.021646387, -62.022764713, -62.0227599619999, -62.0237529679999, -62.0246763989999, -62.025179106, -62.0252881709999, -62.025126459, -62.0253759609999, -62.025257772, -62.0248406859999, -62.025068515, 
-62.0250680409999, -62.024092652, -62.0236768829999, -62.0237879, -62.024320502, -62.025898273, -62.026905626, -62.027259434, -62.0272340819999, -62.027735406, -62.028154714, -62.030620307, -62.0310944609999, -62.0317533259999, -62.032904793, -62.0370778539999, -62.0387085509999, -62.0396210609999, -62.0405717939999, -62.0417593629999, -62.045626247, -62.0486557579999, -62.0547315649999, -62.0579776919999, -62.0607024639999, -62.0631520269999, -62.0651638449999, -62.0696035619999, -62.0713317629999, 
-62.0768566409999, -62.078042522, -62.0806469139999, -62.0828722809999, -62.0852124089999, -62.0873432639999, -62.090262324, -62.092263377, -62.0927923309999, -62.092461956, -62.091483991, -62.091591332, -62.0913977159999, -62.091431361, -62.0917317729999, -62.092292217, -62.093651536, -62.094572214, -62.0951830309999, -62.096154731, -62.0972318929999, -62.098598099, -62.1001615049999, -62.1004547759999, -62.1004265069999, -62.100843381, -62.1016243999999, -62.101681398, -62.101399656, -62.103052513, 
-62.1032120129999, -62.1037628659999, -62.1041220509999, -62.109625793, -62.1107887959999, -62.112628108, -62.113570213, -62.1165434659999, -62.119180333, -62.121114405, -62.122405143, -62.1230633809999, -62.123566551, -62.1244322319999, -62.125406132, -62.1263963069999, -62.127066888, -62.1280455929999, -62.1291529219999, -62.1304823399999, -62.1313195229999, -62.132433147, -62.13406507, -62.135066519, -62.13706613, -62.1379556849999, -62.140207893, -62.1418490849999, -62.142795341, -62.143205837, 
-62.144239157, -62.14509778, -62.146347438, -62.146872967, -62.147539291, -62.14949273, -62.150322729, -62.150847057, -62.1506499349999, -62.1512367, -62.152324559, -62.153487376, -62.155127078, -62.1561761679999, -62.1571316209999, -62.158014378, -62.158791762, -62.1596561659999, -62.160597503, -62.161100599, -62.1619021149999, -62.1625655569999, -62.1619031899999, -62.1614256219999, -62.1617691879999, -62.161765077, -62.161041546, -62.161821885, -62.162090496, -62.1628190679999, -62.1633783659999, 
-62.1642371299999, -62.16496508, -62.165260787, -62.165432525, -62.1654623979999, -62.1654840419999, -62.167595401, -62.171814898, -62.172567496, -62.172070635, -62.173458365, -62.176380256, -62.178636479, -62.178871863, -62.179905875, -62.1832370169999, -62.1856072889999, -62.185678324, -62.1859594629999, -62.1859632599999, -62.189468843, -62.189990865, -62.193761421, -62.197711984, -62.1995460069999, -62.205561138, -62.206768795, -62.206901737, -62.2084873169999, -62.210873412, -62.2122630229999, 
-62.2133751809999, -62.214766146, -62.216517848, -62.219371962, -62.225483183, -62.228795804, -62.2310399999999, -62.2340752279999, -62.2380439829999, -62.2399301559999, -62.241571154, -62.2412901769999, -62.242326521, -62.246733102, -62.2493476969999, -62.249459111, -62.245517475, -62.248456048, -62.2508450819999, -62.2518450979999, -62.254981949, -62.261987869, -62.2644910429999, -62.2660956029999, -62.2717936989999, -62.274469258, -62.274930425, -62.2753807719999, -62.276791137, -62.281038979, 
-62.282580423, -62.287981966, -62.2925134879999, -62.294796387, -62.296015836, -62.2977648319999, -62.298741287, -62.29621605, -62.298904198, -62.305567042, -62.30913129, -62.3101918829999, -62.310603782, -62.3169883349999, -62.320627609, -62.321103947, -62.319459615, -62.319775518, -62.3198501609999, -62.3215665179999, -62.3261542599999, -62.3310457319999, -62.332686069, -62.3364326969999, -62.3379619779999, -62.3406844289999, -62.341769668, -62.342181373, -62.3457395229999, -62.353622521, -62.355185456, 
-62.356013151, -62.356159835, -62.355403482, -62.353377656, -62.35665588, -62.3630981839999, -62.3654573969999, -62.3639633869999, -62.363820292, -62.3686018979999, -62.369231794, -62.3691023069999, -62.369408977, -62.3714037789999, -62.3833478399999, -62.38793551, -62.393822832, -62.398823227, -62.4032067819999, -62.410519806, -62.412792441, -62.4135389079999, -62.414317491, -62.4177112809999, -62.419015777, -62.425902631, -62.429429521, -62.4344569449999, -62.4359600579999, -62.435244176, -62.4342371719999, 
-62.4334052399999, -62.434929935, -62.436988986, -62.4399368909999, -62.442908907, -62.4454053379999, -62.448381213, -62.4518779519999, -62.457457929, -62.459101897, -62.4577414189999, -62.456353333, -62.4537095239999, -62.4524112559999, -62.452902661, -62.4540142329999, -62.4572399139999, -62.460404878, -62.46204355, -62.462821149, -62.463437328, -62.4655475979999, -62.468046028, -62.472045329, -62.47323682, -62.473715044, -62.4721284729999, -62.472743437, -62.4735746759999, -62.475876894, -62.4789371919999, 
-62.479897871, -62.482629589, -62.4835158659999, -62.483319968, -62.4819882099999, -62.48176781, -62.483047179, -62.486181199, -62.4908270119999, -62.4951855809999, -62.4974859869999, -62.5005475189999, -62.502630403, -62.505432473, -62.5089010619999, -62.5137690979999, -62.5181573019999, -62.5210203589999, -62.523818347, -62.526485537, -62.5298986189999, -62.5349654789999, -62.5412436949999, -62.5471599359999, -62.5519389859999, -62.555268557, -62.558039932, -62.5624866219999, -62.5675727089999, 
-62.574995938, -62.5768044209999, -62.5817960639999, -62.589266611, -62.595601874, -62.600430578, -62.609153796, -62.6125725419999, -62.614793506, -62.61534628, -62.6146388929999, -62.6141326939999, -62.610688282, -62.606239948, -62.60062943, -62.6002111449999, -62.599992532, -62.60263129, -62.606824246, -62.610352411, -62.6137398259999, -62.619074124, -62.6215201359999, -62.625562988, -62.6292359379999, -62.63249331, -62.633023845, -62.6318003639999, -62.629959956, -62.629177896, -62.6314632, -62.635152315, 
-62.6389069539999, -62.6412381919999, -62.6464898249999, -62.6506863509999, -62.652183856, -62.651410744, -62.6491838319999, -62.645269844, -62.645463069, -62.6508231909999, -62.6554055349999, -62.6589040519999, -62.660687917, -62.663323767, -62.6645449109999, -62.6672093859999, -62.669991091, -62.674910058, -62.6773503759999, -62.6824685869999, -62.687299563, -62.690658591, -62.694378391, -62.698577306, -62.700434183, -62.706933299, -62.709294444, -62.713212582, -62.719102514, -62.7251594799999, 
-62.7273215879999, -62.728934557, -62.7270202119999, -62.7291584519999, -62.734020567, -62.7365717949999, -62.7385746539999, -62.740737301, -62.7442158879999, -62.744350557, -62.7433783609999, -62.743849907, -62.7469084219999, -62.7503492009999, -62.7522109459999, -62.7535416429999, -62.754596851, -62.7564090829999, -62.759711914, -62.7640736809999, -62.767689777, -62.773159602, -62.7790974649999, -62.7811841489999, -62.787864814, -62.79435126, -62.7957971489999, -62.797069854, -62.7975726969999, 
-62.8035249539999, -62.806869617, -62.8089019109999, -62.8081263889999, -62.807605657, -62.8060195949999, -62.8033007749999, -62.8059640449999, -62.8103518079999, -62.8150171029999, -62.8180219539999, -62.822991451, -62.832097893, -62.836514815, -62.838909996, -62.841985987, -62.845847411, -62.8498520609999, -62.8502643169999, -62.847298144, -62.8434876139999, -62.843126415, -62.8455485959999, -62.8554887119999, -62.858936349, -62.860903804, -62.862346499, -62.866073683, -62.870209856, -62.8728314679999, 
-62.875247267, -62.8758227329999, -62.8784667459999, -62.8805431349999, -62.8847123039999, -62.88840666, -62.8911253199999, -62.8931558619999, -62.894078926, -62.8936583449999, -62.891825839, -62.8917402769999, -62.892156443, -62.88952204, -62.8846862349999, -62.881182533, -62.877968104, -62.877629433, -62.872015322, -62.8658237329999, -62.863957128, -62.8615227069999, -62.8610499069999, -62.858718074, -62.851104042, -62.8460207219999, -62.842627239, -62.836656869, -62.831218551, -62.82557144, -62.821576456, 
-62.8176850779999, -62.813625675, -62.810099093, -62.808627879, -62.802741031, -62.79771045, -62.8011298449999, -62.7949952399999, -62.7884406949999, -62.788048746, -62.7888188059999, -62.7885170689999, -62.7865396289999, -62.781791819, -62.7797661179999, -62.7777654849999, -62.7765735509999, -62.7739015669999, -62.767381387, -62.76651742, -62.7624654059999, -62.7579861649999, -62.7621851119999, -62.7595193889999, -62.752044105, -62.7524932129999, -62.754156189, -62.749210158, -62.750134005, -62.745572238, 
-62.740990281, -62.7447392869999, -62.7388773209999, -62.7343555429999, -62.7379602779999, -62.736212555, -62.7372950989999, -62.741324053, -62.7379036179999, -62.734271509, -62.7323775999999, -62.728876557, -62.7304290769999, -62.724520554, -62.723101448, -62.716573655, -62.7120115509999, -62.7083206259999, -62.7034384129999, -62.70110012, -62.700103715, -62.697658091, -62.694076657, -62.6865756579999, -62.6832974209999, -62.677846832, -62.673576757, -62.6652633129999, -62.659269789, -62.6526288019999, 
-62.649234193, -62.6481588909999, -62.648409392, -62.6458833459999, -62.64491127, -62.6388495589999, -62.634737226, -62.6285476589999, -62.622824018, -62.617707432, -62.6173813, -62.6167691089999, -62.6155159909999, -62.6143376139999, -62.61321335, -62.607467126, -62.6037945, -62.5987925539999, -62.5949325349999, -62.5939346459999, -62.590988362, -62.58204324, -62.578482714, -62.578069202, -62.565403694, -62.560266167, -62.55776299, -62.553849128, -62.5488243839999, -62.547625726, -62.5403756679999, 
-62.534177937, -62.5284838269999, -62.521935287, -62.5202947359999, -62.5192962919999, -62.51962617, -62.5187415039999, -62.517404081, -62.5177698299999, -62.5152044229999, -62.5100056259999, -62.506513366, -62.5046556069999, -62.5021478629999, -62.500546996, -62.500346934, -62.4995168829999, -62.4979046699999, -62.4947936869999, -62.489936753, -62.488821377, -62.4858218599999, -62.4809001479999, -62.478938132, -62.476237625, -62.475267113, -62.474099026, -62.473102188, -62.4721316759999, -62.469098679, 
-62.4681287829999, -62.466158057, -62.4642139489999, -62.462788124, -62.462266475, -62.461594486, -62.4599898829999, -62.458372404, -62.4579850919999, -62.4576002329999, -62.4570672259999, -62.454705862, -62.454075741, -62.4537364959999, -62.4532994779999, -62.452260646, -62.447932882, -62.4444617759999, -62.443543511, -62.4421504709999, -62.439719047, -62.4370945769999, -62.4350096859999, -62.433988428, -62.4322165619999, -62.428485682, -62.4268227429999, -62.424266256, -62.4219019109999, -62.420066672, 
-62.4197058219999, -62.4195165529999, -62.419126436, -62.417899555, -62.416737777, -62.416121975, -62.4152689749999, -62.4125146319999, -62.410516822, -62.4096530029999, -62.4090957189999, -62.408871763, -62.4085996539999, -62.408238396, -62.4078215319999, -62.405846832, -62.404922523, -62.403379798, -62.4017926829999, -62.401038691, -62.3999038119999, -62.397770048, -62.396816233, -62.393991848, -62.391929354, -62.3909823319999, -62.3901844769999, -62.389711639, -62.389430446, -62.389350991, -62.3889588839999, 
-62.3875660159999, -62.387025807, -62.386820915, -62.386732754, -62.3864561139999, -62.385983115, -62.3843484469999, -62.381795161, -62.378100349, -62.376731325, -62.3754485509999, -62.374624528, -62.37282823, -62.3684571189999, -62.3677684849999, -62.367127711, -62.366211095, -62.363315299, -62.362684788, -62.3623500269999, -62.36173776, -62.3601834469999, -62.356766433, -62.354664826, -62.353706549, -62.352013035, -62.351068677, -62.35026386, -62.3487919579999, -62.346988536, -62.346150951, -62.343812354, 
-62.341401333, -62.3372945999999, -62.3355413859999, -62.3330180969999, -62.33098202, -62.326627193, -62.3239289059999, -62.321949876, -62.3176288979999, -62.312736669, -62.3115056679999, -62.310514469, -62.3060453459999, -62.303595284, -62.3014028379999, -62.298734672, -62.2962661839999, -62.294231591, -62.292737024, -62.29209281, -62.290828374, -62.2894894579999, -62.2886209759999, -62.2877610789999, -62.2867672369999, -62.285683228, -62.2837386149999, -62.280203476, -62.2765941469999, -62.2746286079999, 
-62.269372373, -62.2683458249999, -62.2678238189999, -62.267681744, -62.2679818989999, -62.268317136, -62.269208927, -62.2701009089999, -62.26973634, -62.269735137, -62.270595921, -62.2687334089999, -62.2684037779999, -62.272042062, -62.274209168, -62.2750934139999, -62.271929299, -62.271263721, -62.2699319829999, -62.267429282, -62.263571521, -62.258821387, -62.259294695, -62.260820087, -62.262122192, -62.2589026079999, -62.2623430249999, -62.2642354719999, -62.261205322, -62.2561556879999, -62.2520944829999, 
-62.2532628009999, -62.2522929209999, -62.255184415, -62.2527581439999, -62.252038137, -62.2557359459999, -62.2527883339999, -62.2526002289999, -62.2509279559999, -62.251869066, -62.254899353, -62.255289594, -62.255209246, -62.258318972, -62.2615647589999, -62.283904713, -62.2839577459999, -62.291429874, -62.295707142, -62.3004837029999, -62.303204782, -62.3067282089999, -62.312568939, -62.316906837, -62.3202086199999, -62.3234791609999, -62.32723442, -62.328854867, -62.330039763, -62.333592565, 
-62.3386779859999, -62.343294402, -62.3476800709999, -62.349620369, -62.3553189599999, -62.359265733, -62.3636231449999, -62.368815145, -62.373459887, -62.377429787, -62.380625963, -62.3845954419999, -62.390239132, -62.394683751, -62.396821305, -62.401181352, -62.403928682, -62.406849577, -62.4126205699999, -62.416011154, -62.417600949, -62.419371057, -62.4224611689999, -62.425010163, -62.428347549, -62.431155609, -62.43418159, -62.438599368, -62.441908369, -62.444127405, -62.446646675, -62.456490193, 
-62.4604869879999, -62.46282029, -62.4682063539999, -62.4703159199999, -62.4752339189999, -62.4771532889999, -62.479656228, -62.481458398, -62.4855148669999, -62.485929312, -62.4894314969999, -62.4949834759999, -62.4983198679999, -62.499872935, -62.5005432909999, -62.5017914059999, -62.502372914, -62.5056588749999, -62.5076028559999, -62.509155885, -62.510848844, -62.5135394179999, -62.514652084, -62.5159622639999, -62.517014423, -62.518102015, -62.519124815, -62.5204912439999, -62.5215922359999, 
-62.5240141509999, -62.5265935239999, -62.5308194569999, -62.5327898279999, -62.535653348, -62.539207092, -62.541624414, -62.5446222819999, -62.547209548, -62.5494856669999, -62.551126909, -62.553122368, -62.5561801869999, -62.558260961, -62.560067811, -62.5631260169999, -62.5655407259999, -62.567683581, -62.570593701, -62.576347536, -62.577684462, -62.5778423359999, -62.5802652719999, -62.5805999789999, -62.582512227, -62.582322859, -62.582734805, -62.584684977, -62.587877948, -62.590959243, -62.592902384, 
-62.595350829, -62.597290652, -62.5986524479999, -62.5997696889999, -62.601015411, -62.6028795479999, -62.6039559719999, -62.604181306, -62.605567885, -62.6084367059999, -62.6082334879999, -62.6093525809999, -62.6109048469999, -62.6119317429999, -62.611454962, -62.6127358919999, -62.616256332, -62.619710878, -62.6205679059999, -62.622289004, -62.6231219209999, -62.624317907, -62.626878113, -62.626599923, -62.6287616439999, -62.6290414799999, -62.630012638, -62.6320452839999, -62.633513651, -62.63692871, 
-62.6390679299999, -62.6404631389999, -62.6414636819999, -62.641968854, -62.642522874, -62.641239667, -62.6402044479999, -62.6392977519999, -62.639518045, -62.64092976, -62.6395981059999, -62.639127124, -62.638045097, -62.6392374219999, -62.6355191279999, -62.633544512, -62.6343529279999, -62.630961411, -62.6295173769999, -62.627648642, -62.626707024, -62.624039243, -62.622098011, -62.6175978639999, -62.6155406899999, -62.6154579729999, -62.612982364, -62.6150135949999, -62.6158761149999, -62.616037799, 
-62.614960457, -62.614544423, -62.616511896, -62.614515988, -62.616514164, -62.618537532, -62.6204850229999, -62.6209572349999, -62.6187421009999, -62.6145445979999, -62.6148517619999, -62.612708992, -62.6110186259999, -62.6085183399999, -62.60396236, -62.603097335, -62.602514415, -62.604428993, -62.6031272389999, -62.6047310909999, -62.603815246, -62.606119635, -62.6054547349999, -62.606626405, -62.6080428449999, -62.608205863, -62.6085119999999, -62.609794248, -62.6068149809999, -62.6110165119999, 
-62.611429357, -62.6139266299999, -62.6126833599999, -62.608576337, -62.6077627809999, -62.60609823, -62.604622263, -62.60512891, -62.607123275, -62.6067646039999, -62.60909365, -62.608321466, -62.609851102, -62.606352495, -62.6084841809999, -62.608541469, -62.607297281, -62.6063219319999, -62.6099267369999, -62.606792678, -62.606536227, -62.6101500749999, -62.611373489, -62.611457889, -62.610207286, -62.6078763, -62.6074021559999, -62.6049008999999, -62.6028785679999, -62.602652535, -62.603343633, 
-62.6018197659999, -62.598957716, -62.597845955, -62.596233394, -62.5938503799999, -62.592709094, -62.590901624, -62.5885383539999, -62.586453191, -62.585124933, -62.5852889219999, -62.584154669, -62.5830377879999, -62.5817379059999, -62.581013781, -62.578981733, -62.577986879, -62.577095793, -62.57584938, -62.5732403209999, -62.572264999, -62.5693158289999, -62.569653571, -62.5673678449999, -62.5664874079999, -62.5649835719999, -62.563871753, -62.563237242, -62.5621880959999, -62.559214096, -62.5581798419999, 
-62.555268105, -62.5551770719999, -62.5532390309999, -62.551682241, -62.551010854, -62.549316721, -62.545206544, -62.545260455, -62.546952021, -62.54673317, -62.546151502, -62.545792932, -62.546512545, -62.547404151, -62.545178587, -62.545099626, -62.5442322, -62.542506821, -62.5406270389999, -62.5411731439999, -62.5388717849999, -62.537925596, -62.536735408, -62.5353752889999, -62.5341570669999, -62.53115045, -62.529592187, -62.5279878379999, -62.5268137009999, -62.523038215, -62.522024589, -62.5209793669999, 
-62.5201764379999, -62.520045431, -62.5191215179999, -62.51765045, -62.516513816, -62.5165349339999, -62.5145731619999, -62.507289051, -62.504199848, -62.502427486, -62.5008757039999, -62.4985357289999, -62.497150112, -62.495736031, -62.4957039239999, -62.4952052, -62.494212407, -62.494515228, -62.4930300789999, -62.490237063, -62.4885710269999, -62.4876230019999, -62.48820661, -62.486793811, -62.48423366, -62.4834319829999, -62.482177806, -62.481542155, -62.47950943, -62.4794890589999, -62.4785973989999, 
-62.4785712359999, -62.4789035039999, -62.479930243, -62.480538614, -62.4800961279999, -62.477784324, -62.4773163309999, -62.4765651749999, -62.475594317, -62.471817447, -62.470319397, -62.468069451, -62.4680990179999, -62.468985976, -62.467207849, -62.465456897, -62.4659520419999, -62.466375754, -62.4646770069999, -62.4628163519999, -62.4593493609999, -62.459923963, -62.456933288, -62.4544856249999, -62.4541685729999, -62.453911971, -62.4537448339999, -62.4530966959999, -62.453002517, -62.4528884139999, 
-62.4528409979999, -62.4528342729999, -62.4528272399999, -62.4527971549999, -62.452792227, -62.4527895119999, -62.4524823309999, -62.4530682119999, -62.451429703, -62.449901271, -62.448313702, -62.448182033, -62.445205952, -62.444676363, -62.441259475, -62.4396770649999, -62.4384297279999, -62.4394281239999, -62.4393677849999, -62.439037761, -62.438012591, -62.4382872539999, -62.436515045, -62.436431715, -62.4353438629999, -62.433009445, -62.431119071, -62.431178201, -62.4288547869999, -62.427264123, 
-62.4283179989999, -62.4233716819999, -62.4232295409999, -62.4220651929999, -62.4207929659999, -62.419729609, -62.418786221, -62.418014913, -62.4168740229999, -62.415597068, -62.414955044, -62.413623035, -62.413394393, -62.4117595449999, -62.4101220569999, -62.408817369, -62.408207674, -62.408622753, -62.406154305, -62.406592874, -62.407535803, -62.4057613809999, -62.4065333849999, -62.406037306, -62.407544403, -62.4072878039999, -62.4056259659999, -62.40407127, -62.4039890499999, -62.4024789239999, 
-62.401486521, -62.4000697339999, -62.399342054, -62.396348804, -62.3953459809999, -62.393958123, -62.392062451, -62.3916135099999, -62.3907884779999, -62.3890126419999, -62.3862299769999, -62.384706369, -62.3860111279999, -62.3829035339999, -62.3805952379999, -62.379787536, -62.3787051479999, -62.377985243, -62.374958161, -62.376766003, -62.374542256, -62.374151113, -62.3710698519999, -62.3680082189999, -62.367459918, -62.364512244, -62.364427889, -62.362979794, -62.361652489, -62.358175919, -62.35795955, 
-62.3535361679999, -62.3503981419999, -62.3505385669999, -62.34942625, -62.347482333, -62.3459850139999, -62.347042147, -62.344708203, -62.3433705899999, -62.342041307, -62.341259332, -62.3392310769999, -62.3379769749999, -62.3372281339999, -62.3351451839999, -62.3330921729999, -62.330430553, -62.325513277, -62.3254554179999, -62.323929693, -62.3244860279999, -62.323374736, -62.322096957, -62.3213754049999, -62.321175307, -62.320258228, -62.318789583, -62.319568514, -62.318040481, -62.315845197, 
-62.315899835, -62.314036478, -62.312543671, -62.312122055, -62.311378543, -62.309704033, -62.308154401, -62.30723016, -62.307061074, -62.3048291679999, -62.301511815, -62.301173423, -62.3028981729999, -62.300258711, -62.2993844599999, -62.2969522719999, -62.290673056, -62.292148098, -62.2915957209999, -62.2881510859999, -62.286179799, -62.284456717, -62.283731875, -62.282094931, -62.2827565119999, -62.280340778, -62.2811221239999, -62.279179347, -62.2784841539999, -62.2765326679999, -62.273704883, 
-62.2736162469999, -62.2706211029999, -62.271627547, -62.2700053469999, -62.268930429, -62.267650703, -62.2642062349999, -62.2626231399999, -62.2622647429999, -62.25823838, -62.257816565, -62.2535931639999, -62.250029695, -62.249063856, -62.2461999929999, -62.243982177, -62.241510806, -62.243900718, -62.241341382, -62.236011404, -62.2324861139999, -62.2322377799999, -62.226301292, -62.2067011729999, -62.2024841709999, -62.1992863449999, -62.1946466759999, -11.8274570359999, -11.8284434359999, -11.8279458, 
-11.8356613869999, -11.841831144, -11.8466435879999, -11.8502079859999, -11.852220372, -11.854560207, -11.8585763689999, -11.862227657, -11.86569653, -11.8672605509999, -11.867935615, -11.8695426139999, -11.8711055739999, -11.871918164, -11.871799961, -11.87081656, -11.865646436, -11.8600300079999, -11.8526583939999, -11.851178884, -11.8473385739999, -11.8466040019999, -11.845138601, -11.8446180189999, -11.84687174, -11.8457046389999, -11.842927623, -11.8433151199999, -11.8424918089999, -11.8424219099999, 
-11.844019013, -11.8453170819999, -11.8428192499999, -11.8393185319999, -11.839503892, -11.840034072, -11.8423656649999, -11.8428451779999, -11.8462496769999, -11.8504179669999, -11.8526510529999, -11.857089248, -11.8580548709999, -11.8608115639999, -11.8628571799999, -11.8656898569999, -11.870791601, -11.8728009279999, -11.876520816, -11.877216677, -11.8774274029999, -11.877380572, -11.8770040869999, -11.876179625, -11.873076105, -11.8700103159999, -11.8686991879999, -11.8670468889999, -11.866740529, 
-11.867157885, -11.8672204929999, -11.8673517409999, -11.8680616159999, -11.868359418, -11.8664931919999, -11.864291925, -11.8640222559999, -11.864863123, -11.8638084579999, -11.8604857619999, -11.8584691289999, -11.857807699, -11.85858895, -11.861565496, -11.8681119479999, -11.8691919349999, -11.867493975, -11.869131164, -11.8700473139999, -11.867785086, -11.866858753, -11.8651306679999, -11.8648399529999, -11.8644651779999, -11.868164077, -11.867936317, -11.8646367229999, -11.863607089, -11.864648202, 
-11.869079527, -11.8661443539999, -11.8642764349999, -11.864084745, -11.864417784, -11.863881367, -11.8627054639999, -11.8638628919999, -11.8663843259999, -11.8663685089999, -11.86686938, -11.87730123, -11.882322498, -11.887723572, -11.8906738339999, -11.8906306339999, -11.891711063, -11.8920596559999, -11.892040498, -11.896849714, -11.897829646, -11.9005677749999, -11.9046352249999, -11.906811842, -11.9088302389999, -11.927154897, -11.9657111279999, -11.9647944889999, -11.965343441, -11.964986066, 
-11.9652226629999, -11.9647861479999, -11.965326287, -11.9661566659999, -11.9659443309999, -11.9655526099999, -11.9669576179999, -11.9681138119999, -11.970168868, -11.9703183439999, -11.971836789, -11.97265255, -11.9731687499999, -11.9744771849999, -11.974940444, -11.975483754, -11.975613324, -11.9763406639999, -11.976730043, -11.9763846059999, -11.9759714949999, -11.975824674, -11.9749224469999, -11.9738758929999, -11.973651306, -11.97388524, -11.973650948, -11.9727112879999, -11.9723849659999, 
-11.972544107, -11.972911664, -11.9730730079999, -11.974166356, -11.9746520629999, -11.974740916, -11.973500986, -11.972633913, -11.972053681, -11.972966068, -11.9729956499999, -11.973494719, -11.9746177829999, -11.9751458769999, -11.9751466339999, -11.9756644599999, -11.977153685, -11.9826652449999, -11.98371999, -11.9845289499999, -11.984336576, -11.98446478, -11.984117214, -11.985658805, -12.0872560459999, -12.0878806709999, -12.0873474539999, -12.089342239, -12.0893495359999, -12.103319998, -12.1323364849999, 
-12.1340702709999, -12.134069658, -12.133937939, -12.133893775, -12.133785136, -12.2691310539999, -12.269287101, -12.2700244429999, -12.271156114, -12.4563693449999, -12.500059961, -12.6104741029999, -12.792129258, -12.798295271, -12.8006957809999, -12.8047419199999, -12.81476728, -12.8174956419999, -12.8208572689999, -12.8256310199999, -12.83153045, -12.838186729, -12.8403479159999, -12.8440548879999, -12.846072391, -12.848277336, -12.850306049, -12.852427184, -12.8567721549999, -12.859330991, -12.8619678769999, 
-12.86298146, -12.8641480039999, -12.8667928669999, -12.870219063, -12.8722190519999, -12.874344226, -12.8783353009999, -12.881840139, -12.883992216, -12.885128154, -12.889235185, -12.890323563, -12.8948528759999, -12.8957245439999, -12.8978126559999, -12.899766611, -12.905094031, -12.906867576, -12.907464236, -12.9077586949999, -12.9075916969999, -12.907891312, -12.907780998, -12.9081671759999, -12.907426603, -12.9073863829999, -12.9079028229999, -12.907966761, -12.907075805, -12.9071214949999, 
-12.9085166089999, -12.909067984, -12.910664362, -12.9114579909999, -12.912065324, -12.9132989629999, -12.9138186109999, -12.9145159889999, -12.9153624359999, -12.9165192259999, -12.9184609239999, -12.92040784, -12.921488772, -12.922526897, -12.923574748, -12.924623572, -12.9264818679999, -12.9269534569999, -12.9262287889999, -12.926027838, -12.9265483569999, -12.9280489619999, -12.9311926709999, -12.9321036479999, -12.9341290429999, -12.9350129249999, -12.9360369929999, -12.936940003, -12.937917038, 
-12.942871032, -12.9448557, -12.947079141, -12.947945068, -12.9541176999999, -12.954182166, -12.953183968, -12.9534872449999, -12.959497549, -12.961126162, -12.9611103139999, -12.962883468, -12.964714674, -12.9654676869999, -12.965941658, -12.9658327209999, -12.963935344, -12.9632920589999, -12.962794212, -12.9625360309999, -12.962612258, -12.9630888769999, -12.964998195, -12.9661470939999, -12.96626031, -12.9659914879999, -12.9663768779999, -12.9693463409999, -12.970663266, -12.970526452, -12.969573217, 
-12.9693074049999, -12.969873757, -12.9717079619999, -12.9737312149999, -12.974366212, -12.9739813609999, -12.9745736479999, -12.975686868, -12.9767060349999, -12.977698183, -12.977969849, -12.977996445, -12.9790382829999, -12.979308443, -12.979422969, -12.979092797, -12.9797663889999, -12.980197226, -12.98024679, -12.9820870229999, -12.9829049469999, -12.984011093, -12.984649716, -12.985579962, -12.986437201, -12.9874906599999, -12.9903650429999, -12.992248588, -12.994275236, -12.9962660689999, 
-12.9972598909999, -12.9978529699999, -12.998618506, -12.9995049809999, -13.000631776, -13.002773767, -13.0043257599999, -13.0051458009999, -13.007246284, -13.011610698, -13.012765492, -13.0151037759999, -13.017841971, -13.0189150809999, -13.019027035, -13.020481522, -13.0199403449999, -13.0220228169999, -13.022085227, -13.0239825949999, -13.024008221, -13.025140383, -13.025308976, -13.0285674769999, -13.027872333, -13.029191434, -13.0292007969999, -13.0286524289999, -13.027404268, -13.0292961959999, 
-13.0311558149999, -13.0307817259999, -13.033997804, -13.037302724, -13.0398027919999, -13.04016804, -13.043944109, -13.0442258329999, -13.0437244129999, -13.0443183939999, -13.0454659089999, -13.0470085689999, -13.0480860929999, -13.052355909, -13.0549390649999, -13.056538189, -13.060494408, -13.063579534, -13.065961693, -13.0698073439999, -13.0746231239999, -13.0783983249999, -13.080330058, -13.0798583129999, -13.08077298, -13.083776621, -13.0839191399999, -13.085129077, -13.085337336, -13.08554071, 
-13.0868776319999, -13.087843215, -13.087753935, -13.0874425239999, -13.08471953, -13.07963339, -13.0779828309999, -13.08036095, -13.0847272879999, -13.091353237, -13.095584458, -13.093957351, -13.0965298949999, -13.1022812329999, -13.10625261, -13.109486967, -13.1019918169999, -13.094249492, -13.0873896769999, -13.0816949449999, -13.080349386, -13.0790482589999, -13.076582838, -13.077456318, -13.0804033489999, -13.0796398539999, -13.0746925549999, -13.071445894, -13.069736932, -13.0636059709999, 
-13.057521347, -13.0582094439999, -13.061077253, -13.0658504909999, -13.0702077139999, -13.0742957199999, -13.078791476, -13.0834790229999, -13.0854292229999, -13.082389242, -13.078846165, -13.0773753179999, -13.0807135499999, -13.0843460689999, -13.08566718, -13.089532993, -13.092574634, -13.104099268, -13.1068341929999, -13.106633689, -13.1051841949999, -13.1049371179999, -13.1073051179999, -13.110892121, -13.114395932, -13.1168960809999, -13.118941889, -13.116672466, -13.1100392429999, -13.1074105549999, 
-13.10196547, -13.0984695939999, -13.095081383, -13.088310876, -13.0858134769999, -13.082703662, -13.080569289, -13.079363061, -13.0799113799999, -13.081711218, -13.0853027199999, -13.087776269, -13.0866724739999, -13.081107159, -13.076924633, -13.074919849, -13.0728304069999, -13.0702408439999, -13.067378498, -13.064791466, -13.063890386, -13.0655234539999, -13.067546958, -13.072247802, -13.07460964, -13.077197789, -13.0790250149999, -13.0788862229999, -13.07626885, -13.0730310949999, -13.0662988999999, 
-13.0629842169999, -13.0603526219999, -13.057493415, -13.0574487249999, -13.057815519, -13.05885851, -13.062151232, -13.064717414, -13.068940529, -13.0718932839999, -13.076121961, -13.077916644, -13.0793246409999, -13.0808555459999, -13.0819888919999, -13.082478952, -13.0831628679999, -13.081829255, -13.079092026, -13.0758186949999, -13.0717179439999, -13.0672418679999, -13.0655029369999, -13.067133289, -13.0699223479999, -13.073282812, -13.075546554, -13.0739935089999, -13.0703781929999, -13.067320445, 
-13.0656188479999, -13.063837278, -13.0621922, -13.0583289959999, -13.0573070029999, -13.0544861729999, -13.0512512299999, -13.049593463, -13.048675919, -13.0440465619999, -13.0412953639999, -13.0364692619999, -13.032902435, -13.029018256, -13.026238775, -13.024274353, -13.0220591839999, -13.0188333389999, -13.0167496659999, -13.015660715, -13.012735866, -13.011034194, -13.0114364499999, -13.013625648, -13.016626732, -13.0177085779999, -13.017709787, -13.0162548529999, -13.012855021, -13.0106374269999, 
-13.004033453, -12.99973218, -12.9958121249999, -12.990215645, -12.988572468, -12.9891567319999, -12.9909490919999, -12.9931489869999, -12.991855741, -12.989335297, -12.984011445, -12.980792299, -12.974594672, -12.9677179549999, -12.9655806109999, -12.966612677, -12.967768887, -12.9694717609999, -12.9760349589999, -12.980663034, -12.9846011159999, -12.9871396079999, -12.990951207, -12.9918985299999, -12.992911177, -12.9928578829999, -12.9916213449999, -12.99223181, -13.002816175, -13.0026383299999, 
-12.9998911829999, -13.002515334, -13.004326476, -13.00340449, -13.00125492, -13.0032234559999, -13.0086621789999, -13.014799695, -13.020766554, -13.0218667579999, -13.0185963999999, -13.0144516189999, -13.012482323, -13.0088599839999, -13.0050977489999, -13.0021693769999, -13.000319967, -12.9989103499999, -12.999969253, -13.0020458769999, -13.004701907, -13.0081739149999, -13.017191353, -13.018251885, -13.015639246, -13.012522902, -13.0101567249999, -13.009573507, -13.008384772, -13.002221445, -12.9952176739999, 
-12.992037149, -12.987380459, -12.9838487409999, -12.9745618869999, -12.968102719, -12.962137382, -12.95844284, -12.954936522, -12.952620409, -12.9450797169999, -12.940626332, -12.937977405, -12.936684832, -12.935322507, -12.933769272, -12.937821596, -12.943252213, -12.9473401709999, -12.9482922509999, -12.948718027, -12.9443805889999, -12.9409328099999, -12.936113898, -12.9321548529999, -12.927121488, -12.923169067, -12.9182198289999, -12.9153419409999, -12.912897315, -12.9122408629999, -12.9120443109999, 
-12.9106178589999, -12.9063217449999, -12.8987517569999, -12.895486519, -12.8902660609999, -12.8872089379999, -12.88363454, -12.8822667909999, -12.8799052689999, -12.877118876, -12.873001609, -12.8694927519999, -12.8643305469999, -12.861374646, -12.8588409609999, -12.8604564709999, -12.861628888, -12.8631679679999, -12.866861279, -12.872649082, -12.8783721809999, -12.879251906, -12.878373651, -12.87624725, -12.872266768, -12.870456997, -12.869950348, -12.8672306889999, -12.8635441609999, -12.8651999499999, 
-12.8659990859999, -12.866079804, -12.8667940579999, -12.8680950689999, -12.866665887, -12.8659951939999, -12.8666253979999, -12.865917636, -12.8646804699999, -12.860989574, -12.859547445, -12.86134776, -12.869383358, -12.8734630339999, -12.877471825, -12.8752656829999, -12.876022349, -12.8774051559999, -12.8757971329999, -12.8773231289999, -12.88207065, -12.883869755, -12.8781561239999, -12.8785406499999, -12.8775179719999, -12.8760642769999, -12.8733599829999, -12.8731508449999, -12.880194189, 
-12.885881632, -12.886750892, -12.883090613, -12.8812904879999, -12.8820768679999, -12.8825425359999, -12.8865367679999, -12.891688062, -12.894879556, -12.899712997, -12.905358163, -12.9117019319999, -12.915893968, -12.9138046839999, -12.9189123109999, -12.925889883, -12.9273055299999, -12.927885577, -12.924747976, -12.9221449369999, -12.9235210649999, -12.922095273, -12.9208786469999, -12.915749309, -12.9122664559999, -12.906880214, -12.9022844859999, -12.905043118, -12.905687607, -12.904284052, 
-12.905863675, -12.9061811309999, -12.9048307259999, -12.9020868639999, -12.8993976089999, -12.8936066089999, -12.888294743, -12.8851197409999, -12.8823332259999, -12.880052801, -12.876822849, -12.8737669219999, -12.871895435, -12.8668196319999, -12.865833491, -12.863980693, -12.860188325, -12.858005844, -12.855921801, -12.8510099999999, -12.846860177, -12.842645926, -12.838126979, -12.831859047, -12.8268539979999, -12.8169859779999, -12.812787814, -12.8098759709999, -12.809254056, -12.810457438, 
-12.808122728, -12.802510647, -12.8010612769999, -12.796723772, -12.8022354139999, -12.806445202, -12.808659245, -12.8095930899999, -12.806022009, -12.8021421679999, -12.7914280719999, -12.788727674, -12.7867541129999, -12.782876249, -12.7786991369999, -12.7735382999999, -12.767959482, -12.7642052179999, -12.759724305, -12.756863009, -12.75554391, -12.7544784479999, -12.7536347619999, -12.7529371749999, -12.750428957, -12.7500840219999, -12.7495483269999, -12.7496374739999, -12.7493497919999, -12.7477000149999, 
-12.747882954, -12.7476962429999, -12.7470655259999, -12.747248455, -12.749949184, -12.750150882, -12.749437332, -12.7482521169999, -12.746667379, -12.7453950129999, -12.742381138, -12.741344424, -12.7399769259999, -12.7391388639999, -12.7372982459999, -12.736483584, -12.7338327489999, -12.7326747469999, -12.7315916849999, -12.7292621829999, -12.7274779909999, -12.724670712, -12.722879966, -12.7221400439999, -12.7203937809999, -12.718587141, -12.717151745, -12.7156518709999, -12.715137119, -12.7137132779999, 
-12.7114416109999, -12.710188826, -12.7072705189999, -12.7034769359999, -12.6992459589999, -12.6978080519999, -12.694569991, -12.6922754469999, -12.6894405249999, -12.685815809, -12.684993678, -12.6842684949999, -12.6828697659999, -12.6811447279999, -12.680146824, -12.678947749, -12.677996041, -12.6734114669999, -12.6722062439999, -12.671297269, -12.6686484809999, -12.6672102039999, -12.6648101419999, -12.6613417029999, -12.660569449, -12.660228929, -12.660572191, -12.661282323, -12.6605120249999, 
-12.660558502, -12.6603284499999, -12.659565569, -12.658631407, -12.6576993209999, -12.6566562019999, -12.655655956, -12.654106821, -12.653279483, -12.6522581709999, -12.648456282, -12.647353054, -12.646383956, -12.644563887, -12.6430946739999, -12.6393091859999, -12.636430645, -12.6344115059999, -12.633406712, -12.62957006, -12.622524186, -12.621123014, -12.615892276, -12.6123611989999, -12.6054930599999, -12.6019763369999, -12.6010019239999, -12.600045053, -12.598436944, -12.596152328, -12.594390086, 
-12.5937482629999, -12.5929510019999, -12.5922272629999, -12.590981733, -12.587346706, -12.583651153, -12.5825847589999, -12.5808036769999, -12.579257566, -12.577236354, -12.5768060229999, -12.5765345909999, -12.5758989549999, -12.573632658, -12.571369913, -12.569168265, -12.5630488989999, -12.5575324379999, -12.556418783, -12.555745439, -12.552998516, -12.55182098, -12.5505235959999, -12.548119729, -12.5450256209999, -12.5432523189999, -12.5414096449999, -12.5402724929999, -12.5371127889999, -12.535212478, 
-12.534513735, -12.534110208, -12.533835228, -12.533905042, -12.532776203, -12.5298190759999, -12.525236235, -12.5219024659999, -12.514146878, -12.511698639, -12.509770514, -12.5076338329999, -12.5041011429999, -12.501606103, -12.500423876, -12.5001102189999, -12.496772367, -12.4926793609999, -12.488543159, -12.4841502969999, -12.481007464, -12.4805209289999, -12.4760487239999, -12.4732209859999, -12.4689285199999, -12.465349074, -12.463444574, -12.456536908, -12.4533038779999, -12.4509134919999, 
-12.447020958, -12.442326533, -12.436109459, -12.433250863, -12.4317410569999, -12.4273320079999, -12.4246386989999, -12.4240944749999, -12.422540691, -12.4202130609999, -12.4163837419999, -12.4143972839999, -12.413036791, -12.4097721279999, -12.4103492929999, -12.407054171, -12.4042838949999, -12.4020329039999, -12.3997927629999, -12.3981246059999, -12.3942086499999, -12.390190456, -12.387867165, -12.380604078, -12.334392389, -12.3342826869999, -12.3188256629999, -12.3179619389999, -12.316367747, 
-12.3189361089999, -12.3209886969999, -12.3220921309999, -12.321139414, -12.3222896819999, -12.323034363, -12.324559388, -12.3259115889999, -12.326900907, -12.327841014, -12.330086573, -12.329444603, -12.3305392119999, -12.3308394309999, -12.3321438769999, -12.3358817729999, -12.3387055759999, -12.339692854, -12.3379492439999, -12.3407012439999, -12.3425564239999, -12.3421321119999, -12.34311499, -12.343479921, -12.341006749, -12.3386806469999, -12.336063566, -12.332464595, -12.3314300559999, -12.328711884, 
-12.3241698379999, -12.323408658, -12.3225355559999, -12.3214542899999, -12.3208349639999, -12.3191728919999, -12.318024197, -12.3166807609999, -12.31403934, -12.31039836, -12.309256171, -12.305579668, -12.304338473, -12.3016535199999, -12.2992598959999, -12.2993930339999, -12.300709136, -12.3028698399999, -12.3029362199999, -12.3017809579999, -12.302049293, -12.298680404, -12.296057977, -12.2951356339999, -12.2970288189999, -12.2947159519999, -12.294115415, -12.29352038, -12.293243859, -12.293294924, 
-12.2908715999999, -12.2877363189999, -12.286565578, -12.285614713, -12.2858936879999, -12.284036688, -12.283583693, -12.2836567059999, -12.282865441, -12.283397894, -12.2838275459999, -12.283896125, -12.2851330299999, -12.283856412, -12.284520504, -12.2849333039999, -12.2827833559999, -12.279907846, -12.2793052469999, -12.2774446239999, -12.277867396, -12.2765549829999, -12.275445494, -12.2750199319999, -12.272547662, -12.269288373, -12.268594331, -12.2695755519999, -12.272148948, -12.270296162, 
-12.2676037359999, -12.2657906839999, -12.263862021, -12.2623016929999, -12.2610305959999, -12.259574662, -12.256895322, -12.252857009, -12.252312592, -12.252374815, -12.251832027, -12.24906971, -12.2502992999999, -12.250848512, -12.249464206, -12.250449574, -12.252271995, -12.25131857, -12.252207648, -12.254321151, -12.2548230179999, -12.256221005, -12.254785929, -12.253855587, -12.25379935, -12.2542971349999, -12.25543748, -12.2558012159999, -12.255808176, -12.252844981, -12.2548680789999, -12.254322504, 
-12.2536971739999, -12.2523081309999, -12.25211401, -12.249795611, -12.2484409649999, -12.247438286, -12.247300728, -12.246217598, -12.2432911239999, -12.2418259229999, -12.2410785419999, -12.2401038049999, -12.239769387, -12.2377586169999, -12.2371831229999, -12.236607534, -12.234197359, -12.232875535, -12.231177805, -12.2302025869999, -12.229465649, -12.227970127, -12.2263746019999, -12.225129777, -12.2230802409999, -12.221208206, -12.2186252859999, -12.216976115, -12.214426386, -12.2126950009999, 
-12.210577879, -12.209434852, -12.207704738, -12.208988399, -12.206181008, -12.2042053979999, -12.199611655, -12.19820769, -12.1970250699999, -12.19521279, -12.1940311069999, -12.1925748779999, -12.190257643, -12.188844877, -12.185803801, -12.1858566819999, -12.184679022, -12.1833402959999, -12.1789997489999, -12.1735975, -12.170599743, -12.1697532689999, -12.1660476679999, -12.162678346, -12.1587593959999, -12.1528254259999, -12.15043568, -12.1491241649999, -12.146875536, -12.146216894, -12.1443035389999, 
-12.1448133169999, -12.141337243, -12.139196849, -12.137775435, -12.132527453, -12.129799931, -12.128549981, -12.126207951, -12.1243073239999, -12.1222645669999, -12.1199331869999, -12.1172685279999, -12.114721317, -12.1117553019999, -12.1131198199999, -12.111840946, -12.109027644, -12.109055028, -12.105344059, -12.1043510629999, -12.103149012, -12.101250059, -12.1008008579999, -12.099673475, -12.0963192739999, -12.0953839809999, -12.092438089, -12.0916807359999, -12.091303493, -12.0896758319999, 
-12.0894568299999, -12.087210331, -12.084980851, -12.083244989, -12.083602695, -12.082605309, -12.082012655, -12.080509709, -12.078653836, -12.0772548349999, -12.07590481, -12.0778077279999, -12.074925828, -12.073330619, -12.072982023, -12.074385833, -12.072471736, -12.069244101, -12.069871436, -12.06968739, -12.072822952, -12.0700927919999, -12.0710842559999, -12.072673631, -12.0695783899999, -12.0701432189999, -12.0692081049999, -12.0700486149999, -12.06757142, -12.065010452, -12.064396818, -12.0652758279999, 
-12.0634822449999, -12.0624073989999, -12.0621738119999, -12.059399194, -12.059400802, -12.060277315, -12.058387202, -12.057164948, -12.0552501829999, -12.055832585, -12.0538730299999, -12.0524581299999, -12.0520481439999, -12.051164757, -12.0507696569999, -12.0486912809999, -12.047759022, -12.0469211669999, -12.045531872, -12.044030985, -12.0425528599999, -12.04062506, -12.039193155, -12.0391881269999, -12.036650094, -12.0345117739999, -12.0339967049999, -12.034404401, -12.0322483059999, -12.033267398, 
-12.0291690079999, -12.028464081, -12.028165178, -12.0284284169999, -12.027926032, -12.027463061, -12.0275741839999, -12.02618682, -12.0247607689999, -12.0228995989999, -12.0218089669999, -12.0205937859999, -12.019301054, -12.0188483739999, -12.0185249469999, -12.0174764089999, -12.0157933799999, -12.014769698, -12.0124932529999, -12.0112590919999, -12.0103826069999, -12.0092757379999, -12.0087814159999, -12.009415523, -12.009439243, -12.008393137, -12.0074952949999, -12.007418635, -12.006272072, 
-12.006314013, -12.0051736339999, -12.0048397339999, -12.0039097069999, -12.0025766119999, -12.00089087, -11.998973729, -11.9965339569999, -11.996411368, -11.997755866, -11.995956177, -11.9935573829999, -11.9926345429999, -11.9909268329999, -11.9898080139999, -11.989184787, -11.988432689, -11.987157198, -11.986966004, -11.9851999239999, -11.983513913, -11.98249496, -11.982160484, -11.9827234909999, -11.9821016399999, -11.981053619, -11.9800157619999, -11.9787085369999, -11.9797015099999, -11.97703753, 
-11.97616657, -11.973288007, -11.9737114229999, -11.9715058249999, -11.9704952179999, -11.969153341, -11.9700739339999, -11.9697173289999, -11.96942834, -11.969240108, -11.968510167, -11.968404101, -11.9682755969999, -11.9682221969999, -11.9682146229999, -11.968206702, -11.9681728189999, -11.9681672689999, -11.9681642119999, -11.9678182609999, -11.9666095209999, -11.9650016789999, -11.963123819, -11.961997733, -11.9610180169999, -11.9613125, -11.959091571, -11.958770802, -11.955747871, -11.9528053479999, 
-11.9504198989999, -11.948515243, -11.947622844, -11.9471771449999, -11.9453520329999, -11.9444836769999, -11.942723793, -11.9404719209999, -11.9410433529999, -11.9405078249999, -11.938277362, -11.937549683, -11.937051762, -11.9336998009999, -11.9338920739999, -11.931683649, -11.9313959159999, -11.9327493769999, -11.9307758799999, -11.931421429, -11.9302448469999, -11.9289968519999, -11.928365117, -11.9269143679999, -11.926076582, -11.927587113, -11.927852092, -11.927173698, -11.9262983729999, -11.9252368959999, 
-11.9241397519999, -11.92388152, -11.9226529939999, -11.9213701819999, -11.919560773, -11.9189561429999, -11.9177364339999, -11.916877364, -11.915442919, -11.915160806, -11.9159953109999, -11.913904056, -11.91407216, -11.9122745029999, -11.91130392, -11.910313892, -11.911521982, -11.909385323, -11.9087548809999, -11.9083631779999, -11.9084865089999, -11.9087131209999, -11.9083357669999, -11.905688395, -11.9062515439999, -11.9077608569999, -11.907289287, -11.9057566609999, -11.9048485529999, -11.905812264, 
-11.9050707529999, -11.90604689, -11.9067188199999, -11.9089684509999, -11.907601376, -11.908400054, -11.9079887269999, -11.9056925519999, -11.9053422709999, -11.9065094039999, -11.9063352889999, -11.9070716249999, -11.9038891369999, -11.9039008569999, -11.9041487739999, -11.904834316, -11.9033978329999, -11.9030624959999, -11.901365697, -11.9004247989999, -11.8990241219999, -11.8978122809999, -11.8990510699999, -11.897988833, -11.900276698, -11.899449766, -11.8984130539999, -11.8954958369999, -11.896147625, 
-11.8956794479999, -11.8960276199999, -11.900683509, -11.901822206, -11.9011505609999, -11.9028532499999, -11.9040486979999, -11.90211819, -11.9029960589999, -11.9032391559999, -11.900971311, -11.9009336199999, -11.902979003, -11.9022617279999, -11.904646439, -11.901331335, -11.9007590059999, -11.9035932379999, -11.9015490169999, -11.9010496389999, -11.8999256239999, -11.898530249, -11.8983065059999, -11.9006759719999, -11.900784014, -11.8968642439999, -11.895135368, -11.894509436, -11.894050004, 
-11.892665308, -11.8925274899999, -11.895000481, -11.895791142, -11.899327731, -11.9008327679999, -11.9009348789999, -11.899238133, -11.899138333, -11.898911041, -11.9004604959999, -11.9006838279999, -11.9030893669999, -11.9035550299999, -11.9042476659999, -11.9028905749999, -11.901977952, -11.903620878, -11.9026405569999, -11.9043582429999, -11.904736649, -11.904148246, -11.906093497, -11.903686341, -11.902029202, -11.903259148, -11.901010222, -11.9033872549999, -11.9025712669999, -11.9007448399999, 
-11.9003895619999, -11.901491491, -11.901792086, -11.903270361, -11.9057353149999, -11.908279959, -11.9103424409999, -11.9087761559999, -11.908036513, -11.890368265, -11.8319934789999, -11.831281443, -11.8278777319999, -11.8274570359999)))"
1100023,Ariquemes,11,RO,"list(list(c(-62.536478405, -62.527651522, -62.521979347, -62.5196718939999, -62.5160406699999, -62.513647986, -62.5120622749999, -62.508344235, -62.5077789859999, -62.5077235309999, -62.506656695, -62.5056753949999, -62.50092345, -62.498058401, -62.495593168, -62.493727325, -62.489479427, -62.4836349559999, -62.479946822, -62.477696523, -62.4749359979999, -62.471639012, -62.469495326, -62.466171791, -62.463054098, -62.4604535139999, -62.459529021, -62.458663661, -62.4560034469999, -62.453446872, 
-62.451804373, -62.4493166679999, -62.4412251809999, -62.435813611, -62.433727463, -62.432173234, -62.4297811459999, -62.428043673, -62.4260787369999, -62.425334429, -62.4242506519999, -62.422733352, -62.422616686, -62.4228659139999, -62.423174477, -62.426083464, -62.4270008799999, -62.4274819819999, -62.428113232, -62.4287825449999, -62.430421208, -62.4322756999999, -62.433388619, -62.434165439, -62.435200278, -62.436999596, -62.437840943, -62.437975157, -62.4386714429999, -62.4396169229999, -62.4417244589999, 
-62.44384009, -62.4455577189999, -62.446007015, -62.446917197, -62.447584597, -62.4481716229999, -62.4485877279999, -62.4498070659999, -62.4505920089999, -62.450891272, -62.44972633, -62.449256186, -62.450383324, -62.4507520799999, -62.450587769, -62.4495005209999, -62.449085519, -62.449390995, -62.4502578569999, -62.450922336, -62.4510580369999, -62.4505564629999, -62.452032039, -62.4521465209999, -62.4519477839999, -62.452534788, -62.452136395, -62.4526380599999, -62.4528366359999, -62.452503663, 
-62.4530374549999, -62.453031437, -62.453225545, -62.455283986, -62.455277324, -62.455149422, -62.45414338, -62.452752334, -62.4525607129999, -62.453195125, -62.4533335739999, -62.45328702, -62.4518349039999, -62.4524533329999, -62.452117779, -62.4522245479999, -62.451807594, -62.4498929539999, -62.4497288119999, -62.450093447, -62.4507500169999, -62.4515880339999, -62.4521406119999, -62.4528691359999, -62.453473623, -62.453587829, -62.4530341569999, -62.453368934, -62.4540819569999, -62.4553335269999, 
-62.4595874129999, -62.4601971489999, -62.4607792889999, -62.4618394569999, -62.463331366, -62.462781959, -62.4625074779999, -62.463114869, -62.4630912009999, -62.462278762, -62.4620331679999, -62.4616162609999, -62.4624518279999, -62.4627550869999, -62.4630840849999, -62.4641658959999, -62.464583809, -62.465976632, -62.4683643589999, -62.470037265, -62.4715822149999, -62.473534391, -62.4757475279999, -62.4771200339999, -62.4796762799999, -62.48220166, -62.4834279279999, -62.4854494339999, -62.4871718429999, 
-62.488660208, -62.4901767989999, -62.4931117669999, -62.4943105099999, -62.498479489, -62.500752236, -62.503032985, -62.5042292639999, -62.5046411819999, -62.504924196, -62.5045889319999, -62.5043057399999, -62.5043415019999, -62.5049517639999, -62.505375977, -62.505834732, -62.5064793949999, -62.5066499269999, -62.50750726, -62.5088137169999, -62.509784934, -62.5093667199999, -62.50948004, -62.509304884, -62.509475664, -62.51031616, -62.5109750219999, -62.5143700519999, -62.516365432, -62.517591516, 
-62.5195098189999, -62.5210675329999, -62.522639619, -62.5242568139999, -62.5255340529999, -62.52503483, -62.5246453049999, -62.5254816879999, -62.5251186659999, -62.5256436609999, -62.5276214959999, -62.5266214369999, -62.5272269329999, -62.528864347, -62.530370351, -62.529589952, -62.5320872459999, -62.533003403, -62.5324751269999, -62.533251393, -62.5342271499999, -62.536174716, -62.537917855, -62.538839063, -62.5400376249999, -62.5410621579999, -62.541862763, -62.5436701719999, -62.545003925, 
-62.5452621839999, -62.546447852, -62.547869846, -62.5501688639999, -62.551864623, -62.556530415, -62.5584270649999, -62.5600004939999, -62.561422219, -62.5619800309999, -62.563782743, -62.565200747, -62.567361981, -62.5717165, -62.5725321189999, -62.573568379, -62.5743967099999, -62.575615497, -62.576249112, -62.5743943149999, -62.57303481, -62.57241893, -62.572672947, -62.5734497279999, -62.575034111, -62.5762566179999, -62.5768396519999, -62.576372311, -62.574451844, -62.5706170479999, -62.5691156, 
-62.5680372089999, -62.569085059, -62.571567484, -62.574122334, -62.577368839, -62.579449661, -62.58394043, -62.585612338, -62.586390494, -62.5864493969999, -62.5850375379999, -62.583232815, -62.582002365, -62.580840852, -62.5801394819999, -62.580536412, -62.5808961059999, -62.580225782, -62.5800323879999, -62.581867033, -62.584947977, -62.585142629, -62.5851459509999, -62.586840529, -62.5875025459999, -62.589338493, -62.5907043189999, -62.591228692, -62.5920021009999, -62.5932513669999, -62.5933688699999, 
-62.59331667, -62.593032341, -62.5925595309999, -62.592531021, -62.592227055, -62.592646816, -62.593058937, -62.595120331, -62.596700015, -62.59886871, -62.6027332739999, -62.611043668, -62.61752654, -62.6222028399999, -62.6313966399999, -62.6495033699999, -62.66817153, -62.6699436239999, -62.6699813279999, -62.670774691, -62.6990090309999, -62.7012587, -62.702261311, -62.704618435, -62.7042313919999, -62.708367632, -62.717066315, -62.721170461, -62.7264457509999, -62.72858649, -62.735869837, -62.7394000039999, 
-62.741448147, -62.742785185, -62.744037025, -62.74531689, -62.746788288, -62.748649969, -62.7543649409999, -62.757120969, -62.7579892329999, -62.7611482119999, -62.764896385, -62.7671207289999, -62.768869042, -62.7681495639999, -62.769735256, -62.7717303829999, -62.7727802189999, -62.7748154479999, -62.777222427, -62.779119422, -62.7810339759999, -62.783585927, -62.7866738449999, -62.789477382, -62.79330956, -62.796624248, -62.803890854, -62.807351457, -62.8176753349999, -62.822532289, -62.828562845, 
-62.8304687529999, -62.83078727, -62.8325018509999, -62.900361674, -62.9997314179999, -63.1299270389999, -63.2092654429999, -63.21145577, -63.2135972849999, -63.214399417, -63.214311825, -63.2137081709999, -63.212064792, -63.209979754, -63.209119756, -63.2078715169999, -63.2058130889999, -63.205819785, -63.2094036779999, -63.213480021, -63.2140912149999, -63.211704888, -63.210595841, -63.210259506, -63.209818882, -63.2078729839999, -63.207344468, -63.2067030079999, -63.2054777669999, -63.2042320069999, 
-63.2017035059999, -63.1999269469999, -63.1973200319999, -63.1944990579999, -63.1936156159999, -63.192675453, -63.1920609439999, -63.1917067419999, -63.191232631, -63.1903152419999, -63.189207642, -63.186150902, -63.185255269, -63.1834520839999, -63.18281456, -63.1811761329999, -63.179325881, -63.1774557089999, -63.173342534, -63.1723720259999, -63.1723706889999, -63.174317188, -63.174450414, -63.1751756399999, -63.1753174489999, -63.173231872, -63.172760582, -63.1708401279999, -63.1670387779999, 
-63.165181343, -63.162781955, -63.16128474, -63.15922926, -63.158508788, -63.1566787249999, -63.155488017, -63.154646421, -63.153706137, -63.153538983, -63.1518141879999, -63.151064579, -63.150479412, -63.149701833, -63.148844637, -63.1470861619999, -63.1463158299999, -63.1462881619999, -63.1465113629999, -63.1470465949999, -63.1470982659999, -63.147069836, -63.146192801, -63.146138954, -63.146293798, -63.1476567219999, -63.1481527629999, -63.148205453, -63.146947582, -63.1457393759999, -63.145216375, 
-63.144980091, -63.146020972, -63.1458169639999, -63.1449253659999, -63.14290589, -63.141280087, -63.1402290999999, -63.139573888, -63.137895096, -63.135481923, -63.133253866, -63.1326250909999, -63.132046924, -63.129688596, -63.128404061, -63.12871578, -63.1296321189999, -63.1297887279999, -63.129369636, -63.12832092, -63.126626181, -63.122734991, -63.1205325059999, -63.1208738229999, -63.121921543, -63.1225488279999, -63.1220246979999, -63.120946975, -63.1180916559999, -63.1170426149999, -63.1167282649999, 
-63.114578856, -63.1142654559999, -63.1140521469999, -63.1159908029999, -63.1173540809999, -63.1175634269999, -63.1175614269999, -63.116984556, -63.1151353449999, -63.114677323, -63.1136292239999, -63.113106343, -63.123081263, -63.151922003, -63.355495455, -63.427018877, -63.432587582, -63.500478562, -63.596972868, -63.597873498, -63.5974826969999, -63.59937357, -63.599903727, -63.6015530989999, -63.6028735179999, -63.604259683, -63.604875704, -63.6050964189999, -63.6048502959999, -63.6039573049999, 
-63.6036191389999, -63.6045146169999, -63.6057880319999, -63.607732339, -63.6079850349999, -63.6061798139999, -63.605978354, -63.6062129619999, -63.6074269849999, -63.6085161679999, -63.6095685669999, -63.610457653, -63.6110681149999, -63.611257736, -63.612369667, -63.613182313, -63.6142360579999, -63.6155421229999, -63.6159543629999, -63.616845337, -63.616597947, -63.6180134519999, -63.617212008, -63.6173690629999, -63.618222321, -63.6179811759999, -63.6172027099999, -63.616172946, -63.617205455, 
-63.6178996249999, -63.617340809, -63.6173999339999, -63.6169858219999, -63.6171256459999, -63.6169030629999, -63.616037524, -63.6160340169999, -63.6170410599999, -63.6169345469999, -63.615928363, -63.6150654299999, -63.61407194, -63.6130428769999, -63.611542202, -63.6106578019999, -63.6108707929999, -63.610395745, -63.6097314189999, -63.607400678, -63.606986089, -63.605515424, -63.603926024, -63.603125146, -63.6030093859999, -63.6015088729999, -63.600952545, -63.6012373249999, -63.6007669799999, 
-63.5999253259999, -63.598066535, -63.596654551, -63.594306465, -63.593898048, -63.593095786, -63.5923156, -63.5918490169999, -63.591257142, -63.5908450379999, -63.591040113, -63.590652414, -63.5878967429999, -63.5869864499999, -63.585707573, -63.584512249, -63.5838721089999, -63.584148516, -63.584145774, -63.583015192, -63.581988942, -63.5808442439999, -63.579455712, -63.579147742, -63.5803202749999, -63.580100581, -63.5804531539999, -63.5810985509999, -63.581262856, -63.5831256, -63.583175845, 
-63.5857379489999, -63.587674654, -63.588177859, -63.588903738, -63.588930907, -63.5881264369999, -63.587507369, -63.587149984, -63.586510125, -63.585985157, -63.585422811, -63.5845420449999, -63.583151242, -63.58245251, -63.582877883, -63.583649796, -63.5834762499999, -63.582374302, -63.5818478279999, -63.580841409, -63.5805378419999, -63.5804834069999, -63.5806761329999, -63.581483013, -63.581263608, -63.580537737, -63.5804276269999, -63.5812644969999, -63.581259916, -63.580397755, -63.5802640959999, 
-63.581292183, -63.582347586, -63.583097702, -63.5832058559999, -63.581672994, -63.5813043519999, -63.580821948, -63.580036252, -63.580540931, -63.581233172, -63.5804302999999, -63.57873078, -63.5786732279999, -63.5790665959999, -63.5804050099999, -63.580623443, -63.5795399589999, -63.578116973, -63.574009915, -63.5732880389999, -63.573268296, -63.57304274, -63.571923208, -63.5712629779999, -63.5701589039999, -63.5703210149999, -63.571432546, -63.571453117, -63.570623003, -63.5704690939999, -63.571777123, 
-63.571759682, -63.571116272, -63.570796274, -63.5702131529999, -63.569008741, -63.567340403, -63.566120977, -63.5649589729999, -63.5649248479999, -63.5654193619999, -63.565182185, -63.564227338, -63.564206513, -63.564708274, -63.56592789, -63.5664853099999, -63.567170975, -63.567178601, -63.5668740819999, -63.56565442, -63.565663555, -63.567096493, -63.568233656, -63.569127566, -63.5700642909999, -63.570791867, -63.5712762619999, -63.571676176, -63.5718431219999, -63.572566507, -63.5735682039999, 
-63.5727639089999, -63.499994552, -63.499636009, -63.4990586819999, -63.4990617229999, -63.499061315, -63.4990663059999, -63.499072207, -63.4990800359999, -63.3187876099999, -63.291993576, -63.291709977, -63.2905307939999, -63.2903161459999, -63.28984128, -63.2903383949999, -63.291511024, -63.291479082, -63.291092917, -63.289401052, -63.288457927, -63.2874460439999, -63.2870357029999, -63.2867051389999, -63.286561706, -63.2867009959999, -63.2864840589999, -63.286122808, -63.285951999, -63.28648365, 
-63.286240095, -63.2869561739999, -63.2869875839999, -63.286515949, -63.2876210559999, -63.287812736, -63.289505324, -63.2892040019999, -63.28890017, -63.288899883, -63.288374929, -63.289065182, -63.289539363, -63.289426163, -63.288477234, -63.288811665, -63.2900094179999, -63.2908732549999, -63.292703202, -63.2938974069999, -63.2938724329999, -63.2932628259999, -63.293313617, -63.2937605349999, -63.2940089419999, -63.293818439, -63.29395614, -63.294706451, -63.2956750409999, -63.232518737, -63.215430631, 
-63.1844083839999, -63.163493831, -63.1371204119999, -63.090128922, -63.089886129, -63.09258992, -63.094281761, -63.095867604, -63.0972824189999, -63.0981791439999, -63.1015925399999, -63.0995088189999, -63.0759789639999, -63.073425986, -63.072698272, -63.0711514659999, -63.068644858, -63.0340961899999, -63.0326401789999, -63.0317002719999, -63.0304753859999, -63.0292237799999, -63.028090365, -63.026316535, -63.02531456, -63.0238476369999, -63.0232833369999, -63.0227052769999, -63.0225049169999, 
-63.021424272, -63.020587763, -63.017645783, -63.0160886039999, -63.015510126, -63.014143471, -63.013031371, -63.0121169019999, -63.0107519439999, -63.009059308, -63.0062583259999, -63.0054540909999, -63.0042553649999, -63.001593455, -62.999033449, -62.99720411, -62.996315624, -62.9952540159999, -62.990696945, -62.982564406, -62.9794811359999, -62.9783142529999, -62.977065613, -62.975703102, -62.9748631389999, -62.964311305, -62.9598128969999, -62.9540669819999, -62.942421544, -62.936506772, -62.9346440409999, 
-62.932034795, -62.930315026, -62.920894843, -62.903562731, -62.8946761219999, -62.8925905589999, -62.883807658, -62.8777618279999, -62.8539524329999, -62.846091417, -62.838090745, -62.836899316, -62.8352540209999, -62.8343450489999, -62.833453154, -62.832198911, -62.829502987, -62.82739615, -62.825563298, -62.8191169859999, -62.814590496, -62.8121973709999, -62.807143122, -62.8059726159999, -62.805703433, -62.804535488, -62.802088959, -62.800614646, -62.7991701579999, -62.7978734389999, -62.796867343, 
-62.7969782329999, -62.796316444, -62.794506216, -62.792310323, -62.789982618, -62.7878356029999, -62.784840877, -62.7823693449999, -62.7769752869999, -62.774428367, -62.7701600799999, -62.763681231, -62.763545727, -62.7608944209999, -62.757259448, -62.755381235, -62.7545045969999, -62.750281186, -62.748768799, -62.748172896, -62.745534249, -62.7431863809999, -62.740897955, -62.738084557, -62.73708717, -62.7364423079999, -62.735676685, -62.7352384889999, -62.734669829, -62.732813881, -62.7307306829999, 
-62.7164850929999, -62.712734871, -62.7080906299999, -62.7063936729999, -62.702227032, -62.6988418569999, -62.695086706, -62.693952674, -62.692422043, -62.6904241079999, -62.689085011, -62.684782185, -62.682777656, -62.6803100079999, -62.678313121, -62.6770891319999, -62.676756621, -62.676727084, -62.676253948, -62.67506211, -62.6703402109999, -62.6676463859999, -62.665003057, -62.6607900269999, -62.659813758, -62.6569182069999, -62.656532655, -62.6546156409999, -62.651980618, -62.644836143, -62.643195917, 
-62.639640465, -62.6338893989999, -62.629839276, -62.626647588, -62.622194497, -62.616700023, -62.61311411, -62.6101459729999, -62.60689876, -62.6031137949999, -62.599173442, -62.5977782859999, -62.597336864, -62.5954490169999, -62.593202717, -62.5853113969999, -62.5829724229999, -62.583088942, -62.5845589889999, -62.585249636, -62.5852332569999, -62.584503536, -62.5830111189999, -62.5807241379999, -62.573005768, -62.569723836, -62.567312121, -62.565337368, -62.565145161, -62.56663969, -62.5672537439999, 
-62.5659244889999, -62.560779087, -62.5581753499999, -62.5577239189999, -62.5589820169999, -62.558724716, -62.556565834, -62.5547556339999, -62.555195093, -62.5508396649999, -62.548893945, -62.5471704879999, -62.54397956, -62.5410860159999, -62.539698846, -62.5386450709999, -62.5375062099999, -62.5380355329999, -62.5374779059999, -62.536478405, -9.73221504899989, -9.73669285700002, -9.74208406899995, -9.74340262899998, -9.74761076299991, -9.75119691699998, -9.75275535699996, -9.75460447299993, -9.75535391799994, 
-9.76142438999995, -9.76238219099997, -9.76290571199995, -9.76425877099999, -9.76773950499995, -9.77206042899997, -9.77268633499998, -9.77204049799992, -9.77421145599996, -9.77434986299995, -9.77516774199994, -9.77521343399999, -9.77613941499996, -9.77627635299992, -9.77834388299993, -9.77800635499998, -9.77506008999992, -9.77445196599996, -9.77416095099995, -9.77395614099988, -9.77596177399992, -9.77884786399997, -9.78022898699994, -9.778988876, -9.78052140599997, -9.78285375599995, -9.78555966199993, 
-9.78722746199999, -9.78961213799995, -9.79478027699999, -9.80065410099998, -9.80249834399999, -9.80368114599997, -9.80461564499993, -9.80462741899993, -9.80582531799993, -9.8060858289999, -9.80666376899993, -9.80740278299988, -9.80949123199993, -9.81031599599996, -9.81128604099993, -9.81149276099998, -9.81186896899993, -9.812331306, -9.81393724699991, -9.81466164899999, -9.81583024899995, -9.81687398199998, -9.81878981599996, -9.81907077199994, -9.81800666999991, -9.81833213699993, -9.81953366199996, 
-9.82073783499994, -9.82138564299989, -9.82216740699991, -9.82444292499999, -9.82531053099992, -9.82688583199996, -9.82887544499992, -9.829880158, -9.83136044699991, -9.83262400900001, -9.83412191899996, -9.83620234699996, -9.83722925899993, -9.83793267899996, -9.83874923299993, -9.83963924599994, -9.84005182099997, -9.84068059099995, -9.84174214099994, -9.84273892099999, -9.84448589599994, -9.84539494199993, -9.84657215299999, -9.84848249999995, -9.84934160499998, -9.85034128599992, -9.85125719599994, 
-9.853244913, -9.855887681, -9.85679075999993, -9.85770946099992, -9.86140883699994, -9.86253475099993, -9.86284575999999, -9.86529224699991, -9.86652589199993, -9.86758749699993, -9.86963355299993, -9.87072723599992, -9.87168411999995, -9.87983941299998, -9.88292749299996, -9.88473901500001, -9.88608852499993, -9.88856428599997, -9.89213593699999, -9.89327115399995, -9.89436190099996, -9.89510085399999, -9.895695689, -9.89661082899996, -9.89734529599998, -9.89854012899999, -9.89971584099992, -9.90474005199996, 
-9.9061563619999, -9.90688940499998, -9.90763766099999, -9.91095003399996, -9.91276840599996, -9.91369438699993, -9.91370462799997, -9.91584459199993, -9.91671557899997, -9.91770677599991, -9.91862047699993, -9.91989266299994, -9.92187984999996, -9.92374102999994, -9.92455055399995, -9.92719636899993, -9.92946889599994, -9.93051481799997, -9.93213431599994, -9.93305541299994, -9.93442550399989, -9.93817693499995, -9.93933504899994, -9.94069411099995, -9.94196152399992, -9.94407425499993, -9.9458160899999, 
-9.94803558499996, -9.94969744099997, -9.95023218999998, -9.952862302, -9.95419794399993, -9.95593405699996, -9.95714150799994, -9.95813073899999, -9.95792163299992, -9.95966896199999, -9.96107919599996, -9.96324975599988, -9.96497337599994, -9.96611009399993, -9.96824951799994, -9.97207506599992, -9.97317830299989, -9.97458219499988, -9.97618544599993, -9.97800007699997, -9.97890206199999, -9.98098223599989, -9.98289810399996, -9.98675885099992, -9.98825679099996, -9.98876284399991, -9.99125816899996, 
-9.99352979199998, -9.99443614199992, -9.99534806099996, -9.99716643699996, -9.99793716199996, -10.0003404669999, -10.002739777, -10.0049581179999, -10.0060521029999, -10.0073466819999, -10.0095696139999, -10.012778268, -10.0158604149999, -10.0173127069999, -10.019917316, -10.021846592, -10.0234117479999, -10.0252961349999, -10.0282960019999, -10.02912757, -10.031017948, -10.030445744, -10.0322273079999, -10.0360604619999, -10.0405841269999, -10.0422437589999, -10.0431796639999, -10.047696096, -10.052161795, 
-10.052963898, -10.051970156, -10.0533334479999, -10.0531069289999, -10.05385649, -10.0527642119999, -10.051027115, -10.0501162789999, -10.0501857359999, -10.0505070839999, -10.0514826679999, -10.0521504369999, -10.0531252589999, -10.054949231, -10.0545849179999, -10.0539729929999, -10.055314396, -10.0581102299999, -10.062423716, -10.064309103, -10.0652807829999, -10.0666086369999, -10.067835733, -10.0703928419999, -10.0730912549999, -10.075680328, -10.0792890719999, -10.0815374899999, -10.084050532, 
-10.0858377229999, -10.087836066, -10.08862843, -10.089519909, -10.0908384689999, -10.093194227, -10.0944238289999, -10.0964342469999, -10.097058908, -10.0975340939999, -10.099191854, -10.100872781, -10.102170568, -10.1032401149999, -10.103926814, -10.104196187, -10.105677374, -10.106935037, -10.1087641189999, -10.110625164, -10.1141433809999, -10.1157707069999, -10.1166541149999, -10.117965161, -10.119349331, -10.1209145119999, -10.1244300189999, -10.127041709, -10.1293297669999, -10.131374003, 
-10.13530315, -10.136435165, -10.1382949679999, -10.139842651, -10.1424028779999, -10.1475816199999, -10.1521435859999, -10.1557244849999, -10.1577020689999, -10.164336178, -10.1660901069999, -10.1662873769999, -10.1673566349999, -10.1705796, -10.17396101, -10.1785698019999, -10.1822884609999, -10.1836912099999, -10.1856209329999, -10.189455202, -10.1919742769999, -10.1947470399999, -10.197843031, -10.195244342, -10.2034351769999, -10.219537595, -10.250306831, -10.284702379, -10.288206377, -10.2882822999999, 
-10.2877756189999, -10.2665691709999, -10.2692739999999, -10.267548125, -10.26755626, -10.263881786, -10.2601222579999, -10.2533637769999, -10.250461604, -10.246731277, -10.245984054, -10.2482141479999, -10.2480836599999, -10.246133355, -10.243959615, -10.240055958, -10.236836582, -10.234205026, -10.2334410469999, -10.2305321879999, -10.2288600209999, -10.228130491, -10.225478269, -10.222969561, -10.221950907, -10.2207222539999, -10.2175490659999, -10.2158874889999, -10.214967947, -10.212649087, 
-10.2099758629999, -10.2083666889999, -10.2068050599999, -10.205714201, -10.205619483, -10.205261903, -10.203997145, -10.2015998179999, -10.198880076, -10.1940048379999, -10.1911185099999, -10.1833767079999, -10.1801179239999, -10.1764183669999, -10.174827058, -10.174560178, -10.167445099, -10.1673431589999, -10.167171448, -10.167087637, -10.1670111069999, -10.1650915489999, -10.1636949759999, -10.1627044859999, -10.162200481, -10.1612445609999, -10.160923082, -10.159184734, -10.1572533839999, -10.156356399, 
-10.1552532059999, -10.1542508439999, -10.1540898419999, -10.1527093379999, -10.151397263, -10.151616185, -10.1507966189999, -10.148978467, -10.147880439, -10.1453262239999, -10.1450103809999, -10.1436892399999, -10.1427317149999, -10.143121706, -10.145692707, -10.1454658869999, -10.143474692, -10.142005658, -10.1409332, -10.1387448649999, -10.1367065139999, -10.134545737, -10.133612003, -10.1331987639999, -10.1333454779999, -10.133037751, -10.1336681019999, -10.1372480279999, -10.1389199449999, 
-10.139750363, -10.1392440489999, -10.138297887, -10.134957954, -10.133550998, -10.131593854, -10.1262251959999, -10.1236113709999, -10.120600707, -10.1178392649999, -10.115419629, -10.1146116769999, -10.113814119, -10.114973667, -10.114783562, -10.113866903, -10.112898623, -10.111909935, -10.111867198, -10.1095341009999, -10.1086538249999, -10.10775681, -10.1064077959999, -10.1057316709999, -10.10410937, -10.103716321, -10.1011515409999, -10.0998087439999, -10.09887459, -10.0974764719999, -10.0962906779999, 
-10.0941652879999, -10.0937982659999, -10.092914387, -10.0920044479999, -10.091069903, -10.0891160659999, -10.086935113, -10.0853201849999, -10.0833416639999, -10.081978261, -10.080782432, -10.0802611919999, -10.079432169, -10.077921541, -10.0764155759999, -10.0738303819999, -10.0727210719999, -10.0716305519999, -10.069966045, -10.067990593, -10.066170055, -10.0633086669999, -10.06081288, -10.0581637759999, -10.0566030579999, -10.0552497689999, -10.054523133, -10.053742249, -10.052078923, -10.0477107579999, 
-10.045004799, -10.043443387, -10.04214421, -10.041104262, -10.037902024, -10.0364756299999, -10.0361656039999, -10.0340327359999, -10.031483129, -10.0290387549999, -10.0278942589999, -10.0272454299999, -10.0248794729999, -10.0231104069999, -10.021863702, -10.0200967499999, -10.0184292129999, -10.015000734, -10.0138537889999, -10.011878173, -10.0101089309999, -10.0080273649999, -10.0054253259999, -10.0026781389999, -10.001997252, -10.0011634729999, -10.000414647, -10.0004225229999, -10.000442555, 
-10.0005194569999, -10.00051617, -10.000515752, -10.000498512, -10.0003822579999, -9.99905840099991, -9.99809428099999, -9.99573044799998, -9.99425207599996, -9.99229932099995, -9.99005346199993, -9.98916551799992, -9.98806035899996, -9.98660865700002, -9.98566095999994, -9.985115315, -9.98417112199995, -9.98267347299993, -9.98192259599998, -9.98164337399997, -9.97846609599998, -9.97601289699995, -9.97361226399992, -9.972505476, -9.97224615299995, -9.97140596499998, -9.97188285499991, -9.97140345499995, 
-9.97011023499997, -9.96908682299994, -9.96756612399997, -9.96690867499993, -9.96681450299995, -9.96624385599999, -9.96472698699998, -9.96381839099994, -9.96119072999996, -9.95876745199991, -9.95622244099993, -9.95480651500001, -9.95382585399996, -9.95208665599995, -9.949514215, -9.9486574649999, -9.94503348499999, -9.94410286199999, -9.94186053899991, -9.94043222899995, -9.93910476799989, -9.93796859899994, -9.93688641699993, -9.93602765499993, -9.93281402699996, -9.93138653199997, -9.92894847899995, 
-9.9273397659999, -9.92659867599995, -9.92659734699993, -9.92603849699996, -9.92557328099993, -9.92459811999989, -9.92321807999993, -9.92136588399998, -9.92070746999994, -9.919995328, -9.91895689299996, -9.91799022499992, -9.91720444999991, -9.91630627999994, -9.91522280499991, -9.91479138899992, -9.91321176499996, -9.91194388499995, -9.90838283999992, -9.90615545199992, -9.90442337199996, -9.90442659099996, -9.90277428199994, -9.90188014799994, -9.90093107799993, -9.89955220299988, -9.89763716499997, 
-9.89639573700002, -9.89447112399994, -9.89306478099993, -9.89169268099991, -9.88826179199998, -9.88795099899994, -9.88788701599997, -9.88752979599999, -9.88660018599999, -9.88535304199992, -9.88379252299994, -9.88252869099991, -9.88174464399997, -9.88034020599994, -9.87811276999993, -9.87662414899996, -9.873983981, -9.87301933499994, -9.87166119799992, -9.87061696599994, -9.86968348799998, -9.86784756999995, -9.86650595599997, -9.86425694699996, -9.86126795400001, -9.85991454899994, -9.8567828659999, 
-9.85205220799999, -9.85042316499994, -9.84983554999999, -9.84949579099995, -9.84847600199995, -9.84607710899997, -9.84468038499996, -9.84387432999997, -9.84371873499997, -9.84095615900001, -9.83962101099994, -9.83831632699999, -9.836896215, -9.83268424199993, -9.83179686199996, -9.83171701899993, -9.83005782499996, -9.82915724699996, -9.82822567399998, -9.82774718, -9.82644165599989, -9.82506193699995, -9.82400230299994, -9.823363263, -9.82242024999996, -9.81926600899993, -9.81811690999997, -9.81677656999992, 
-9.816094864, -9.81488631400001, -9.81386788699995, -9.80978386299999, -9.80829779099995, -9.80398725099999, -9.80333904099991, -9.79976388899995, -9.79901204499992, -9.79745507199997, -9.79576244199999, -9.794719179, -9.79315565699995, -9.7921395719999, -9.79086467199993, -9.78937705299995, -9.78809962899994, -9.78541739499997, -9.78441845799992, -9.78326169799995, -9.78164041699992, -9.78111115599992, -9.77684555999994, -9.77365946099994, -9.77099768499997, -9.76976580699992, -9.76864539999994, 
-9.76540706899996, -9.76411660799995, -9.76116073599998, -9.75992270999996, -9.75911070699992, -9.75806755499994, -9.75767057899995, -9.75684912399993, -9.7546395859999, -9.75405587499992, -9.75261572999996, -9.75114435699989, -9.74881065799998, -9.74772859999998, -9.74531007499998, -9.74357063699994, -9.74234410699998, -9.74131902199998, -9.74041129799993, -9.73676421699997, -9.73569680699994, -9.7346175019999, -9.73399000699994, -9.73224439499992, -9.7296313909999, -9.72636983699996, -9.72578210499991, 
-9.72449452099996, -9.72239983500002, -9.72164763699995, -9.72020713799996, -9.71805031499994, -9.71660356899996, -9.71596023699993, -9.71595299299995, -9.71526008499991, -9.71515477999999, -9.71498585399996, -9.760062757, -9.76180220099995, -9.78337854799994, -9.80725661799996, -9.83339177499994, -9.83315128399994, -9.83310759899997, -9.83129540499995, -9.8288011449999, -9.82749339099996, -9.82623912299992, -9.824752234, -9.82303005199997, -9.82257549999993, -9.82213947399991, -9.82138609099993, 
-9.82115267099998, -9.82148994099999, -9.82110188799995, -9.82043752699996, -9.81958503599994, -9.81740326899999, -9.81484358799994, -9.81428720899991, -9.81346581599999, -9.81353090699995, -9.81271684199992, -9.81246529099998, -9.81228495099998, -9.80964911199994, -9.80785914799998, -9.80669665699999, -9.80387549999998, -9.80032065800001, -9.79924211299995, -9.79760707399993, -9.79514680799994, -9.79524335499994, -9.79501622899997, -9.79465405899994, -9.79362508299998, -9.79280433099992, -9.79197633599998, 
-9.79250753999997, -9.79477714599991, -9.79369295299991, -9.79283548599993, -9.79028288599993, -9.78981806299993, -9.789822063, -9.78960818399997, -9.78863553099997, -9.78834338199995, -9.78840348099995, -9.78714323899995, -9.78719066699997, -9.78685212799993, -9.78567288099988, -9.78511398699991, -9.78412882799994, -9.78236725199993, -9.78132654799998, -9.77085192099999, -9.7626421699999, -9.75768736500001, -9.75487953899995, -9.75389724999994, -9.75255912999998, -9.75207713399989, -9.75217854899993, 
-9.75177213799997, -9.75089689399994, -9.75064359499994, -9.75200502999996, -9.75181307899989, -9.7509737039999, -9.74993494800001, -9.74911184299994, -9.74874872999992, -9.74860859599996, -9.74909284599997, -9.74979907099996, -9.75047277499993, -9.75017209000001, -9.74902731299997, -9.74809337899996, -9.74616553199997, -9.74594611699994, -9.74780125299995, -9.74847549999996, -9.7473476769999, -9.74734762199999, -9.74802810899998, -9.74893667199993, -9.74970686899997, -9.75016034099992, -9.75146756199999, 
-9.75105960599999, -9.74948233499996, -9.74881898499996, -9.75060959799988, -9.75042494899997, -9.75192532999994, -9.75110224399996, -9.75176615199992, -9.75180012999997, -9.75146839499997, -9.75069532499996, -9.75104865099997, -9.75093216700001, -9.75159837999998, -9.75147767399994, -9.7510037609999, -9.75160337899995, -9.75146479599994, -9.75090391699998, -9.75178339400001, -9.75175264299995, -9.75051901799993, -9.75108360799993, -9.75072599199992, -9.75153894099995, -9.75059959299994, -9.75041378699993, 
-9.75125774999995, -9.75125467499996, -9.75048995899993, -9.75098828399995, -9.75106351199996, -9.75293126099995, -9.75478640999997, -9.75728482899992, -9.75976840599998, -9.7616255679999, -9.76225084499994, -9.76364960099994, -9.77116389399995, -9.77310374599996, -9.77431660599995, -9.77939300599996, -9.78197918999998, -9.78382702399992, -9.78595985399991, -9.7877749579999, -9.788637083, -9.79021104999994, -9.79219968299999, -9.79555334599992, -9.79832225999996, -9.80045916899993, -9.80172156299993, 
-9.80212743499994, -9.80162108299997, -9.80081054799996, -9.80069855499993, -9.80136983099996, -9.8046195119999, -9.80805567099999, -9.80885247599993, -9.80916029599999, -9.80920846899989, -9.8092923159999, -9.8099020239999, -9.81060008199993, -9.81065644799997, -9.81056664899992, -9.80975394599991, -9.80963322899996, -9.81123146899995, -9.81303333099991, -9.81387594999999, -9.81410776499999, -9.813873862, -9.814454575, -9.81643608399999, -9.81900661199996, -9.82005576799999, -9.82149635099999, -9.8227576209999, 
-9.82538940399996, -9.82564853799991, -9.83184449199999, -9.83347510299991, -9.83454612299997, -9.83454281299997, -9.8356229839999, -9.83688512399997, -9.83766635299995, -9.83822514099991, -9.839388755, -9.84253091200001, -9.846096738, -9.84766022199995, -9.84590520999996, -9.84340429899989, -9.84081723499997, -9.83768226799993, -9.83387166699995, -9.83116596599999, -9.82564202199999, -9.82313615599995, -9.81935352799997, -9.81126811199996, -9.80744676899997, -9.78770654399993, -9.78411171899994, 
-9.78087744199994, -9.77874345999995, -9.77472103799993, -9.77335527999999, -9.77231846699992, -9.77096012899997, -9.76912875699997, -9.76031842899992, -9.75140263299995, -9.742988479, -9.73898827699996, -9.73599500599992, -9.73486746199997, -9.73508702899993, -9.73652880699994, -9.7354194239999, -9.73389088899991, -9.73025141299996, -9.72833747599996, -9.72417795899997, -9.72262579999997, -9.71793438799994, -9.71270127799993, -9.71087709199999, -9.70629546299998, -9.703433902, -9.70175507999992, 
-9.70076328299992, -9.69975561299995, -9.69863713699995, -9.69697106099995, -9.69467507199996, -9.69289683999991, -9.69070656399996, -9.68912491799992, -9.68626007699994, -9.68258401599998, -9.67941949299998, -9.67744363199992, -9.67208954399995, -9.66989687099989, -9.66916007499995, -9.67076937699996, -9.67181244499994, -9.68228065299993, -9.69041092699992, -9.69320807699999, -9.70122692799992, -9.70696785300001, -9.71540400799991, -9.71604735499994, -9.71782099899997, -9.72426664999993, -9.72927008499994, 
-9.73221504899989)))"
1100031,Cabixi,11,RO,"list(list(c(-60.3707537639999, -60.3713372, -60.371343415, -60.3735834279999, -60.3735853749999, -60.3766133789999, -60.377613284, -60.376108203, -60.379586368, -60.3795001239999, -60.377502771, -60.379558325, -60.3789515809999, -60.379368744, -60.379284018, -60.3792903, -60.3785735229999, -60.378898095, -60.3767327749999, -60.3748403349999, -60.3726757059999, -60.374229315, -60.372656077, -60.3718733079999, -60.3743118729999, -60.3732011199999, -60.3732010299999, -60.376450008, -60.376456474, -60.376423996, 
-60.3793123799999, -60.3810942749999, -60.378169675, -60.379345303, -60.379345303, -60.3793454699999, -60.380395783, -60.3815633239999, -60.379954907, -60.3829014, -60.383621795, -60.383615377, -60.384056193, -60.381587542, -60.383169873, -60.3849191079999, -60.385062024, -60.3840328489999, -60.385921813, -60.387919628, -60.3905873749999, -60.390589528, -60.391864663, -60.391870516, -60.395477092, -60.399921733, -60.400448812, -60.399615233, -60.400033454, -60.402472694, -60.402476704, -60.4045545399999, 
-60.404558024, -60.408500982, -60.408504124, -60.408507447, -60.411530203, -60.4162862839999, -60.417676193, -60.418452083, -60.421195528, -60.4239518059999, -60.42522804, -60.4257014629999, -60.430395146, -60.4320020879999, -60.432009421, -60.43352981, -60.438678033, -60.4406794399999, -60.443426856, -60.446927217, -60.449146121, -60.4511776909999, -60.456364588, -60.45780919, -60.461645698, -60.4655855749999, -60.465586462, -60.4669629069999, -60.4690026299999, -60.4790038649999, -60.481739798, 
-60.481743056, -60.483006227, -60.483012456, -60.483012666, -60.483665446, -60.4851418359999, -60.486419406, -60.486422056, -60.4895311949999, -60.493926141, -60.4956155759999, -60.4982573799999, -60.4982582449999, -60.499223633, -60.5012265579999, -60.501226735, -60.503308513, -60.5050930709999, -60.510948554, -60.5130063599999, -60.514196046, -60.518118763, -60.520307513, -60.5229539819999, -60.522960051, -60.5252584909999, -60.525935351, -60.5303744139999, -60.531673015, -60.531704136, -60.5303168949999, 
-60.5314011719999, -60.533205943, -60.532042318, -60.5330646359999, -60.53579179, -60.535792875, -60.5405855509999, -60.5440420499999, -60.544926828, -60.5467602279999, -60.545011961, -60.547063245, -60.547043168, -60.548378649, -60.5483787059999, -60.54875602, -60.5548421249999, -60.557043286, -60.5570352549999, -60.554848911, -60.5548516519999, -60.557404864, -60.5560400879999, -60.5587386379999, -60.562570872, -60.565206558, -60.565208862, -60.5662283599999, -60.5662342319999, -60.567235541, -60.5695977019999, 
-60.57195875, -60.5725423419999, -60.5776507579999, -60.5816753739999, -60.5816797069999, -60.584757587, -60.5847610339999, -60.587681535, -60.5887577299999, -60.592509014, -60.5925115329999, -60.5950114769999, -60.5950151169999, -60.5968753809999, -60.600313434, -60.600316348, -60.604929542, -60.605125096, -60.6069558179999, -60.609617344, -60.609624641, -60.60981937, -60.611255425, -60.61126031, -60.613871608, -60.6207572279999, -60.620758842, -60.621479484, -60.6240998809999, -60.627352265, -60.6294050689999, 
-60.629406792, -60.632199153, -60.632206507, -60.632235865, -60.634788112, -60.634294048, -60.6357071249999, -60.633404732, -60.6375688629999, -60.639681549, -60.6396273289999, -60.639627299, -60.641093597, -60.641404945, -60.6420141209999, -60.6401543819999, -60.6406002129999, -60.63882115, -60.638318523, -60.640099162, -60.6411811259999, -60.641181568, -60.6428501199999, -60.642844488, -60.645508621, -60.6455145559999, -60.6527087649999, -60.6534367309999, -60.655458221, -60.655461649, -60.6571723089999, 
-60.65717919, -60.6577927979999, -60.6607927479999, -60.664182089, -60.6644073669999, -60.6659564169999, -60.6659583969999, -60.669284119, -60.669289987, -60.670678828, -60.6695792279999, -60.669577669, -60.6727254449999, -60.672733254, -60.674271682, -60.67642908, -60.676429252, -60.6768581109999, -60.679403295, -60.6810458639999, -60.6813743859999, -60.6830422459999, -60.684726428, -60.6860378609999, -60.6867904279999, -60.6859606309999, -60.68700656, -60.689072773, -60.6886844439999, -60.68867637, 
-60.686097802, -60.6860983969999, -60.6875412149999, -60.6863760479999, -60.689593051, -60.6917939369999, -60.6917331689999, -60.69060469, -60.691936657, -60.69350907, -60.699596711, -60.697739287, -60.6977389179999, -60.700697807, -60.7007058399999, -60.702098521, -60.701072944, -60.6989059189999, -60.699042976, -60.697020723, -60.6970177119999, -60.6991157159999, -60.6991244719999, -60.698569559, -60.699680717, -60.6996817839999, -60.7016997219999, -60.701706158, -60.703482331, -60.7072643449999, 
-60.707269317, -60.709647306, -60.7096556039999, -60.709623601, -60.709623595, -60.711896126, -60.711902508, -60.713955112, -60.7133468149999, -60.714323138, -60.713657035, -60.7136567599999, -60.7167401579999, -60.716814785, -60.7170194439999, -60.7170108649999, -60.7148487789999, -60.714848617, -60.7147349199999, -60.712268975, -60.7122655329999, -60.7099904769999, -60.709989551, -60.7093460979999, -60.709316402, -60.7093161909999, -60.7093148879999, -60.7175323799999, -60.723786866, -60.735087155, 
-60.7396457219999, -60.7483434369999, -60.751392788, -60.7552015909999, -60.763064441, -60.769538492, -60.7713704959999, -60.770142032, -60.7705336989999, -60.7741495829999, -60.7799230649999, -60.7863718389999, -60.7908724539999, -60.8018424319999, -60.810066637, -60.8107360919999, -60.815148153, -60.8190602069999, -60.828589894, -60.83495672, -60.841095602, -60.844977705, -60.8541226289999, -60.8613482549999, -60.8688674039999, -60.8752308849999, -60.8798406209999, -60.883567024, -60.8871162719999, 
-60.8941505929999, -60.902533817, -60.908925556, -60.920756453, -60.922568565, -60.924763609, -60.920067644, -60.9189838819999, -60.918758024, -60.919338468, -60.918670882, -60.911639908, -60.893283661, -60.8896797749999, -60.8711172229999, -60.865150967, -60.8610279719999, -60.859984235, -60.858612782, -60.85637295, -60.8522797789999, -60.851248382, -60.84686349, -60.842945272, -60.837422344, -60.832809911, -60.826897157, -60.8255626309999, -60.8236909729999, -60.820926788, -60.813151937, -60.809453445, 
-60.8050590729999, -60.80460629, -60.801645083, -60.7994259859999, -60.79668381, -60.7928415979999, -60.791795293, -60.788407959, -60.783003663, -60.780646301, -60.775947735, -60.7706447829999, -60.768827135, -60.767841095, -60.718711377, -60.7183371959999, -60.7090350429999, -60.7075242669999, -60.7051819229999, -60.5618449039999, -60.5603465289999, -60.5251762849999, -60.524079765, -60.4103426849999, -60.37161796, -60.373479498, -60.3700943229999, -60.3660926419999, -60.3656729609999, -60.3671990669999, 
-60.3652893569999, -60.367733361, -60.3698671019999, -60.369821362, -60.371171901, -60.3703467009999, -60.370340934, -60.371230627, -60.3704002799999, -60.37026079, -60.370254611, -60.3701955029999, -60.3686087099999, -60.371030359, -60.3707537639999, -13.3636324999999, -13.3675487449999, -13.36754694, -13.366896551, -13.3668976989999, -13.3686831529999, -13.371543505, -13.3740351669999, -13.375234275, -13.379415315, -13.3820802469999, -13.3850417219999, -13.3876277359999, -13.389992101, -13.390420295, 
-13.3904203399999, -13.391248017, -13.3944407749999, -13.397077614, -13.403083815, -13.404667157, -13.40578772, -13.407843414, -13.408866231, -13.40960591, -13.4123041789999, -13.412304399, -13.4121151309999, -13.412114754, -13.413678726, -13.415322083, -13.4205545679999, -13.4211728549999, -13.4224538489999, -13.422454069, -13.4253167709999, -13.427269667, -13.4284178039999, -13.4304978429999, -13.434667232, -13.438725867, -13.4387262749999, -13.4412097809999, -13.442134917, -13.444322444, -13.4451421549999, 
-13.44773808, -13.449229196, -13.449847609, -13.454695112, -13.4557971669999, -13.455794336, -13.4541190919999, -13.454119731, -13.4545131969999, -13.4562524449999, -13.4583496, -13.459343241, -13.460752837, -13.46287619, -13.462873889, -13.4616810519999, -13.4616816869999, -13.4623999229999, -13.4623991539999, -13.4623997599999, -13.4616584489999, -13.467099306, -13.467218626, -13.470318725, -13.471750066, -13.4739000849999, -13.476014889, -13.478509621, -13.481960224, -13.4884355809999, -13.488435184, 
-13.4883529939999, -13.4880739719999, -13.4896245539999, -13.4898150909999, -13.4914432789999, -13.491495349, -13.492789788, -13.493519853, -13.4912909449999, -13.490580719, -13.48911465, -13.4891156539999, -13.490677335, -13.4920990049999, -13.4929955599999, -13.496851816, -13.4968471319999, -13.495031737, -13.4950309739999, -13.495030673, -13.494950995, -13.4947701639999, -13.494180132, -13.494182128, -13.496524849, -13.498040232, -13.499721345, -13.499691061, -13.49969005, -13.498559885, -13.498481325, 
-13.4984814179999, -13.499576192, -13.5013203609999, -13.5035966199999, -13.5058701469999, -13.5081588809999, -13.510673515, -13.5127278649999, -13.5138105739999, -13.5138098449999, -13.5135336649999, -13.5134521279999, -13.5170400629999, -13.5180896759999, -13.5237197429999, -13.5276648009999, -13.5302076909999, -13.5322987269999, -13.53367688, -13.5362492099999, -13.5373003519999, -13.53730077, -13.5368363489999, -13.5365014069999, -13.5387707769999, -13.5392712419999, -13.541265823, -13.545626453, 
-13.5472166269999, -13.548396732, -13.548396782, -13.548384225, -13.5481816729999, -13.550253973, -13.5502535609999, -13.550141349, -13.5501429539999, -13.5516382709999, -13.553360536, -13.554093495, -13.555987457, -13.5584414529999, -13.5584435979999, -13.557791557, -13.557787801, -13.559576778, -13.5608089909999, -13.560928764, -13.562315277, -13.565227738, -13.56623265, -13.5662337319999, -13.564025874, -13.5640234009999, -13.5650529549999, -13.5692038829999, -13.571547839, -13.571549413, -13.570173808, 
-13.570171805, -13.570627024, -13.572718266, -13.572720039, -13.5706920659999, -13.569080364, -13.568947388, -13.5687540659999, -13.5687535359999, -13.5671131129999, -13.566350889, -13.566348296, -13.5688501909999, -13.5692975809999, -13.5692976859999, -13.5692600799999, -13.569123336, -13.570013295, -13.5730553889999, -13.5730579419999, -13.57170365, -13.5717000829999, -13.574508852, -13.5745177909999, -13.5769180969999, -13.577970598, -13.579231817, -13.581054343, -13.5839202729999, -13.5852857339999, 
-13.585286481, -13.585099452, -13.585059739, -13.587011248, -13.5882365739999, -13.5896353629999, -13.590771403, -13.591969789, -13.594194871, -13.596538094, -13.596539051, -13.5960447159999, -13.5938616009999, -13.592823727, -13.5928214149999, -13.5991461989999, -13.601074707, -13.602439965, -13.6024422799999, -13.601358829, -13.601354471, -13.603126065, -13.6036276319999, -13.6048600059999, -13.6069554379999, -13.611481376, -13.61148716, -13.608333233, -13.608327669, -13.611362382, -13.613490092, 
-13.61349311, -13.612459295, -13.6124567299999, -13.617090174, -13.6185939629999, -13.618594083, -13.618575129, -13.618462644, -13.620683683, -13.622137511, -13.6242042179999, -13.6244242619999, -13.625227428, -13.6282726329999, -13.6290404769999, -13.632127246, -13.633496841, -13.6351315149999, -13.635130724, -13.6348781639999, -13.6348792589999, -13.6375347409999, -13.6391623479999, -13.644048864, -13.644715838, -13.6471422049999, -13.648954823, -13.6500843539999, -13.653304253, -13.6541831469999, 
-13.6577619789999, -13.657762691, -13.657136781, -13.6571350819999, -13.660269844, -13.6622198849999, -13.6627541889999, -13.6646191259999, -13.666497981, -13.6665007779999, -13.665896945, -13.6658944249999, -13.668790406, -13.670834719, -13.6708366819999, -13.670228158, -13.670226217, -13.6718485609999, -13.6723489089999, -13.672349567, -13.671721619, -13.671719428, -13.6761205, -13.6761213359999, -13.675585391, -13.675583886, -13.6759975749999, -13.67895964, -13.680414728, -13.68263451, -13.682635427, 
-13.682225201, -13.6822152719999, -13.685114105, -13.685110601, -13.684227533, -13.684231972, -13.6873397829999, -13.6878724619999, -13.687871633, -13.6873238419999, -13.6873269809999, -13.6895062319999, -13.692977845, -13.693002545, -13.6930033639999, -13.6937001239999, -13.691568519, -13.686376455, -13.6852929329999, -13.685534591, -13.686744648, -13.687316051, -13.6864650329999, -13.6842053179999, -13.67976489, -13.672727167, -13.6651065119999, -13.6612537179999, -13.6597694039999, -13.65636688, 
-13.6556086079999, -13.656414009, -13.6552746479999, -13.653735761, -13.6435935209999, -13.6369274669999, -13.6295010469999, -13.627147416, -13.6277233479999, -13.6315591009999, -13.629395765, -13.62436775, -13.6222647779999, -13.621406679, -13.6175279129999, -13.610868739, -13.6019333959999, -13.5939270539999, -13.589438056, -13.584817847, -13.5689457289999, -13.565088299, -13.557017716, -13.549045176, -13.54832604, -13.5494592469999, -13.551940638, -13.553807094, -13.5554551569999, -13.5575744889999, 
-13.5567060409999, -13.5466586799999, -13.541672724, -13.5371733699999, -13.5349457679999, -13.53356501, -13.5295593479999, -13.5237000249999, -13.521315717, -13.5160658579999, -13.5048395869999, -13.4920174379999, -13.48315808, -13.474787163, -13.473931314, -13.471506486, -13.4671961909999, -13.4600370069999, -13.4555387129999, -13.4513841469999, -13.4507597089999, -13.4466758779999, -13.441062397, -13.437198209, -13.428989125, -13.4271362809999, -13.4228840489999, -13.4166098169999, -13.4132307629999, 
-13.403360568, -13.3969420119999, -13.3931288329999, -13.3931092679999, -13.392137657, -13.3905754579999, -13.351728479, -13.343601316, -13.3247381519999, -13.3220847159999, -13.3220567069999, -13.3213930489999, -13.32137253, -13.3192970099999, -13.318590345, -13.32444299, -13.3287873149999, -13.332231952, -13.33558722, -13.339549219, -13.340947033, -13.343679783, -13.3451465109999, -13.347233082, -13.3483759759999, -13.3507031539999, -13.3522377049999, -13.354148073, -13.3552277289999, -13.357304997, 
-13.357305112, -13.3581812109999, -13.358589437, -13.3618637559999, -13.3636324999999)))"
1100049,Cacoal,11,RO,"list(list(c(-61.0007961099999, -61.0010320119999, -61.003024408, -61.006441488, -61.0072754569999, -61.0090871139999, -61.01110835, -61.017920079, -61.018467534, -61.023867136, -61.030672023, -61.0342768, -61.0375311569999, -61.044951172, -61.0468917819999, -61.049697586, -61.050822862, -61.0511828249999, -61.0525320499999, -61.056501274, -61.058975213, -61.0572801389999, -61.0591994039999, -61.059673319, -61.063417258, -61.067005061, -61.0687239799999, -61.0710815659999, -61.076202389, -61.0766569419999, 
-61.0801672609999, -61.082888778, -61.083978197, -61.085969455, -61.0898332099999, -61.09425394, -61.097839567, -61.1019461079999, -61.103915376, -61.107251751, -61.1099940499999, -61.111695186, -61.117283146, -61.117694549, -61.1159720689999, -61.116169546, -61.1185568959999, -61.120752433, -61.121723123, -61.127218164, -61.1297507349999, -61.1314223139999, -61.1325548149999, -61.135941822, -61.1381668149999, -61.139777424, -61.145360407, -61.151530037, -61.1539808219999, -61.1560055419999, -61.1565129479999, 
-61.159950975, -61.161420312, -61.1662772879999, -61.170274257, -61.172533597, -61.176196299, -61.180469712, -61.1849999739999, -61.1882622159999, -61.1901119299999, -61.190986405, -61.193393181, -61.1934690109999, -61.1957875289999, -61.196559859, -61.2039982759999, -61.205501587, -61.2087814769999, -61.2117218899999, -61.212528676, -61.212033508, -61.212779522, -61.2152481089999, -61.21727974, -61.21774779, -61.2202526529999, -61.221333124, -61.2243134109999, -61.2249502929999, -61.2261391809999, 
-61.227972714, -61.232389678, -61.234470275, -61.236694512, -61.240395537, -61.2416411359999, -61.2434690859999, -61.246062324, -61.246997948, -61.24969912, -61.249670078, -61.2512495079999, -61.2531654749999, -61.253138474, -61.2527074899999, -61.258122351, -61.2601761299999, -61.2644564569999, -61.2659485879999, -61.2655878909999, -61.267870149, -61.269280792, -61.27411884, -61.2757522769999, -61.277555865, -61.2787307469999, -61.2809734629999, -61.282220248, -61.28705561, -61.289863109, -61.2901425549999, 
-61.2885861779999, -61.2876181649999, -61.2907244569999, -61.293501297, -61.2943365199999, -61.2964496029999, -61.2981999689999, -61.299917732, -61.301778452, -61.3039809389999, -61.3070595579999, -61.307863149, -61.309526772, -61.310472226, -61.3120613529999, -61.3149976139999, -61.31533883, -61.317333997, -61.3210283389999, -61.3233085289999, -61.325231597, -61.3271959319999, -61.3294497279999, -61.331064319, -61.334338574, -61.3379436709999, -61.344142527, -61.345690106, -61.347397943, -61.3498096849999, 
-61.351573819, -61.3517817849999, -61.353903022, -61.355024765, -61.3552362209999, -61.355494702, -61.355573542, -61.355848514, -61.3561786629999, -61.3566035119999, -61.356670811, -61.356772457, -61.3566668189999, -61.3563384519999, -61.3560723099999, -61.355646984, -61.355541399, -61.3555164079999, -61.355696975, -61.3560635629999, -61.356437031, -61.3567688269999, -61.357524037, -61.357898806, -61.3583403499999, -61.3586077689999, -61.3588965819999, -61.359864216, -61.360447888, -61.360583107, 
-61.360650716, -61.360718325, -61.361025496, -61.361097492, -61.361156514, -61.361347743, -61.361904539, -61.3620929579999, -61.362881608, -61.363388384, -61.3639339229999, -61.364692878, -61.364907018, -61.364992931, -61.36520768, -61.3657855279999, -61.366661009, -61.3667939399999, -61.3671783379999, -61.3683191149999, -61.369289057, -61.3696190699999, -61.3712572789999, -61.372583764, -61.372859461, -61.3726498039999, -61.372615651, -61.372437818, -61.371394333, -61.3703696219999, -61.3695009139999, 
-61.369640096, -61.368148584, -61.3674239169999, -61.36911534, -61.3710878859999, -61.3727791429999, -61.370748425, -61.369839617, -61.365918483, -61.365470709, -61.362590636, -61.3623950719999, -61.365450284, -61.370192081, -61.3703643819999, -61.3692002019999, -61.3657837259999, -61.361099042, -61.356930366, -61.350416859, -61.3493362549999, -61.348946961, -61.352695028, -61.437400732, -61.500589537, -61.5489765199999, -61.5514511379999, -61.5516152989999, -61.553190554, -61.555232617, -61.5589522179999, 
-61.5635589649999, -61.566862489, -61.57120126, -61.5743971439999, -61.581034097, -61.580923335, -61.582144924, -61.5828699699999, -61.585667211, -61.5908350769999, -61.599069038, -61.5967304059999, -61.595672118, -61.5985910799999, -61.600947418, -61.6026730619999, -61.60213958, -61.6003391739999, -61.60079737, -61.6017264969999, -61.6049770029999, -61.6087550829999, -61.609964506, -61.611172268, -61.611577271, -61.612135337, -61.613002616, -61.614218637, -61.6148795389999, -61.615556027, -61.620112083, 
-61.6208896309999, -61.619619352, -61.6268398689999, -61.6285862669999, -61.6305358539999, -61.6349537519999, -61.6375046879999, -61.6421161939999, -61.649304913, -61.6527336219999, -61.6546981609999, -61.6575952619999, -61.663529963, -61.66658573, -61.669311632, -61.669817043, -61.6723683519999, -61.6740028359999, -61.678866773, -61.683475705, -61.682975248, -61.6869779449999, -61.685453114, -61.687895907, -61.6893112669999, -61.6920081739999, -61.6946078289999, -61.6965575229999, -61.6960904849999, 
-61.697534866, -61.702391842, -61.706446544, -61.7063396509999, -61.710729587, -61.712091059, -61.716841243, -61.717202506, -61.716586712, -61.7168949949999, -61.713644957, -61.7148406439999, -61.721414697, -61.7165000049999, -61.7173910129999, -61.71608861, -61.7271959649999, -61.7296731109999, -61.7300909509999, -61.732141465, -61.728338256, -61.728980106, -61.736376516, -61.738035328, -61.734583835, -61.7327821169999, -61.732835032, -61.735117696, -61.735252938, -61.736943834, -61.7387545979999, 
-61.741233736, -61.751857588, -61.756008016, -61.7648419419999, -61.775089517, -61.785342966, -61.7908104639999, -61.794418282, -61.795491465, -61.7957982459999, -61.792222263, -61.78866746, -61.787132347, -61.786981247, -61.7845892149999, -61.7843444039999, -61.783037353, -61.781781742, -61.7797593299999, -61.779586556, -61.778131053, -61.778449843, -61.7770072639999, -61.7755473069999, -61.772369477, -61.769364771, -61.7694329719999, -61.769557401, -61.768567402, -61.7672011349999, -61.7669018839999, 
-61.7635887069999, -61.755115232, -61.754262727, -61.7550604479999, -61.7526727009999, -61.7511177309999, -61.7514245989999, -61.749923656, -61.749504704, -61.748877227, -61.744557187, -61.743871231, -61.74267435, -61.740781746, -61.745249518, -61.7417796929999, -61.7422995199999, -61.643754647, -61.626237268, -61.590085442, -61.5722418399999, -61.553853898, -61.501205535, -61.501138113, -61.501036113, -61.500866393, -61.500802992, -61.4580740259999, -61.4267849159999, -61.4267875639999, -61.429002123, 
-61.4273103049999, -61.103194505, -61.000594914, -61.0006200659999, -61.0006201019999, -61.0007542259999, -61.0007961099999, -11.297371013, -11.398361172, -11.4027123179999, -11.4063661989999, -11.408221915, -11.4102878679999, -11.411633293, -11.414665014, -11.4179037229999, -11.419753166, -11.4202708839999, -11.4189650399999, -11.415243639, -11.4194647799999, -11.4220568859999, -11.4209135749999, -11.4222664969999, -11.4226986789999, -11.4243209379999, -11.424736014, -11.429452626, -11.433498685, 
-11.439530174, -11.4427693819999, -11.4461977609999, -11.447478042, -11.44542423, -11.4443892269999, -11.4442861189999, -11.443363182, -11.4382735749999, -11.438233376, -11.4392772169999, -11.44280741, -11.4479702269999, -11.4509867269999, -11.4524272489999, -11.453180141, -11.457899007, -11.458205386, -11.4627430139999, -11.4734830289999, -11.4757812499999, -11.477191284, -11.480948117, -11.482891118, -11.4874711599999, -11.4872779349999, -11.487595491, -11.493493954, -11.4936110959999, -11.4926011359999, 
-11.4927172459999, -11.494789115, -11.493910184, -11.494115166, -11.4981412849999, -11.4998758739999, -11.498139573, -11.5004982839999, -11.501090844, -11.5044005079999, -11.506620105, -11.5061927639999, -11.5101275699999, -11.5109581549999, -11.510330961, -11.5104256129999, -11.5082594589999, -11.509548176, -11.510278248, -11.513607931, -11.5170112869999, -11.5207320779999, -11.5220769799999, -11.5235926549999, -11.5248466559999, -11.5276545559999, -11.5289729439999, -11.529102473, -11.528488512, 
-11.525985227, -11.52428868, -11.5226125449999, -11.5224557199999, -11.5203262969999, -11.517921466, -11.51857688, -11.523264157, -11.5240695749999, -11.5251243129999, -11.526750033, -11.526317955, -11.5284561949999, -11.5279076899999, -11.5284811829999, -11.5262150409999, -11.5258396179999, -11.5253070669999, -11.5242869589999, -11.5258084559999, -11.5229735319999, -11.522029025, -11.5240733319999, -11.5185077459999, -11.516869978, -11.514071778, -11.514243479, -11.5146013979999, -11.5120178219999, 
-11.5097296029999, -11.509340165, -11.5079350099999, -11.5074175999999, -11.506013196, -11.505268577, -11.5059554879999, -11.5072664379999, -11.503000266, -11.5049359519999, -11.5046140969999, -11.503010894, -11.503137477, -11.5004158189999, -11.499665741, -11.4981961339999, -11.498938071, -11.4991018149999, -11.5004131869999, -11.502695291, -11.503698808, -11.502675874, -11.4991609999999, -11.500414197, -11.5017016059999, -11.5034034639999, -11.505740674, -11.505787735, -11.50798194, -11.5085799949999, 
-11.5084411889999, -11.506634712, -11.5075628889999, -11.5058818189999, -11.5083143999999, -11.513276885, -11.5115818679999, -11.5073825729999, -11.508455752, -11.5045098039999, -11.5056208289999, -11.5055954369999, -11.5050326939999, -11.5050016959999, -11.504685512, -11.50451831, -11.504643493, -11.5048007, -11.504848651, -11.5049714959999, -11.505118992, -11.505389604, -11.505530245, -11.505742665, -11.5060136539999, -11.5064207409999, -11.506878535, -11.5086995949999, -11.510881188, -11.511355002, 
-11.5121777679999, -11.512495912, -11.5125532539999, -11.5126736509999, -11.512947689, -11.5132294479999, -11.5138608679999, -11.51432083, -11.5147273069999, -11.5149585729999, -11.515040933, -11.515030108, -11.515024696, -11.5150192839999, -11.514659808, -11.514186874, -11.513348004, -11.5127302989999, -11.511928401, -11.5117621479999, -11.511066275, -11.510695506, -11.5100677479999, -11.5095206079999, -11.5090259309999, -11.5081049299999, -11.507571164, -11.507034575, -11.506278478, -11.506312563, 
-11.5064111269999, -11.5077906709999, -11.5087210239999, -11.5090375669999, -11.510131917, -11.510211506, -11.510251284, -11.510550015, -11.5105986779999, -11.5108520649999, -11.5123388809999, -11.5152623669999, -11.5198712469999, -11.5248342859999, -11.528804841, -11.534743288, -11.535669635, -11.5359160379999, -11.5368701679999, -11.543737719, -11.5513162849999, -11.554259921, -11.55680025, -11.558495754, -11.562852754, -11.5685183649999, -11.573826398, -11.578594809, -11.582832688, -11.5885449789999, 
-11.590682794, -11.5974781699999, -11.6051348849999, -11.607989166, -11.6113894249999, -11.6174511229999, -11.618466917, -11.619208793, -11.619107857, -11.6173361309999, -11.614929348, -11.6151422619999, -11.6154192749999, -11.610542826, -11.607570541, -11.602882503, -11.602888148, -11.5996476019999, -11.5977801739999, -11.592717362, -11.5907845109999, -11.5924237269999, -11.594474431, -11.5972838609999, -11.591479238, -11.5860549869999, -11.581231325, -11.5779729289999, -11.577200503, -11.5782970699999, 
-11.5795914509999, -11.5801324189999, -11.580894343, -11.581907628, -11.581367423, -11.5745267569999, -11.5746162959999, -11.575589105, -11.579924767, -11.582198546, -11.583835678, -11.583829057, -11.583578676, -11.578510051, -11.576067006, -11.5736337889999, -11.5697915389999, -11.56715706, -11.564131907, -11.5607553589999, -11.5613322269999, -11.5627271079999, -11.560346201, -11.5609293059999, -11.5598057989999, -11.5572896259999, -11.5568847359999, -11.552189902, -11.5543369449999, -11.5532738879999, 
-11.553075946, -11.550827711, -11.5479194419999, -11.547340019, -11.5461898459999, -11.542581839, -11.5400929069999, -11.537655784, -11.532454549, -11.53230087, -11.5352782919999, -11.536611299, -11.535040492, -11.5276322789999, -11.5234157059999, -11.5239704409999, -11.521684545, -11.515473728, -11.516390291, -11.5135377579999, -11.5115410819999, -11.5056865619999, -11.5005802689999, -11.494091548, -11.490922599, -11.4820071239999, -11.4757432389999, -11.472306784, -11.4673340089999, -11.4632183269999, 
-11.466110686, -11.461078499, -11.452919723, -11.449654031, -11.440468209, -11.4394653179999, -11.439675076, -11.437040037, -11.4335796279999, -11.4297012599999, -11.4271710129999, -11.423847376, -11.4203351849999, -11.4158500369999, -11.412971768, -11.412856746, -11.4140631849999, -11.412446724, -11.4099742099999, -11.409623749, -11.4084849129999, -11.4061039019999, -11.404532752, -11.399747754, -11.3978323209999, -11.4003616599999, -11.3994512129999, -11.400261502, -11.4024077129999, -11.4020851399999, 
-11.400810701, -11.401983387, -11.399578305, -11.398726984, -11.3967676179999, -11.3964678859999, -11.3924062209999, -11.3919412019999, -11.390840215, -11.391273989, -11.389354713, -11.387925011, -11.385298082, -11.384622146, -11.38463371, -11.3806526819999, -11.379446777, -11.378332631, -11.3769475539999, -11.3743002799999, -11.372102796, -11.3664870719999, -11.364964147, -11.3616686609999, -11.355995472, -11.3560064409999, -11.3560795169999, -11.3530567319999, -11.3511982329999, -11.3462902599999, 
-11.340448651, -11.3354633399999, -11.333475022, -11.33351274, -11.333516051, -11.333519355, -11.3335197329999, -11.3335185, -11.3335092199999, -11.301185552, -11.2485861679999, -11.15303634, -11.1143279619999, -11.1141292629999, -11.113980146, -11.1137603129999, -10.9875342139999, -10.987552794, -10.991112468, -10.9922392909999, -11.0540369609999, -11.054691447, -11.2529751989999, -11.297371013)))"
1100056,Cerejeiras,11,RO,"list(list(c(-61.499761577, -61.498092511, -61.496624598, -61.4942622579999, -61.488258499, -61.4795372779999, -61.47628627, -61.4703155809999, -61.4665091029999, -61.4614284879999, -61.459650127, -61.456815525, -61.453620465, -61.4493164049999, -61.4468731599999, -61.4425927119999, -61.440479095, -61.4343742799999, -61.433233543, -61.427010537, -61.4260928, -61.42442497, -61.4188978079999, -61.4163701779999, -61.4131530509999, -61.4093156949999, -61.4060970419999, -61.4028706089999, -61.398539373, 
-61.3970426829999, -61.3949774149999, -61.391208959, -61.3866194329999, -61.384088853, -61.3806178499999, -61.378506689, -61.374700099, -61.3717569, -61.367876161, -61.3630766459999, -61.359868391, -61.357340579, -61.35375811, -61.351231632, -61.347320017, -61.3453157289999, -61.339728288, -61.3381167489999, -61.336343809, -61.334479582, -61.3325591719999, -61.327398908, -61.323926269, -61.3208446749999, -61.316395819, -61.312819075, -61.3070402049999, -61.305062008, -61.2997631529999, -61.2986437439999, 
-61.294403094, -61.2895391609999, -61.2842820839999, -61.282061658, -61.2796798059999, -61.2767065159999, -61.271624236, -61.2687318599999, -61.2660126319999, -61.2643960079999, -61.260373704, -61.2585908389999, -61.2545955729999, -61.25309148, -61.248701516, -61.242728165, -61.2401760089999, -61.233954065, -61.2284517579999, -61.223813723, -61.2220884709999, -61.216898756, -61.210589247, -61.20739028, -61.2054278859999, -61.2028445379999, -61.197762477, -61.1912897119999, -61.187011542, -61.1836994169999, 
-61.1813721599999, -61.1741187389999, -61.171205969, -61.1653154129999, -61.1593643149999, -61.153477906, -61.14875802, -61.145173541, -61.14045299, -61.1374263239999, -61.133480506, -61.1257039209999, -61.121450356, -61.1172591969999, -61.113145025, -61.107731469, -61.1042562859999, -61.1027629649999, -61.099008139, -61.092897597, -61.086088536, -61.0801725579999, -61.0753113819999, -61.069394391, -61.064427806, -61.0591746269999, -61.056207004, -61.0515292169999, -61.046367656, -61.0433392069999, 
-61.0409796199999, -61.0382441569999, -61.036528557, -61.0318949209999, -61.022454219, -61.0174807509999, -61.013309917, -61.005229729, -61.0016214149999, -61.000507653, -60.9965104409999, -60.993178001, -60.988568018, -60.977691369, -60.9740026999999, -60.967227675, -60.9633943969999, -60.954784127, -60.951076475, -60.942280952, -60.9376137099999, -60.9327820269999, -60.925946834, -60.919254816, -60.91144648, -60.9039841869999, -60.8989845459999, -60.894029643, -60.889701764, -60.8858047479999, 
-60.884643669, -60.879260271, -60.8748662889999, -60.874254721, -60.8709567439999, -60.863975699, -60.8569500469999, -60.851362224, -60.847499985, -60.8443372779999, -60.839984085, -60.8353662679999, -60.8304737329999, -60.822892681, -60.824170799, -60.8216991289999, -60.821345285, -60.817734688, -60.810615218, -60.804010207, -60.798977716, -60.795451439, -60.792031567, -60.787836689, -60.780310299, -60.773194399, -60.7690624639999, -60.7626731279999, -60.75511334, -60.748281033, -60.7429582989999, 
-60.74128308, -60.7397626809999, -60.734319678, -60.730307941, -60.7260907479999, -60.726084176, -60.726004734, -60.7269541589999, -60.7339798, -60.735973992, -60.7377821209999, -60.7389178479999, -60.739185639, -60.7393554459999, -60.738676572, -60.7342376229999, -60.729471673, -60.727315634, -60.7269047679999, -60.725755476, -60.7255948479999, -60.7299694549999, -60.7299189339999, -60.7251196619999, -60.722269877, -60.721180381, -60.720424438, -60.7202695609999, -60.7169161589999, -60.7166511589999, 
-60.718421474, -60.7271203029999, -60.7314389319999, -60.734476304, -60.738271302, -60.741554707, -60.7420239049999, -60.743780235, -60.744993883, -60.7465269269999, -60.748253037, -60.751006159, -60.7529514, -60.754640201, -60.7575604299999, -60.760430003, -60.761834249, -60.762725742, -60.7648383789999, -60.770335932, -60.7742589229999, -60.7755308579999, -60.777213461, -60.7795039279999, -60.781384939, -60.781862493, -60.783061703, -60.789118928, -60.793236782, -60.79613296, -60.797064694, -60.7983685499999, 
-60.8021203769999, -60.8094236549999, -60.8146456899999, -60.818951644, -60.8243697149999, -60.830142485, -60.8348199119999, -60.835077336, -60.8363881859999, -60.8375315039999, -60.837845388, -60.8382765459999, -60.8384879979999, -60.838476446, -60.950552422, -60.950526732, -60.9504420179999, -60.9503683929999, -61.0003621399999, -61.038240844, -61.03849654, -61.0389636629999, -61.0392578709999, -61.039263598, -61.0450932189999, -61.049610894, -61.3214010179999, -61.353669175, -61.354907179, -61.3570370539999, 
-61.358696363, -61.359474412, -61.3598625509999, -61.3601007789999, -61.360258071, -61.360654162, -61.361423708, -61.3624818199999, -61.362992024, -61.363742445, -61.366001164, -61.3666530249999, -61.366983609, -61.367287156, -61.3671815639999, -61.365989055, -61.364746837, -61.3640841919999, -61.362737893, -61.3613330359999, -61.360825163, -61.361413681, -61.361714223, -61.361410925, -61.3643738609999, -61.3685294109999, -61.3745226979999, -61.3809999379999, -61.3832693609999, -61.391469996, -61.394054943, 
-61.3985477299999, -61.401793316, -61.407501911, -61.4088150579999, -61.411289004, -61.4114826009999, -61.4126508339999, -61.41347404, -61.415050117, -61.4167272679999, -61.417758034, -61.418985634, -61.4209765269999, -61.422231063, -61.42492537, -61.4260343399999, -61.427234966, -61.430841023, -61.4311775479999, -61.434230839, -61.4369891329999, -61.438984249, -61.442346207, -61.446175414, -61.449311592, -61.4512650389999, -61.4520934919999, -61.452874559, -61.455284278, -61.4581789009999, -61.460060589, 
-61.4607018129999, -61.4613186139999, -61.464014786, -61.465540596, -61.466365511, -61.468950671, -61.470096245, -61.473390509, -61.474168422, -61.4786869759999, -61.4826237779999, -61.486374304, -61.48659681, -61.487722925, -61.4886061379999, -61.488818927, -61.489318393, -61.490068661, -61.4908132859999, -61.491627108, -61.4927591309999, -61.4935945659999, -61.493828094, -61.495237191, -61.496006812, -61.496597271, -61.5003175219999, -61.5009600879999, -61.501732827, -61.5028139889999, -61.504456535, 
-61.505651234, -61.506510684, -61.510208478, -61.5134580719999, -61.5153382979999, -61.518040626, -61.5195752799999, -61.520398217, -61.5220913959999, -61.5225696109999, -61.523864016, -61.5247901569999, -61.526620522, -61.5283739189999, -61.5321902899999, -61.536100222, -61.538054352, -61.538957215, -61.5402067099999, -61.542010515, -61.5434542089999, -61.5446489499999, -61.5460160599999, -61.5475398439999, -61.548485758, -61.549897504, -61.550310586, -61.5511754639999, -61.551705639, -61.5521771239999, 
-61.5550121089999, -61.5569239069999, -61.5580035679999, -61.559481125, -61.560842359, -61.5655680799999, -61.566013038, -61.566778642, -61.568484659, -61.5690978719999, -61.571312838, -61.572897144, -61.573763511, -61.574203409, -61.574986361, -61.576118498, -61.57763671, -61.5800629199999, -61.581257064, -61.581874489, -61.583815268, -61.5862556379999, -61.586595803, -61.587572147, -61.5905175959999, -61.591850029, -61.593396061, -61.594542377, -61.595615935, -61.595843296, -61.596369207, -61.597308157, 
-61.598007392, -61.5987090439999, -61.5993516509999, -61.600624216, -61.603669713, -61.604508734, -61.605214487, -61.6062609109999, -61.606395325, -61.6071802869999, -61.608700309, -61.6104791189999, -61.61224792, -61.616014529, -61.617588348, -61.619788988, -61.620791124, -61.6214240789999, -61.6274022739999, -61.629013809, -61.629605827, -61.630544595, -61.631428289, -61.6321554189999, -61.632766858, -61.633959212, -61.6346472109999, -61.6380950389999, -61.6396214069999, -61.640815675, -61.6412350359999, 
-61.6417327189999, -61.641845924, -61.6423367589999, -61.642929677, -61.6454042839999, -61.6459558009999, -61.648117675, -61.6485363579999, -61.649823936, -61.6508944559999, -61.6514295079999, -61.6536129659999, -61.653984892, -61.654760683, -61.656511671, -61.658370879, -61.6591723679999, -61.659524167, -61.660812252, -61.661610606, -61.662703095, -61.663485938, -61.6648766459999, -61.665360025, -61.666209635, -61.6665102279999, -61.667257427, -61.6687385879999, -61.669589855, -61.6710367429999, 
-61.6729608639999, -61.6739216329999, -61.675062771, -61.675733795, -61.6765922579999, -61.677820516, -61.678407228, -61.680011678, -61.6813197369999, -61.682424713, -61.684148006, -61.685096777, -61.685846181, -61.6867353619999, -61.6877390549999, -61.687959468, -61.688786963, -61.690205251, -61.6911514189999, -61.6931725489999, -61.694146761, -61.6949826139999, -61.696316649, -61.698333249, -61.700030737, -61.702287839, -61.702692736, -61.7054022629999, -61.7065652989999, -61.709841567, -61.7098175409999, 
-61.710656319, -61.711734817, -61.712204557, -61.713982202, -61.7145689559999, -61.7164265389999, -61.7181690129999, -61.718650414, -61.7197052859999, -61.720934718, -61.721512605, -61.722230299, -61.725569181, -61.726818321, -61.727842599, -61.728899641, -61.7302398159999, -61.7305972789999, -61.731567272, -61.7328744639999, -61.7339530079999, -61.735486391, -61.736956187, -61.740487957, -61.7420964669999, -61.743102011, -61.746039695, -61.7465992159999, -61.7479271339999, -61.74901546, -61.75042997, 
-61.7511511909999, -61.7543510979999, -61.7557343079999, -61.7574573649999, -61.758293237, -61.760514389, -61.7609614349999, -61.765681905, -61.766209874, -61.767340492, -61.7676496879999, -61.768817584, -61.771206894, -61.772179823, -61.7739609389999, -61.776039453, -61.777090175, -61.7777073019999, -61.7798231069999, -61.7824199, -61.784009123, -61.7858436239999, -61.786123631, -61.792513786, -61.795209781, -61.796319177, -61.797871753, -61.798959124, -61.800419711, -61.8008411839999, -61.800846918, 
-61.8020092679999, -61.8069040179999, -61.807454546, -61.8089057299999, -61.810095525, -61.811649889, -61.8129538999999, -61.813346329, -61.8139045679999, -61.815155918, -61.815449555, -61.816041027, -61.816655107, -61.818082266, -61.818513586, -61.819316891, -61.81992664, -61.82181373, -61.82312777, -61.8245151739999, -61.824759335, -61.826930533, -61.8274828669999, -61.829620591, -61.8332315809999, -61.834541524, -61.836177901, -61.837857479, -61.8386576809999, -61.840207331, -61.841517973, -61.843177924, 
-61.843983587, -61.845293122, -61.846431996, -61.847398528, -61.848822579, -61.849512819, -61.8513706999999, -61.853684223, -61.85482016, -61.855594991, -61.8564531229999, -61.8592698579999, -61.8598411099999, -61.8607622579999, -61.8629270829999, -61.862907453, -61.863791026, -61.86526152, -61.8656862159999, -61.86723773, -61.8681270699999, -61.869437183, -61.870930533, -61.871736494, -61.873930273, -61.8761771239999, -61.8769564669999, -61.878058099, -61.8787319239999, -61.880202699, -61.880917642, 
-61.8810935099999, -61.8813778419999, -61.8831781859999, -61.8840099019999, -61.8875704809999, -61.888315073, -61.8896476139999, -61.88985107, -61.8894320909999, -61.8892901949999, -61.8901203069999, -61.890261302, -61.8915091749999, -61.892178545, -61.892653239, -61.8937644659999, -61.893934585, -61.8944978239999, -61.895654431, -61.897421106, -61.8981268359999, -61.900243274, -61.9013429279999, -61.9020931099999, -61.902601597, -61.9036242949999, -61.9043462889999, -61.9056005799999, -61.9061155099999, 
-61.906973559, -61.9074413749999, -61.907734002, -61.9080425149999, -61.9078462329999, -61.907488892, -61.906759976, -61.9067115259999, -61.9063975619999, -61.905375447, -61.9047887949999, -61.9047992989999, -61.905691346, -61.9059845769999, -61.9051721649999, -61.9035714519999, -61.9033473099999, -61.903514399, -61.904042081, -61.9031269769999, -61.903291783, -61.903156599, -61.904490176, -61.9047293799999, -61.9044582879999, -61.903038043, -61.9021794379999, -61.901454023, -61.9004809359999, -61.899821533, 
-61.899980348, -61.8993690509999, -61.8987490609999, -61.898123984, -61.8979316539999, -61.8973472769999, -61.897071202, -61.8967348789999, -61.89504154, -61.893453517, -61.892351089, -61.8919523849999, -61.891953118, -61.8925105319999, -61.892374863, -61.89209061, -61.8899861119999, -61.889202357, -61.88865135, -61.8881814619999, -61.8883208929999, -61.8873451009999, -61.886989355, -61.886871657, -61.886461172, -61.8845962279999, -61.883758016, -61.8833872859999, -61.8833485979999, -61.8837600699999, 
-61.884928702, -61.8852006259999, -61.8852069059999, -61.885015148, -61.8843741429999, -61.883873133, -61.88312533, -61.882167957, -61.8810442689999, -61.8807608229999, -61.8810750709999, -61.8814521659999, -61.8811815859999, -61.8806834229999, -61.879566298, -61.878271808, -61.878050123, -61.877594556, -61.876984713, -61.8773996049999, -61.8771249859999, -61.87665492, -61.876228023, -61.8749265549999, -61.8744259069999, -61.873592827, -61.871734482, -61.871126075, -61.8709017369999, -61.872039438, 
-61.8722108609999, -61.8717885989999, -61.870155943, -61.869488017, -61.8689666389999, -61.8683228439999, -61.8683150909999, -61.867627666, -61.867261288, -61.864426346, -61.86415205, -61.864371788, -61.8653208979999, -61.86616911, -61.866348508, -61.8660197679999, -61.8633231699999, -61.862431891, -61.8614257809999, -61.8581567429999, -61.856291083, -61.855324565, -61.8554294889999, -61.855035059, -61.8546863189999, -61.854040499, -61.853482678, -61.852152532, -61.851484103, -61.850821324, -61.852395434, 
-61.853566355, -61.854174734, -61.8540124639999, -61.853205852, -61.852510012, -61.851627864, -61.850738595, -61.849433467, -61.848536998, -61.8475287519999, -61.847170104, -61.8469557649999, -61.845360418, -61.844587436, -61.8438368829999, -61.842851227, -61.841847566, -61.842091395, -61.8431201769999, -61.8437585739999, -61.8435759669999, -61.8421840749999, -61.8405682119999, -61.840014979, -61.839036446, -61.838342453, -61.837601029, -61.8369873139999, -61.836705559, -61.8345098329999, -61.833398414, 
-61.8327892279999, -61.831927712, -61.831510474, -61.8310368269999, -61.8262830779999, -61.825124551, -61.824234514, -61.8242928289999, -61.8257343919999, -61.8272938539999, -61.827649887, -61.8275391369999, -61.8269537729999, -61.824647408, -61.823739653, -61.818953401, -61.818176533, -61.8176837459999, -61.816512941, -61.8161544829999, -61.8158197609999, -61.8140403549999, -61.81207073, -61.8111504089999, -61.811318402, -61.812404662, -61.8125189849999, -61.8123215919999, -61.811844271, -61.8112128309999, 
-61.810541599, -61.8098421199999, -61.8089330379999, -61.807763418, -61.8063531059999, -61.8055158829999, -61.803902914, -61.802904863, -61.801674995, -61.80112288, -61.8000370659999, -61.7992104379999, -61.798399515, -61.7976240789999, -61.796206291, -61.7955455789999, -61.794959277, -61.793761135, -61.792979537, -61.7923189539999, -61.7918708139999, -61.790933001, -61.790260081, -61.7895440569999, -61.788569695, -61.788433573, -61.7877859829999, -61.7867304639999, -61.786181453, -61.7861209829999, 
-61.7858967009999, -61.7853457639999, -61.78473152, -61.7834576709999, -61.782903089, -61.7815347439999, -61.7809878029999, -61.780566018, -61.780598215, -61.781176748, -61.781455282, -61.77942922, -61.7785957989999, -61.777649831, -61.7772013869999, -61.7766753809999, -61.775540438, -61.773894905, -61.77351668, -61.773041481, -61.7720895409999, -61.7715916729999, -61.770982964, -61.770536795, -61.7696207129999, -61.7686555019999, -61.767895113, -61.766711148, -61.766041231, -61.765022759, -61.7641880399999, 
-61.7639347089999, -61.761427507, -61.7610364259999, -61.7603749829999, -61.7593984159999, -61.7576775589999, -61.7556754809999, -61.7553193899999, -61.75245762, -61.750926889, -61.749741761, -61.748650362, -61.7474626199999, -61.7465972749999, -61.746593651, -61.7463731369999, -61.7455195999999, -61.744624739, -61.744217367, -61.7434039169999, -61.7426273419999, -61.7412581699999, -61.7400129849999, -61.738707215, -61.7378755819999, -61.737126648, -61.73551882, -61.7344546599999, -61.7332615839999, 
-61.732568762, -61.731542669, -61.730568212, -61.728676858, -61.726325555, -61.725422704, -61.724509337, -61.7230681509999, -61.722204343, -61.7217031659999, -61.7212340749999, -61.72070833, -61.7198727999999, -61.7185428469999, -61.7172888579999, -61.714146773, -61.71212524, -61.7111811019999, -61.7095463029999, -61.708248631, -61.706538262, -61.7039244229999, -61.702847205, -61.700238681, -61.6995459319999, -61.697406115, -61.696812644, -61.694567732, -61.69154045, -61.6899310719999, -61.68642847, 
-61.6822054139999, -61.6804674519999, -61.6785916819999, -61.6779008639999, -61.6763181909999, -61.6742914129999, -61.670375208, -61.669542698, -61.668332945, -61.6669279009999, -61.665593885, -61.6615584699999, -61.660096202, -61.6584300069999, -61.6549846389999, -61.6540121099999, -61.6537374599999, -61.65373589, -61.653398936, -61.65270092, -61.6520895289999, -61.651229384, -61.650623526, -61.648789471, -61.648231891, -61.647290896, -61.64673231, -61.643033523, -61.638462163, -61.6360673569999, 
-61.635846663, -61.635699473, -61.635097119, -61.633536657, -61.630772468, -61.630087808, -61.6294828059999, -61.628704983, -61.6285638959999, -61.6298431489999, -61.629369471, -61.628378776, -61.6278779899999, -61.627619898, -61.6283148849999, -61.627619497, -61.626428068, -61.625814314, -61.624429306, -61.6245930209999, -61.625371911, -61.62825387, -61.6301214729999, -61.630676543, -61.63092999, -61.6304593199999, -61.628842376, -61.628097395, -61.627590953, -61.627790124, -61.6288995319999, -61.6288966089999, 
-61.630144473, -61.631292053, -61.63295905, -61.6336477019999, -61.634294444, -61.635208408, -61.636400345, -61.637597323, -61.6406768159999, -61.6415652439999, -61.6418725429999, -61.639877864, -61.639813994, -61.6403705649999, -61.641069031, -61.6403407479999, -61.639296945, -61.6372897109999, -61.635371092, -61.6340363249999, -61.633266319, -61.6307600649999, -61.62950388, -61.627119793, -61.6251202049999, -61.623986975, -61.6237356339999, -61.623286993, -61.6214896719999, -61.6205956009999, -61.6200244059999, 
-61.6184882539999, -61.6174236119999, -61.6159420509999, -61.613117165, -61.6122330439999, -61.611624986, -61.6105364169999, -61.6090085279999, -61.6077043919999, -61.600404224, -61.598810825, -61.598095574, -61.597376318, -61.593478284, -61.5925365509999, -61.5911152029999, -61.5902252699999, -61.589871015, -61.589169075, -61.5878446279999, -61.587009407, -61.5854219229999, -61.582592535, -61.5781479899999, -61.57565213, -61.5750960559999, -61.5745950139999, -61.5731169339999, -61.5722765089999, 
-61.570736408, -61.569822771, -61.568378041, -61.567507357, -61.5670482259999, -61.565421866, -61.5645379139999, -61.562622741, -61.5615964119999, -61.560422759, -61.559588385, -61.5569334179999, -61.556799923, -61.5503983249999, -61.548806057, -61.547027007, -61.545769712, -61.5452625949999, -61.544812523, -61.5445841009999, -61.5432479869999, -61.543048611, -61.542371146, -61.5398150179999, -61.5395819729999, -61.5377116, -61.536270222, -61.5317736229999, -61.5291857589999, -61.527962375, -61.525963695, 
-61.524300644, -61.5226667769999, -61.521052439, -61.518693251, -61.5137147149999, -61.507126864, -61.504893083, -61.5042933939999, -61.5047996179999, -61.5054719069999, -61.505179544, -61.5046305359999, -61.5032599109999, -61.503039094, -61.503157609, -61.501595658, -61.501489984, -61.500996261, -61.499761577, -13.005250503, -13.005621236, -13.0055377159999, -13.004572069, -13.008844922, -13.011391609, -13.0109275099999, -13.009573168, -13.0124078869999, -13.01243716, -13.0120591049999, -13.011456391, 
-13.0122390809999, -13.010764055, -13.01204555, -13.0113869449999, -13.0113295639999, -13.0119247859999, -13.013589002, -13.0152289759999, -13.015964644, -13.0194012479999, -13.021155033, -13.022367001, -13.0270147489999, -13.027331744, -13.0282304319999, -13.032018098, -13.0330640059999, -13.0339048709999, -13.036368637, -13.038072302, -13.038812293, -13.0408935629999, -13.0422765109999, -13.044506501, -13.0442561489999, -13.045153978, -13.0442407949999, -13.0419888129999, -13.041138142, -13.0420169229999, 
-13.044713589, -13.0472225739999, -13.0487782399999, -13.047659308, -13.0499969269999, -13.0487780459999, -13.050918539, -13.0549270139999, -13.057663865, -13.05936128, -13.0564709499999, -13.0573462369999, -13.0556873389999, -13.0607479949999, -13.0614951659999, -13.0654081989999, -13.0662028279999, -13.0686210909999, -13.068049861, -13.066705438, -13.0661346439999, -13.0675059809999, -13.0673751529999, -13.0713725639999, -13.0685945019999, -13.0705812939999, -13.073438196, -13.0736717679999, -13.0758210819999, 
-13.077962651, -13.081976889, -13.081364618, -13.0804558419999, -13.085314855, -13.0860500179999, -13.085900088, -13.087642478, -13.0898875869999, -13.090259505, -13.0903946519999, -13.0878512519999, -13.0877326259999, -13.087660469, -13.089701159, -13.093714663, -13.101732785, -13.10529501, -13.1084849439999, -13.109921665, -13.111182237, -13.111872169, -13.112350802, -13.1110331369999, -13.111050926, -13.112798435, -13.113488669, -13.11709325, -13.1177420339999, -13.11784159, -13.118828182, -13.1191335009999, 
-13.115853623, -13.1155535309999, -13.1198410379999, -13.121192095, -13.120533709, -13.1176921169999, -13.1181644879999, -13.1204601979999, -13.1220222099999, -13.1216701229999, -13.122236377, -13.1237075749999, -13.123294949, -13.122440267, -13.122433757, -13.1234467139999, -13.1233018649999, -13.1231881939999, -13.1225451339999, -13.122141008, -13.119771733, -13.116478495, -13.115447723, -13.113119322, -13.1080125119999, -13.105049112, -13.1052021559999, -13.107968484, -13.1114710849999, -13.1157964419999, 
-13.124210702, -13.128275984, -13.133055523, -13.135476114, -13.13507891, -13.1339195309999, -13.1291457389999, -13.1249344949999, -13.121756563, -13.120880546, -13.1226675399999, -13.1212055619999, -13.1173076499999, -13.1130502689999, -13.11364809, -13.1133778289999, -13.1119860659999, -13.111571452, -13.112054637, -13.111264982, -13.1101765669999, -13.108658182, -13.103514633, -13.1016643589999, -13.096808564, -13.098544109, -13.1022190749999, -13.102555666, -13.1034631859999, -13.102647154, -13.107384028, 
-13.1115636409999, -13.1189189869999, -13.119100744, -13.1209453459999, -13.1204795399999, -13.118765019, -13.122310193, -13.1230053699999, -13.123678857, -13.1288007959999, -13.1258271739999, -13.1311242649999, -13.130837963, -13.1312303379999, -13.126493454, -13.124589308, -13.1223528149999, -13.1246502089999, -13.126133318, -13.12995251, -13.133416463, -13.1403685119999, -13.1406004479999, -13.143665767, -13.1494639549999, -13.179271862, -13.1836717969999, -13.186335647, -13.1902171579999, -13.204970943, 
-13.2142800229999, -13.218344618, -13.2281337319999, -13.2341037859999, -13.2385260249999, -13.239793523, -13.2433369259999, -13.24842292, -13.257758568, -13.263146171, -13.271631777, -13.278178034, -13.28151245, -13.284790513, -13.2998514619999, -13.3083865389999, -13.312254542, -13.3156342719999, -13.317577642, -13.3190180229999, -13.321199043, -13.322498554, -13.3249226799999, -13.3251600239999, -13.3255295769999, -13.3253106929999, -13.3243261139999, -13.3227812929999, -13.321114124, -13.320642336, 
-13.320643517, -13.3210316199999, -13.3221522119999, -13.3231067369999, -13.324149378, -13.326068716, -13.329138807, -13.3304459269999, -13.33003313, -13.330008248, -13.3277171509999, -13.326600127, -13.3266395469999, -13.3259717649999, -13.32537973, -13.3261927359999, -13.3265082259999, -13.3264448149999, -13.3268753899999, -13.3269821079999, -13.3259791859999, -13.3278339, -13.3288947, -13.32980355, -13.330518662, -13.3297522709999, -13.329450793, -13.330224037, -13.3314732779999, -13.331961543, 
-13.3293103829999, -13.329048755, -13.325760997, -13.3263741289999, -13.315595004, -13.2799031389999, -13.2480335489999, -13.245144796, -13.2452317839999, -13.2452319649999, -13.3167076509999, -13.3609131879999, -13.36174349, -13.3617832339999, -13.361814033, -13.363522066, -13.3637056039999, -13.3624164679999, -13.359148335, -13.3544707679999, -13.349422048, -13.3448816419999, -13.3436976119999, -13.342918771, -13.3409442229999, -13.3387696039999, -13.3328470429999, -13.32096118, -13.316364648, 
-13.3077410919999, -13.303424676, -13.2969498349999, -13.2945096569999, -13.288687974, -13.2666175149999, -13.2591891839999, -13.250925052, -13.244529638, -13.239827125, -13.237100636, -13.235039033, -13.233161524, -13.228372749, -13.228861356, -13.23038976, -13.2315478309999, -13.2335666179999, -13.2341026539999, -13.2353252239999, -13.2352456029999, -13.234492092, -13.2339475269999, -13.2324098149999, -13.232549666, -13.2333136959999, -13.233548554, -13.233749072, -13.2341685499999, -13.2349709429999, 
-13.236394807, -13.2378103669999, -13.2390201849999, -13.2404080379999, -13.241015984, -13.2427360609999, -13.243837101, -13.245461189, -13.251222275, -13.252539357, -13.2580256229999, -13.261042572, -13.262405804, -13.263664831, -13.2636597379999, -13.2631211929999, -13.26251824, -13.262077979, -13.261959341, -13.2608219449999, -13.2600544039999, -13.259129657, -13.258635611, -13.2586096329999, -13.2577841189999, -13.2571764699999, -13.256471663, -13.256692586, -13.256991199, -13.256403882, -13.2564539239999, 
-13.2573451059999, -13.2588603989999, -13.2622405079999, -13.265540356, -13.268502605, -13.2700815789999, -13.2711750879999, -13.272104159, -13.2727532259999, -13.2739379569999, -13.275959347, -13.2770116649999, -13.2793732589999, -13.280628498, -13.2838066189999, -13.284900878, -13.2853653039999, -13.2836142189999, -13.2861239989999, -13.2866306179999, -13.2878556539999, -13.288603216, -13.2882139609999, -13.2882695389999, -13.2874948679999, -13.2857529159999, -13.285170444, -13.2843324659999, -13.283533174, 
-13.283304556, -13.281900562, -13.281213846, -13.2806772109999, -13.2805020669999, -13.2805470619999, -13.280819427, -13.2807774189999, -13.2811918239999, -13.280970306, -13.281235282, -13.2813349059999, -13.2829025989999, -13.283606383, -13.283785618, -13.283153475, -13.2829283909999, -13.283330178, -13.2847873389999, -13.2867886829999, -13.2887399519999, -13.2894884869999, -13.2898046569999, -13.29070953, -13.289245129, -13.2891074909999, -13.2892056589999, -13.289570924, -13.2922459209999, -13.292332346, 
-13.2929599769999, -13.2934253249999, -13.2937848, -13.2958539039999, -13.296057337, -13.295977938, -13.29560621, -13.295546312, -13.296024061, -13.2972150329999, -13.3000122659999, -13.300877365, -13.3008680719999, -13.299743444, -13.3001268209999, -13.300020795, -13.300534471, -13.302657903, -13.303013034, -13.301431909, -13.3011513279999, -13.3011715339999, -13.300795316, -13.300635348, -13.2999546549999, -13.2979295979999, -13.2971312859999, -13.296953509, -13.296931037, -13.2974137889999, -13.297139602, 
-13.296796726, -13.2959227159999, -13.2954685469999, -13.2945601449999, -13.2934783829999, -13.2937887989999, -13.295163064, -13.297174761, -13.297806857, -13.298317185, -13.2983860439999, -13.2981071729999, -13.297301691, -13.2968421489999, -13.2962308969999, -13.295899869, -13.2952270309999, -13.2951246869999, -13.2946321209999, -13.29440832, -13.293913474, -13.292598459, -13.2930130199999, -13.293935138, -13.294702785, -13.2970185119999, -13.299087441, -13.300130034, -13.3005149819999, -13.3003990529999, 
-13.300085796, -13.300037456, -13.299084328, -13.297898144, -13.2976465149999, -13.2976897319999, -13.298501535, -13.2970037219999, -13.29642462, -13.295792194, -13.296423541, -13.297243381, -13.2972436339999, -13.2978292439999, -13.2978771269999, -13.297649008, -13.297848886, -13.297152753, -13.296320543, -13.2943969049999, -13.294208587, -13.2942158429999, -13.2946001679999, -13.294394487, -13.293490428, -13.289633759, -13.288424136, -13.286465797, -13.286050307, -13.2860147679999, -13.284885018, 
-13.283876677, -13.2829356249999, -13.281206326, -13.280120615, -13.2791724149999, -13.2779066709999, -13.2779559739999, -13.2769081019999, -13.2762405579999, -13.2764661869999, -13.275511617, -13.274787724, -13.273965888, -13.272891294, -13.2719350199999, -13.2717118349999, -13.270981487, -13.2707560979999, -13.2703080379999, -13.2701265209999, -13.2696768439999, -13.26926387, -13.2686740039999, -13.26805392, -13.2675875209999, -13.266962544, -13.2651926139999, -13.2647795439999, -13.261214319, 
-13.260794153, -13.26120463, -13.26299119, -13.2637020599999, -13.2643885329999, -13.2647281659999, -13.264610394, -13.2647959399999, -13.2644347189999, -13.2645226929999, -13.2647976269999, -13.2656964639999, -13.2661501599999, -13.2660685819999, -13.2664069899999, -13.266520078, -13.2664687999999, -13.2656534309999, -13.265393131, -13.2641311859999, -13.2644583929999, -13.264260459, -13.262492789, -13.261538178, -13.260679654, -13.261139043, -13.262360486, -13.2623665369999, -13.261731256, -13.262549279, 
-13.265626956, -13.2675471179999, -13.2752606809999, -13.2761911769999, -13.28031396, -13.2809443539999, -13.281682023, -13.2826310019999, -13.284532945, -13.2871222469999, -13.2877490029999, -13.2879810359999, -13.288619105, -13.2894541439999, -13.290789988, -13.292330503, -13.2933785919999, -13.2935562879999, -13.293464768, -13.2932420219999, -13.2924294969999, -13.295010885, -13.2967771879999, -13.2973933479999, -13.2972392739999, -13.298612093, -13.2987400119999, -13.298918224, -13.2991428289999, 
-13.2985985779999, -13.2982322249999, -13.2978205269999, -13.298065772, -13.299137139, -13.2992300859999, -13.298743046, -13.297470201, -13.2964738439999, -13.29601581, -13.2956024859999, -13.295432288, -13.2953646009999, -13.295196383, -13.2952534729999, -13.295521729, -13.2951137229999, -13.2954322069999, -13.296106993, -13.295747274, -13.2957025589999, -13.2959366899999, -13.2961134759999, -13.2975637979999, -13.298783165, -13.299874229, -13.3005588069999, -13.3011187669999, -13.301097393, -13.3005096629999, 
-13.299331322, -13.298518811, -13.298154293, -13.2972527139999, -13.29678933, -13.295113566, -13.2947581239999, -13.2928503889999, -13.289274122, -13.288682757, -13.2886877279999, -13.289269162, -13.2926785109999, -13.292982788, -13.2931714779999, -13.2929877429999, -13.292353768, -13.292351792, -13.292083555, -13.291854533, -13.2918069789999, -13.291584327, -13.2917234169999, -13.292045995, -13.292440734, -13.2928932759999, -13.294752205, -13.2952364669999, -13.2955512939999, -13.2954875839999, 
-13.294716448, -13.293843942, -13.2931753089999, -13.2928609529999, -13.2926282009999, -13.292905586, -13.293307939, -13.293177504, -13.2914507099999, -13.287599577, -13.2872369259999, -13.286820052, -13.2856572129999, -13.284882113, -13.283562146, -13.282482224, -13.2809807809999, -13.279036759, -13.278305582, -13.2771706729999, -13.275486965, -13.274052486, -13.2737224959999, -13.273362587, -13.2733637339999, -13.2736624109999, -13.273683521, -13.27427046, -13.2753765869999, -13.2759017189999, 
-13.275950403, -13.275676648, -13.2755260289999, -13.274758833, -13.2720974649999, -13.270832683, -13.2703776479999, -13.269881165, -13.26864768, -13.2683338039999, -13.2687855569999, -13.2688304829999, -13.268273612, -13.2674279429999, -13.2667924759999, -13.266424914, -13.266061863, -13.2659262539999, -13.2648752359999, -13.2640676609999, -13.262670803, -13.2611233529999, -13.2600887939999, -13.2576316309999, -13.256555102, -13.2558267439999, -13.2557305579999, -13.2561844219999, -13.2562766039999, 
-13.2560483719999, -13.254875747, -13.2532845609999, -13.252057577, -13.25147255, -13.251242581, -13.2510056049999, -13.2489290559999, -13.248927667, -13.249544729, -13.249566195, -13.249020691, -13.2497275629999, -13.2493893589999, -13.2488426319999, -13.2478405819999, -13.2470730829999, -13.246847879, -13.246259915, -13.24634577, -13.2475743719999, -13.248115759, -13.2489996639999, -13.2493701349999, -13.2489329119999, -13.24843462, -13.2480743569999, -13.248298182, -13.248071109, -13.247598485, 
-13.24711659, -13.246395952, -13.246620976, -13.246209336, -13.245491249, -13.2449862589999, -13.244348935, -13.2442145999999, -13.244498302, -13.2451522969999, -13.2449464949999, -13.2444891159999, -13.244129959, -13.2427749309999, -13.241231792, -13.241498883, -13.2426363559999, -13.2427718569999, -13.2425966969999, -13.2414983699999, -13.239597224, -13.2386963399999, -13.2379689049999, -13.2376489709999, -13.2376933909999, -13.239039934, -13.238687768, -13.236875878, -13.236787465, -13.2365568889999, 
-13.235556328, -13.235111976, -13.2347034159999, -13.2342054399999, -13.234244553, -13.2341143769999, -13.2337484829999, -13.2325931179999, -13.2308949039999, -13.2276722459999, -13.2272173599999, -13.226040088, -13.225148582, -13.2243199849999, -13.223781947, -13.222806015, -13.222100545, -13.221867679, -13.2226024069999, -13.2220138289999, -13.220869459, -13.217932416, -13.2176118949999, -13.2182400569999, -13.2198071869999, -13.2209162749999, -13.2213804269999, -13.2219638709999, -13.2220982739999, 
-13.221467439, -13.2208325849999, -13.2196561819999, -13.217485806, -13.2164400249999, -13.2155251999999, -13.2150721259999, -13.2143876979999, -13.214535253, -13.215892223, -13.216884612, -13.2172021809999, -13.217024198, -13.21526492, -13.2149907979999, -13.214927404, -13.2155199839999, -13.215421586, -13.215102008, -13.21384305, -13.211678442, -13.2109073609999, -13.2096311019999, -13.208500259, -13.207959049, -13.206465028, -13.2054689829999, -13.205457996, -13.2062872369999, -13.206549422, -13.206455407, 
-13.20573904, -13.2040920539999, -13.20305887, -13.202335175, -13.2023348289999, -13.2027840339999, -13.204193199, -13.204735514, -13.2062815529999, -13.2068240109999, -13.2064126659999, -13.2056400259999, -13.2039640639999, -13.20251131, -13.2017260659999, -13.2009773799999, -13.2006545049999, -13.2008328479999, -13.2013372129999, -13.2051832879999, -13.205509788, -13.2050514229999, -13.2019226589999, -13.201421676, -13.20128749, -13.2019257759999, -13.202273106, -13.2019235659999, -13.200509364, 
-13.199294176, -13.198799499, -13.1984280909999, -13.198163751, -13.1983908079999, -13.1990188569999, -13.1993985629999, -13.1995156879999, -13.199335913, -13.19878692, -13.1989287529999, -13.1984208259999, -13.1986132259999, -13.198569699, -13.198882189, -13.1984649839999, -13.197521822, -13.197475488, -13.1980206089999, -13.199550558, -13.1993813569999, -13.1989696679999, -13.199023753, -13.199405009, -13.200108014, -13.2002371739999, -13.1994246179999, -13.199827691, -13.199921001, -13.199467211, 
-13.198700386, -13.198334446, -13.198519559, -13.1980609989999, -13.1973797379999, -13.1969741379999, -13.197063355, -13.197512156, -13.1992170259999, -13.199510738, -13.198828539, -13.1990144449999, -13.199420691, -13.199823121, -13.2003973449999, -13.2012602959999, -13.203546323, -13.2042141869999, -13.2038114919999, -13.203090806, -13.2027749619999, -13.2024953819999, -13.202993158, -13.205029646, -13.2054401899999, -13.2057198599999, -13.205447084, -13.2028217349999, -13.202403963, -13.202359812, 
-13.2027734389999, -13.20248793, -13.2011304279999, -13.2009614199999, -13.2014707639999, -13.202273109, -13.2028983989999, -13.2041938899999, -13.206061366, -13.206798439, -13.207436511, -13.207569818, -13.209107405, -13.2092005839999, -13.208605225, -13.2086512, -13.208273501, -13.2098895, -13.21059306, -13.210054237, -13.209329069, -13.208778955, -13.208786642, -13.2081025609999, -13.207102619, -13.2062493349999, -13.2065299299999, -13.2075957189999, -13.2082346299999, -13.208651224, -13.20687414, 
-13.206832937, -13.2073293939999, -13.2072438389999, -13.2064682239999, -13.2071497279999, -13.208587136, -13.2090027359999, -13.20873663, -13.209540412, -13.209127236, -13.2082356099999, -13.207406394, -13.2072349979999, -13.207410477, -13.208338103, -13.208641628, -13.208810073, -13.207586596, -13.2052320579999, -13.2034126939999, -13.201330277, -13.2010106029999, -13.2012378399999, -13.2010631979999, -13.199713786, -13.1984549639999, -13.1975725729999, -13.1943419169999, -13.1940317219999, -13.1940766629999, 
-13.1937536369999, -13.193069156, -13.192657202, -13.192077481, -13.1904019159999, -13.1897053, -13.189055797, -13.188073236, -13.18752888, -13.1856212169999, -13.1842656, -13.182989338, -13.182899267, -13.1823155659999, -13.1807710489999, -13.1797256439999, -13.175461436, -13.17423775, -13.1735159479999, -13.170877673, -13.1697013049999, -13.1685607789999, -13.167387964, -13.1660251069999, -13.165570504, -13.1654370409999, -13.164843756, -13.163704937, -13.1638398399999, -13.1633900349999, -13.161624447, 
-13.1593965179999, -13.155956578, -13.15370978, -13.1517771279999, -13.1511200639999, -13.147072145, -13.145328741, -13.142210183, -13.1349455989999, -13.131082921, -13.1245824119999, -13.121816452, -13.120540072, -13.1160036119999, -13.1137900609999, -13.112517109, -13.111481746, -13.108482592, -13.1038754319999, -13.1014110049999, -13.1001474919999, -13.098828467, -13.0945279929999, -13.093885616, -13.0931184969999, -13.0930259319999, -13.091904956, -13.091358714, -13.089681585, -13.0891394199999, 
-13.088462277, -13.087641193, -13.086777245, -13.085730307, -13.084882668, -13.0839232589999, -13.08161708, -13.080840961, -13.078784346, -13.0767716579999, -13.0737917499999, -13.0720549329999, -13.0709547069999, -13.0704649919999, -13.068387616, -13.067347398, -13.06621841, -13.062926802, -13.062591513, -13.0617672739999, -13.05959562, -13.058416275, -13.057831715, -13.057233217, -13.057054455, -13.0556498189999, -13.055238344, -13.054967335, -13.0541647489999, -13.0532785559999, -13.0527460649999, 
-13.051472646, -13.050021903, -13.048932925, -13.0477488249999, -13.0468414289999, -13.04587528, -13.044484439, -13.043668086, -13.0429410089999, -13.042441412, -13.042485128, -13.042807754, -13.0430717509999, -13.0432068609999, -13.043029648, -13.040247061, -13.0388487279999, -13.0371217169999, -13.036616231, -13.0354355309999, -13.0348629559999, -13.033628132, -13.031735749, -13.030589176, -13.027215193, -13.024834986, -13.0241543459999, -13.023875776, -13.0239121279999, -13.0236392449999, -13.023181569, 
-13.0237268079999, -13.024835451, -13.0256316149999, -13.0255339969999, -13.0247230379999, -13.0249459059999, -13.025656782, -13.0264407179999, -13.0271409889999, -13.028518988, -13.029110486, -13.029880711, -13.030098754, -13.0300528989999, -13.0298214399999, -13.027958345, -13.0281173619999, -13.0286952449999, -13.029288343, -13.0297146299999, -13.030525847, -13.0318328939999, -13.0322270659999, -13.0336301039999, -13.03427678, -13.0351498229999, -13.036617855, -13.0379087469999, -13.0384033839999, 
-13.039407194, -13.039475711, -13.0384690949999, -13.03905228, -13.039101011, -13.0387074849999, -13.038097977, -13.036779048, -13.0358290689999, -13.0331595849999, -13.030001232, -13.0239783659999, -13.0212359589999, -13.0200709919999, -13.01845271, -13.0174763659999, -13.015129366, -13.0138705529999, -13.011852265, -13.010588512, -13.0096585589999, -13.005885005, -13.0050126039999, -13.004329819, -13.005250503)))"
1100064,Colorado Do Oeste,11,RO,"list(list(c(-60.5047480799999, -60.504754465, -60.500593967, -60.4990042259999, -60.498013008, -60.4925376799999, -60.4865315759999, -60.481799343, -60.4816956879999, -60.477320317, -60.473256039, -60.472059979, -60.471683694, -60.4730654979999, -60.4721912489999, -60.4708338089999, -60.467793285, -60.4661530339999, -60.464251691, -60.4623802819999, -60.4601036669999, -60.458483309, -60.4526394699999, -60.44909812, -60.4474045269999, -60.443456975, -60.441499897, -60.436961738, -60.4324209229999, 
-60.430116946, -60.424765814, -60.423037874, -60.4206076889999, -60.4170083179999, -60.418451864, -60.419658341, -60.4204878549999, -60.4204779509999, -60.418434752, -60.41884575, -60.4172738379999, -60.4197189339999, -60.419619692, -60.41822204, -60.4157967739999, -60.415212021, -60.414950533, -60.414445668, -60.4159278619999, -60.415452879, -60.413944592, -60.409179176, -60.408246382, -60.4080784859999, -60.406109107, -60.40579895, -60.4066624499999, -60.4066478069999, -60.405890451, -60.4042923599999, 
-60.4036202519999, -60.3996431749999, -60.3945451719999, -60.393614425, -60.392482, -60.3922088699999, -60.389333547, -60.3882800419999, -60.3860469059999, -60.383381212, -60.379734817, -60.374112827, -60.372860077, -60.371770392, -60.3702438349999, -60.370284785, -60.36963849, -60.372784161, -60.37266584, -60.3699093879999, -60.3693878339999, -60.3690416269999, -60.3707289169999, -60.3704498989999, -60.3694806269999, -60.370693326, -60.369653108, -60.3697958499999, -60.3688942919999, -60.368035387, 
-60.3673839089999, -60.3664093499999, -60.3644716709999, -60.3643966069999, -60.361312171, -60.3596574479999, -60.357185698, -60.3569250589999, -60.355009843, -60.354854212, -60.3523601509999, -60.3508932989999, -60.3519466399999, -60.353558365, -60.3521978879999, -60.350975492, -60.3505286399999, -60.34941587, -60.3471377609999, -60.34602849, -60.347218596, -60.345366859, -60.346420151, -60.3458105289999, -60.3466977229999, -60.3456077939999, -60.346447909, -60.3458086899999, -60.347642556, -60.3464452709999, 
-60.3473353159999, -60.349415803, -60.3514755819999, -60.35505403, -60.357194156, -60.359120935, -60.360137902, -60.36050055, -60.3601746529999, -60.357252334, -60.3557272429999, -60.3552785569999, -60.3539988969999, -60.355554371, -60.355197726, -60.3558316719999, -60.3543900309999, -60.353752638, -60.3554192, -60.3566376619999, -60.355059057, -60.354390412, -60.354143848, -60.3546970669999, -60.3568697609999, -60.3575582299999, -60.3531961179999, -60.351755307, -60.349448275, -60.3487780409999, 
-60.3496201199999, -60.348971319, -60.3455076239999, -60.343393958, -60.3433343689999, -60.346060758, -60.347170884, -60.3480887909999, -60.3467029609999, -60.347532978, -60.346091708, -60.34472161, -60.3458319599999, -60.340824157, -60.339168736, -60.3380875599999, -60.336526076, -60.33470033, -60.333753685, -60.333171349, -60.333170292, -60.3345835739999, -60.335674531, -60.335262606, -60.3364846639999, -60.339037793, -60.339743099, -60.3456161509999, -60.3456206779999, -60.351811689, -60.352301333, 
-60.351571555, -60.3521249309999, -60.3521248489999, -60.351814121, -60.3539810799999, -60.3580590709999, -60.360754793, -60.360758052, -60.3632310169999, -60.363235021, -60.364977737, -60.3620056089999, -60.3630366, -60.361623432, -60.365539122, -60.364960023, -60.368180775, -60.370896985, -60.371617584, -60.37161796, -60.4103426849999, -60.524079765, -60.5251762849999, -60.5603465289999, -60.5618449039999, -60.7051819229999, -60.741554707, -60.738271302, -60.734476304, -60.7314389319999, -60.7271203029999, 
-60.718421474, -60.7166511589999, -60.7169161589999, -60.7202695609999, -60.720424438, -60.721180381, -60.722269877, -60.7251196619999, -60.7299189339999, -60.7299694549999, -60.7255948479999, -60.725755476, -60.7269047679999, -60.727315634, -60.729471673, -60.7342376229999, -60.738676572, -60.7393554459999, -60.739185639, -60.7389178479999, -60.7377821209999, -60.735973992, -60.7339798, -60.7269541589999, -60.726004734, -60.726084176, -60.7260907479999, -60.730307941, -60.734319678, -60.7397626809999, 
-60.74128308, -60.7429582989999, -60.7437224459999, -60.7432661559999, -60.739036444, -60.7385440469999, -60.737192379, -60.7354416959999, -60.7338705169999, -60.7303192419999, -60.7292349319999, -60.7286348609999, -60.732106346, -60.7347276039999, -60.7377433329999, -60.7404027659999, -60.741517191, -60.7403229879999, -60.7378018439999, -60.731578363, -60.7270805199999, -60.718535217, -60.7103135609999, -60.7123563369999, -60.706519438, -60.7037487929999, -60.7003472689999, -60.6983958229999, -60.69049899, 
-60.6862713499999, -60.674419684, -60.6706395039999, -60.663519196, -60.658134692, -60.653193258, -60.6520151239999, -60.649755969, -60.644173052, -60.629063424, -60.625870181, -60.6219693589999, -60.61775955, -60.6144423559999, -60.6126556039999, -60.610133151, -60.6079295739999, -60.6043991669999, -60.597641498, -60.5919038759999, -60.589401161, -60.584637166, -60.580659994, -60.578664847, -60.5777493789999, -60.574645494, -60.5710496849999, -60.5643484779999, -60.559704041, -60.5521295119999, 
-60.5472096559999, -60.5431533019999, -60.538667743, -60.5369166159999, -60.533639007, -60.5295566409999, -60.5249830119999, -60.5201843149999, -60.5134269, -60.506138744, -60.504485684, -60.503251698, -60.504699885, -60.5047480799999, -12.9667192259999, -12.9678828459999, -12.973270375, -12.9777511249999, -12.979339445, -12.984204266, -12.986610808, -12.989749592, -12.99281496, -12.996774406, -12.9988028679999, -13.000711727, -13.0025868009999, -13.0068205979999, -13.010606122, -13.011524116, -13.011691134, 
-13.0110262619999, -13.008547898, -13.004948933, -13.004738327, -13.002954845, -13.003716714, -13.0049420069999, -13.005096167, -13.004098889, -13.004867079, -13.002853355, -13.00657924, -13.007627349, -13.0120813969999, -13.0129067779999, -13.014854961, -13.0202698479999, -13.0211403349999, -13.0207592129999, -13.0209922609999, -13.021893109, -13.025365161, -13.027172436, -13.0295776989999, -13.0315164479999, -13.0328131749999, -13.034824978, -13.036435152, -13.0373951029999, -13.040762211, -13.042279262, 
-13.045954856, -13.04741455, -13.049145081, -13.057375238, -13.059285749, -13.0615288619999, -13.063372337, -13.065678285, -13.0681081169999, -13.06957267, -13.070636674, -13.069830252, -13.0684158669999, -13.0674190139999, -13.0696207919999, -13.070794213, -13.0739069239999, -13.0761859399999, -13.0768876609999, -13.0806645019999, -13.083089714, -13.085339496, -13.089690667, -13.0924472249999, -13.0914784339999, -13.0914665379999, -13.0921835699999, -13.0935920189999, -13.09510633, -13.098685741, 
-13.0992477529999, -13.0992768069999, -13.099834341, -13.1026464759999, -13.104258082, -13.105027192, -13.1054653929999, -13.106380327, -13.1072148849999, -13.1099197259999, -13.110980097, -13.1110847999999, -13.1129345449999, -13.1128119699999, -13.1117233629999, -13.110709454, -13.109436828, -13.10633307, -13.1062444739999, -13.105079589, -13.102996122, -13.102827345, -13.105739811, -13.109317481, -13.1118904329999, -13.114329226, -13.1165927919999, -13.117163012, -13.117865234, -13.1196112469999, 
-13.119989798, -13.122839604, -13.127458766, -13.127881713, -13.131199889, -13.1354298999999, -13.1369551849999, -13.1380147889999, -13.1422919359999, -13.143584996, -13.1460398859999, -13.147623522, -13.1519713329999, -13.1525395779999, -13.1569107289999, -13.1604192639999, -13.1600438839999, -13.160302078, -13.162873967, -13.164798575, -13.1678898419999, -13.1693821059999, -13.1707419639999, -13.17173013, -13.17455097, -13.179348798, -13.183069191, -13.1847066619999, -13.187152183, -13.191788312, 
-13.1944556339999, -13.197704796, -13.1994247139999, -13.2024624579999, -13.2068282729999, -13.207875334, -13.2095556799999, -13.210088807, -13.2133687989999, -13.2164526009999, -13.2168511459999, -13.223026204, -13.2244616619999, -13.2262737299999, -13.228940974, -13.232525049, -13.235205334, -13.238896412, -13.2396690219999, -13.2419934239999, -13.2464126409999, -13.250394129, -13.2510158749999, -13.2516061909999, -13.253519518, -13.256912756, -13.2563648689999, -13.257241083, -13.2541279729999, 
-13.256366484, -13.2565238029999, -13.257976583, -13.2579792189999, -13.25848009, -13.260891076, -13.2663839109999, -13.2690055839999, -13.2723332419999, -13.2722279459999, -13.2713511539999, -13.271350478, -13.273004819, -13.277441423, -13.2813473429999, -13.284827711, -13.2848295269999, -13.291730126, -13.294600499, -13.297292096, -13.2984721459999, -13.298473573, -13.296538192, -13.296535058, -13.299942571, -13.3009882379999, -13.304397288, -13.308566512, -13.3097364669999, -13.313670986, -13.314319735, 
-13.316849808, -13.318589162, -13.318590345, -13.3192970099999, -13.32137253, -13.3213930489999, -13.3220567069999, -13.3220847159999, -13.3247381519999, -13.3249226799999, -13.322498554, -13.321199043, -13.3190180229999, -13.317577642, -13.3156342719999, -13.312254542, -13.3083865389999, -13.2998514619999, -13.284790513, -13.28151245, -13.278178034, -13.271631777, -13.263146171, -13.257758568, -13.24842292, -13.2433369259999, -13.239793523, -13.2385260249999, -13.2341037859999, -13.2281337319999, 
-13.218344618, -13.2142800229999, -13.204970943, -13.1902171579999, -13.186335647, -13.1836717969999, -13.179271862, -13.1494639549999, -13.143665767, -13.1406004479999, -13.1403685119999, -13.133416463, -13.12995251, -13.126133318, -13.1246502089999, -13.1223528149999, -13.11949884, -13.116345151, -13.110583893, -13.1034040499999, -13.0976891569999, -13.0948573369999, -13.0911306169999, -13.087651903, -13.084420032, -13.080711182, -13.0773083409999, -13.0756423729999, -13.072003401, -13.06666512, 
-13.0623073969999, -13.0518175639999, -13.043357998, -13.0371453729999, -13.032657629, -13.0286782509999, -13.0269701289999, -13.001281806, -12.9961565689999, -12.994455182, -12.9933960639999, -12.993315795, -12.9939285059999, -12.9949619669999, -12.994856, -12.993975905, -12.988295301, -12.9839986909999, -12.981472213, -12.9813081, -12.980990864, -12.979020411, -12.9721780229999, -12.972996486, -12.9786567649999, -12.989831721, -12.9923784099999, -12.9923867629999, -12.9923993259999, -12.991364237, 
-12.9881747579999, -12.974464942, -12.9681553209999, -12.967614479, -12.969144992, -12.972891264, -12.977328132, -12.985953894, -12.9890151399999, -12.9866128919999, -12.9728370559999, -12.9661314159999, -12.9591609829999, -12.9569682369999, -12.957606894, -12.961005973, -12.963701489, -12.966831384, -12.96775094, -12.966951009, -12.9648409699999, -12.955963195, -12.94954797, -12.9489428329999, -12.953702254, -12.9577292179999, -12.9667192259999)))"
1100072,Corumbiara,11,RO,"list(list(c(-61.3427302569999, -61.3446775619999, -61.3465957609999, -61.347646063, -61.3487018019999, -61.34915199, -61.3492290109999, -61.34875585, -61.347340757, -61.346093689, -61.345611963, -61.345396325, -61.3445666919999, -61.342039343, -61.340695487, -61.3399788129999, -61.339724022, -61.339843221, -61.3405090419999, -61.341344847, -61.342288281, -61.3444201149999, -61.3448982099999, -61.34356679, -61.3437566069999, -61.344314361, -61.344783023, -61.344727688, -61.3442821479999, -61.3432328479999, 
-61.342615166, -61.341563975, -61.3395873389999, -61.3390891579999, -61.3385888659999, -61.337974117, -61.337137029, -61.3340844849999, -61.330926949, -61.3299754599999, -61.328677214, -61.32752843, -61.3235939389999, -61.322678782, -61.3216715049999, -61.320752509, -61.320060436, -61.319308976, -61.3166454989999, -61.3160137419999, -61.315788333, -61.315425593, -61.314502228, -61.3121767039999, -61.311030413, -61.310281615, -61.308197164, -61.3072568969999, -61.3044017649999, -61.3035364569999, 
-61.302280957, -61.299342831, -61.297639332, -61.293951839, -61.2886467439999, -61.287423097, -61.286422584, -61.2860339639999, -61.285421243, -61.2844458129999, -61.2821490089999, -61.281282586, -61.2803946599999, -61.279142647, -61.276312097, -61.2753976819999, -61.2744520839999, -61.2733916589999, -61.272763186, -61.2720088739999, -61.271092041, -61.270006502, -61.269035499, -61.26377439, -61.2570657339999, -61.254921296, -61.2532547659999, -61.2518100849999, -61.2497252009999, -61.246339137, 
-61.2452211759999, -61.2441988689999, -61.2432075569999, -61.241450716, -61.2408383149999, -61.2397245669999, -61.2365665849999, -61.2355943759999, -61.2344716919999, -61.233425309, -61.2330053059999, -61.2325628089999, -61.232535748, -61.232341294, -61.2316463469999, -61.2312287729999, -61.2303968409999, -61.228451036, -61.225308196, -61.222029213, -61.216232748, -61.21525776, -61.214165634, -61.21291901, -61.212061391, -61.2109480029999, -61.204564959, -61.202213808, -61.1999479209999, -61.1990671689999, 
-61.1980931479999, -61.1974536149999, -61.1968996979999, -61.1962289139999, -61.195057563, -61.193394046, -61.1927230359999, -61.191532121, -61.1918448779999, -61.1929772929999, -61.194368672, -61.1952885929999, -61.1954815509999, -61.195257978, -61.1943857489999, -61.1925907659999, -61.1918078379999, -61.191116173, -61.190841383, -61.192230561, -61.19464581, -61.1949522049999, -61.195731102, -61.193896808, -61.193060515, -61.191895071, -61.1894768339999, -61.187923677, -61.184530859, -61.1832798579999, 
-61.182783145, -61.1823959549999, -61.1815859299999, -61.180695697, -61.180120946, -61.1778456219999, -61.177843276, -61.1770023839999, -61.176829891, -61.17656554, -61.176011684, -61.174837591, -61.1739772299999, -61.171368136, -61.1705334339999, -61.170397877, -61.167622281, -61.1678993409999, -61.168338877, -61.169201842, -61.169753444, -61.17041814, -61.1694763199999, -61.169448564, -61.1702264569999, -61.1690799259999, -61.16830768, -61.168012304, -61.168021939, -61.1680880649999, -61.167973272, 
-61.1674217779999, -61.1663149259999, -61.1654281349999, -61.1635068719999, -61.161311175, -61.1581188449999, -61.1569469819999, -61.15589349, -61.1533291379999, -61.1514472549999, -61.149670595, -61.148150141, -61.146396442, -61.1451740489999, -61.144259308, -61.140288254, -61.1363684849999, -61.1355014759999, -61.1342795749999, -61.1327726999999, -61.1320869199999, -61.1312851089999, -61.1310067169999, -61.130097084, -61.129233117, -61.126726299, -61.1249205439999, -61.11814945, -61.115618058, 
-61.112691151, -61.110846088, -61.110094143, -61.106564339, -61.105700538, -61.1038397939999, -61.102509332, -61.100196955, -61.096780469, -61.095424468, -61.0933082769999, -61.092620142, -61.0924035249999, -61.089837753, -61.0888654529999, -61.088038213, -61.0866175049999, -61.0848172609999, -61.0837285979999, -61.080951091, -61.079865921, -61.0788669519999, -61.0780641859999, -61.0757328399999, -61.07544197, -61.072726144, -61.072145774, -61.070945601, -61.0692608269999, -61.0686745639999, -61.067923564, 
-61.066950274, -61.0606150349999, -61.059643211, -61.058452643, -61.05714101, -61.0562578459999, -61.055477936, -61.055087592, -61.0546177479999, -61.054003423, -61.052780593, -61.052807737, -61.053305887, -61.053118588, -61.052702365, -61.0512017089999, -61.0499514969999, -61.0478163229999, -61.045894545, -61.046057934, -61.0467238499999, -61.047174057, -61.0479238949999, -61.0480366319999, -61.046803483, -61.046365898, -61.0461040659999, -61.044810448, -61.044999419, -61.0454722249999, -61.045425351, 
-61.045137455, -61.0437060089999, -61.0423224309999, -61.042064189, -61.041649373, -61.04040681, -61.038310203, -61.0367049829999, -61.0354146129999, -61.033454166, -61.0323127429999, -61.031976103, -61.031003653, -61.0308977989999, -61.031252289, -61.030729844, -61.0305892609999, -61.030645891, -61.0304481029999, -61.0297031529999, -61.027837632, -61.026143763, -61.024424336, -61.0235970259999, -61.0198368569999, -61.019588614, -61.0178359499999, -61.0155581459999, -61.0137859439999, -61.0102821419999, 
-61.0092360799999, -61.008783347, -61.006862439, -61.006148781, -61.006117772, -61.006689942, -61.0068397389999, -61.0069564559999, -61.0069671249999, -61.006843197, -61.0062856089999, -61.004120023, -61.003473991, -61.002917835, -61.0021768, -61.002005341, -61.001530547, -61.000927777, -60.9996161339999, -60.998535838, -60.9978693429999, -60.996730567, -60.9960661929999, -60.9958666329999, -60.99511363, -60.9944218159999, -60.992477354, -60.991104055, -60.990592297, -60.990372211, -60.991027484, 
-60.9912024929999, -60.990686801, -60.989981573, -60.988202018, -60.985561966, -60.984286985, -60.983699781, -60.983285194, -60.983586684, -60.983893834, -60.9838447499999, -60.983532168, -60.983453717, -60.983167032, -60.982119597, -60.9818386539999, -60.9802802149999, -60.978249956, -60.9769225789999, -60.975926838, -60.9744386509999, -60.9724544389999, -60.9708705469999, -60.969782658, -60.969648054, -60.9687288529999, -60.9681164639999, -60.9676187549999, -60.9665572819999, -60.96608736, -60.965925189, 
-60.9650861489999, -60.9645078399999, -60.9643394019999, -60.9646432699999, -60.965227542, -60.9661202189999, -60.968458671, -60.9693997449999, -60.969556714, -60.96997346, -60.970391993, -60.971388024, -60.971703034, -60.9715843339999, -60.9713875739999, -60.970836859, -60.970284184, -60.9703407339999, -60.970034601, -60.970026248, -60.9698087039999, -60.969400079, -60.969338308, -60.9687814949999, -60.968590934, -60.968256836, -60.967230554, -60.967697478, -60.967639775, -60.968057183, -60.968481113, 
-60.969673023, -60.9710309559999, -60.9733414059999, -60.97777967, -60.978618914, -60.9796480179999, -60.9798928909999, -60.9798591629999, -60.9771971719999, -60.975275638, -60.974170582, -60.973088355, -60.972898509, -60.9730598999999, -60.9737254789999, -60.9743620619999, -60.9746959929999, -60.9750032669999, -60.975923994, -60.977093443, -60.97745322, -60.978114399, -60.978284006, -60.978727926, -60.982678738, -60.985039088, -60.9852546049999, -60.9851739269999, -60.982811833, -60.981177298, -60.980507373, 
-60.97986641, -60.9798336589999, -60.9792303079999, -60.9793700899999, -60.979115971, -60.9785357499999, -60.97775368, -60.976561107, -60.975115105, -60.9742035779999, -60.9727553859999, -60.972201832, -60.9725342679999, -60.9733947989999, -60.973532743, -60.9732521, -60.972339566, -60.972505191, -60.972310791, -60.972639714, -60.9726738219999, -60.972397872, -60.9717837199999, -60.9713707299999, -60.971647315, -60.972419589, -60.971225422, -60.9705055539999, -60.967056816, -60.962448303, -60.9611460639999, 
-60.9597588889999, -60.957595489, -60.9561661639999, -60.9538387309999, -60.9517790389999, -60.9501987039999, -60.9485335959999, -60.947142277, -60.943057884, -60.9385358529999, -60.93733603, -60.936787628, -60.9365876849999, -60.936527982, -60.935893218, -60.9341699769999, -60.9337505789999, -60.933447412, -60.9322218409999, -60.931505932, -60.930724678, -60.928591789, -60.9276752229999, -60.9269253769999, -60.9263887419999, -60.9255703909999, -60.922424012, -60.921535032, -60.9197693479999, -60.9189494789999, 
-60.9180091209999, -60.9172804849999, -60.915928413, -60.914402823, -60.913670856, -60.913228421, -60.91189837, -60.911032089, -60.910689847, -60.90964451, -60.909167095, -60.9090285779999, -60.9096393529999, -60.9085338839999, -60.9077321149999, -60.906166578, -60.9041467789999, -60.900951339, -60.900312925, -60.899475609, -60.8980892689999, -60.895278444, -60.8930119349999, -60.8908917269999, -60.8894513119999, -60.88819576, -60.88652681, -60.884700943, -60.8842823059999, -60.8819515659999, -60.8788871689999, 
-60.877363195, -60.875415063, -60.8735090959999, -60.873501168, -60.8738356199999, -60.8732011499999, -60.8717227449999, -60.871223372, -60.868866493, -60.866647394, -60.864760235, -60.863003002, -60.8612576039999, -60.8599762039999, -60.8591444199999, -60.854338205, -60.8532274139999, -60.851421119, -60.848699481, -60.847089763, -60.844778558, -60.844723122, -60.8437254309999, -60.8395653819999, -60.8383408249999, -60.8369796899999, -60.834419851, -60.8311960649999, -60.828115425, -60.8253648929999, 
-60.8236744459999, -60.823057294, -60.822533037, -60.8208082549999, -60.820084968, -60.8193392279999, -60.816866003, -60.8154503649999, -60.8149526179999, -60.81433502, -60.813078443, -60.8128053249999, -60.8117068, -60.81095239, -60.809114676, -60.805611828, -60.803531526, -60.800748792, -60.7958391569999, -60.7942833079999, -60.7922534389999, -60.79080975, -60.7909473839999, -60.789978827, -60.789563767, -60.786806166, -60.785277803, -60.7821956239999, -60.776838903, -60.776476964, -60.7750058789999, 
-60.772361615, -60.7662552289999, -60.7655316449999, -60.7630308099999, -60.7607496279999, -60.757619579, -60.756921644, -60.754916614, -60.751645196, -60.750611764, -60.7480892739999, -60.7467529509999, -60.745035069, -60.7403337529999, -60.7364442309999, -60.736142698, -60.733640185, -60.733145041, -60.732197597, -60.730525806, -60.729169412, -60.7289794449999, -60.726526284, -60.726004819, -60.725006043, -60.723741799, -60.7231423469999, -60.720666056, -60.720283886, -60.720422373, -60.7211135369999, 
-60.721861956, -60.7210642069999, -60.718888894, -60.717589198, -60.7158062539999, -60.7150291759999, -60.713639652, -60.7124170759999, -60.710672499, -60.7088654159999, -60.707865548, -60.7065077459999, -60.705276638, -60.704422817, -60.7019480439999, -60.7014464689999, -60.699395629, -60.69872367, -60.698254673, -60.697252346, -60.695889986, -60.6950347969999, -60.693474699, -60.690748896, -60.688197831, -60.687413789, -60.6853321669999, -60.684366442, -60.683894967, -60.6829161869999, -60.6805046999999, 
-60.679139871, -60.6782309589999, -60.6772759479999, -60.6765275329999, -60.6756414779999, -60.675615917, -60.6740839669999, -60.673254446, -60.6730900589999, -60.6734509919999, -60.673110376, -60.672612621, -60.670312769, -60.6698376669999, -60.6658940089999, -60.662776498, -60.662058966, -60.6598365659999, -60.6583938259999, -60.6573082139999, -60.655194327, -60.654476102, -60.653444514, -60.6528617079999, -60.652254958, -60.651837342, -60.6512262139999, -60.6507508649999, -60.650229626, -60.6499940959999, 
-60.648402531, -60.6480538279999, -60.648163076, -60.648107342, -60.646451073, -60.646224694, -60.645420539, -60.6453909459999, -60.646391006, -60.6468424779999, -60.6469732689999, -60.6469492689999, -60.647363662, -60.6474777299999, -60.647811155, -60.648001558, -60.648533265, -60.649222008, -60.6495342479999, -60.64956077, -60.649864011, -60.65011367, -60.649834958, -60.649040219, -60.6478370579999, -60.6457857449999, -60.6445008529999, -60.6443604739999, -60.643451763, -60.64297922, -60.6431438609999, 
-60.6435641009999, -60.643890624, -60.6446478889999, -60.6452505009999, -60.6457806759999, -60.645919437, -60.646174136, -60.646388582, -60.647211434, -60.649031725, -60.6501138319999, -60.651312807, -60.6520323199999, -60.652562981, -60.652812435, -60.6527814789999, -60.6520151239999, -60.653193258, -60.658134692, -60.663519196, -60.6706395039999, -60.674419684, -60.6862713499999, -60.69049899, -60.6983958229999, -60.7003472689999, -60.7037487929999, -60.706519438, -60.7123563369999, -60.7103135609999, 
-60.718535217, -60.7270805199999, -60.731578363, -60.7378018439999, -60.7403229879999, -60.741517191, -60.7404027659999, -60.7377433329999, -60.7347276039999, -60.732106346, -60.7286348609999, -60.7292349319999, -60.7303192419999, -60.7338705169999, -60.7354416959999, -60.737192379, -60.7385440469999, -60.739036444, -60.7432661559999, -60.7437224459999, -60.7429582989999, -60.748281033, -60.75511334, -60.7626731279999, -60.7690624639999, -60.773194399, -60.780310299, -60.787836689, -60.792031567, 
-60.795451439, -60.798977716, -60.804010207, -60.810615218, -60.817734688, -60.821345285, -60.8216991289999, -60.824170799, -60.822892681, -60.8304737329999, -60.8353662679999, -60.839984085, -60.8443372779999, -60.847499985, -60.851362224, -60.8569500469999, -60.863975699, -60.8709567439999, -60.874254721, -60.8748662889999, -60.879260271, -60.884643669, -60.8858047479999, -60.889701764, -60.894029643, -60.8989845459999, -60.9039841869999, -60.91144648, -60.919254816, -60.925946834, -60.9327820269999, 
-60.9376137099999, -60.942280952, -60.951076475, -60.954784127, -60.9633943969999, -60.967227675, -60.9740026999999, -60.977691369, -60.988568018, -60.993178001, -60.9965104409999, -61.000507653, -61.0016214149999, -61.005229729, -61.013309917, -61.0174807509999, -61.022454219, -61.0318949209999, -61.036528557, -61.0382441569999, -61.0409796199999, -61.0433392069999, -61.046367656, -61.0515292169999, -61.056207004, -61.0591746269999, -61.064427806, -61.069394391, -61.0753113819999, -61.0801725579999, 
-61.086088536, -61.092897597, -61.099008139, -61.1027629649999, -61.1042562859999, -61.107731469, -61.113145025, -61.1172591969999, -61.121450356, -61.1257039209999, -61.133480506, -61.1374263239999, -61.14045299, -61.145173541, -61.14875802, -61.153477906, -61.1593643149999, -61.1653154129999, -61.171205969, -61.1741187389999, -61.1813721599999, -61.1836994169999, -61.187011542, -61.1912897119999, -61.197762477, -61.2028445379999, -61.2054278859999, -61.20739028, -61.210589247, -61.216898756, -61.2220884709999, 
-61.223813723, -61.2284517579999, -61.233954065, -61.2401760089999, -61.242728165, -61.248701516, -61.25309148, -61.2545955729999, -61.2585908389999, -61.260373704, -61.2643960079999, -61.2660126319999, -61.2687318599999, -61.271624236, -61.2767065159999, -61.2796798059999, -61.282061658, -61.2842820839999, -61.2895391609999, -61.294403094, -61.2986437439999, -61.2997631529999, -61.305062008, -61.3070402049999, -61.312819075, -61.316395819, -61.3208446749999, -61.323926269, -61.327398908, -61.3325591719999, 
-61.334479582, -61.336343809, -61.3381167489999, -61.339728288, -61.3453157289999, -61.347320017, -61.351231632, -61.35375811, -61.357340579, -61.359868391, -61.3630766459999, -61.367876161, -61.3717569, -61.374700099, -61.378506689, -61.3806178499999, -61.384088853, -61.3866194329999, -61.391208959, -61.3949774149999, -61.3970426829999, -61.398539373, -61.4028706089999, -61.4060970419999, -61.4093156949999, -61.4131530509999, -61.4163701779999, -61.4188978079999, -61.42442497, -61.4260928, -61.427010537, 
-61.433233543, -61.4343742799999, -61.440479095, -61.4425927119999, -61.4468731599999, -61.4493164049999, -61.453620465, -61.456815525, -61.459650127, -61.4614284879999, -61.4665091029999, -61.4703155809999, -61.47628627, -61.4795372779999, -61.488258499, -61.4942622579999, -61.496624598, -61.498092511, -61.499761577, -61.500996261, -61.5022325419999, -61.502983333, -61.504038774, -61.5090629859999, -61.5108738289999, -61.515649967, -61.5157889719999, -61.5156163519999, -61.514903288, -61.5141711809999, 
-61.5119536459999, -61.5107865359999, -61.5098175509999, -61.509109423, -61.507122808, -61.5066196599999, -61.506673485, -61.507034637, -61.506786786, -61.506227536, -61.50595157, -61.505810878, -61.50631749, -61.5058382029999, -61.505898206, -61.5067646649999, -61.507281731, -61.5073407639999, -61.5071758289999, -61.50742387, -61.507283607, -61.50678908, -61.505704845, -61.5053409539999, -61.5052553299999, -61.5042892419999, -61.503368631, -61.502845661, -61.5021231419999, -61.501593264, -61.49987024, 
-61.4996464709999, -61.4997846589999, -61.499590208, -61.4997644679999, -61.499587669, -61.498707776, -61.4967318289999, -61.4959837099999, -61.495396192, -61.4947050549999, -61.494346803, -61.4936497049999, -61.492622613, -61.4919767619999, -61.491562573, -61.4918175939999, -61.491567216, -61.49083716, -61.4902579079999, -61.489403125, -61.488337972, -61.487505165, -61.486480142, -61.4861812759999, -61.4869057679999, -61.488337373, -61.488531203, -61.4883999149999, -61.488653873, -61.4885964419999, 
-61.487366871, -61.4867304429999, -61.484011964, -61.482872533, -61.480897846, -61.4797586939999, -61.478948082, -61.4758931829999, -61.4751799009999, -61.474487873, -61.4727017919999, -61.4724796259999, -61.470866034, -61.470060494, -61.470180854, -61.4699549729999, -61.469978786, -61.4691723309999, -61.469088749, -61.469312257, -61.4690327869999, -61.468385283, -61.4670882839999, -61.466505174, -61.4660912699999, -61.465507829, -61.4653192659999, -61.464925012, -61.463702559, -61.462618195, -61.4627066089999, 
-61.46189669, -61.4613725179999, -61.4607031, -61.4605599939999, -61.460652708, -61.4615042029999, -61.462734444, -61.4630351009999, -61.464091911, -61.463897543, -61.4645683479999, -61.4652607439999, -61.4662286289999, -61.467844719, -61.468176425, -61.4682007879999, -61.4693708909999, -61.4694526119999, -61.4693675189999, -61.468729146, -61.467145847, -61.467093903, -61.4673690009999, -61.467176079, -61.466617857, -61.4665344909999, -61.4661210959999, -61.465509911, -61.464592344, -61.4640928509999, 
-61.463285996, -61.461171597, -61.4605912809999, -61.4604549009999, -61.459786863, -61.460229165, -61.460951563, -61.459813471, -61.45970043, -61.459984861, -61.459922657, -61.4589836769999, -61.458148552, -61.457180209, -61.456562794, -61.4547557479999, -61.4547618089999, -61.454012322, -61.452279697, -61.4515330989999, -61.45077457, -61.4482873529999, -61.4475059009999, -61.446534773, -61.4460672329999, -61.445616774, -61.445228619, -61.4445643389999, -61.4440663249999, -61.442143383, -61.4424270769999, 
-61.4420137109999, -61.4423475149999, -61.441947081, -61.441372226, -61.4404004419999, -61.4400321589999, -61.4398643339999, -61.4420107769999, -61.4422285079999, -61.4420097719999, -61.438898609, -61.435693734, -61.434512845, -61.4335634389999, -61.432201868, -61.431309945, -61.430257419, -61.4304839319999, -61.4303368709999, -61.427150565, -61.4254507279999, -61.424589558, -61.42264811, -61.4207927899999, -61.4196882239999, -61.4153998569999, -61.413260749, -61.411880356, -61.407727565, -61.405446277, 
-61.402976596, -61.4016237719999, -61.400912859, -61.397394118, -61.396480583, -61.394221105, -61.392258824, -61.390976035, -61.390091259, -61.388590598, -61.385504939, -61.3832881179999, -61.382283135, -61.3754492719999, -61.374677637, -61.372896914, -61.372422406, -61.371644449, -61.3709481759999, -61.3709311049999, -61.371203265, -61.371897352, -61.373590204, -61.375473673, -61.376203111, -61.377423765, -61.378372424, -61.378842851, -61.379253876, -61.380114996, -61.380839796, -61.3817837039999, 
-61.382729638, -61.3832565419999, -61.384258371, -61.3850900469999, -61.3857555129999, -61.385975655, -61.3858691449999, -61.3855310259999, -61.385482165, -61.3859517939999, -61.386699416, -61.387231816, -61.38839536, -61.3884786099999, -61.3880642919999, -61.3872611369999, -61.3862597339999, -61.3851977959999, -61.384233457, -61.38325681, -61.382645047, -61.382705371, -61.3832883959999, -61.383809791, -61.384699328, -61.386816645, -61.387929716, -61.391115516, -61.3921146019999, -61.392898327, -61.393095975, 
-61.3928154439999, -61.392147156, -61.3903508059999, -61.3878390589999, -61.385870665, -61.3856490169999, -61.386205892, -61.385785028, -61.384674862, -61.383810996, -61.381725847, -61.3799597959999, -61.3798639789999, -61.3792288979999, -61.3782059089999, -61.37617578, -61.3719454019999, -61.3698930659999, -61.3679490229999, -61.36698434, -61.3664837009999, -61.366447537, -61.364924213, -61.3640617149999, -61.36440206, -61.364144572, -61.3635669729999, -61.3627621669999, -61.361651228, -61.3608920719999, 
-61.360450339, -61.360117452, -61.3604832709999, -61.359340437, -61.358978737, -61.358733967, -61.358809838, -61.358343974, -61.3573012299999, -61.355453488, -61.354510655, -61.353031631, -61.351339334, -61.3501982849999, -61.348728336, -61.344821996, -61.341315858, -61.3402846279999, -61.338731027, -61.338068634, -61.3370849439999, -61.335979837, -61.335063357, -61.3325015429999, -61.3318637999999, -61.331842665, -61.332486667, -61.334225109, -61.334811691, -61.3358355849999, -61.336705764, -61.338196327, 
-61.3401251039999, -61.3427302569999, -12.666617051, -12.6670482209999, -12.6668521149999, -12.6669310019999, -12.6674224569999, -12.6682804209999, -12.6694195729999, -12.670257987, -12.671039678, -12.672123611, -12.6730806959999, -12.6751224139999, -12.676087244, -12.6778074159999, -12.679817262, -12.680483808, -12.6815504269999, -12.682523355, -12.68322469, -12.683784084, -12.684179022, -12.683753596, -12.68468347, -12.6874116779999, -12.688564796, -12.689924947, -12.6921874599999, -12.6934621459999, 
-12.694300723, -12.6943564369999, -12.6936654699999, -12.6935597259999, -12.6947067839999, -12.69566883, -12.6978036279999, -12.6985562289999, -12.6992323829999, -12.700952678, -12.701683474, -12.7021940729999, -12.703808828, -12.703801729, -12.7025654129999, -12.7024828029999, -12.7026557409999, -12.703047886, -12.7039641059999, -12.7059856009999, -12.7079167749999, -12.7086249729999, -12.7097545399999, -12.7106249629999, -12.711250519, -12.7110351039999, -12.7112118269999, -12.7117904259999, -12.713937243, 
-12.714552484, -12.7154928669999, -12.7161527129999, -12.717915248, -12.719912215, -12.7209269729999, -12.7223638319999, -12.723703048, -12.7237543979999, -12.722946287, -12.72188996, -12.721081128, -12.7204724229999, -12.720039733, -12.7203415349999, -12.7210181149999, -12.722747338, -12.7258701109999, -12.726523185, -12.726891747, -12.726660412, -12.7248182079999, -12.723985366, -12.7234279499999, -12.7231874059999, -12.723376268, -12.725968402, -12.7299674739999, -12.730419742, -12.7317043509999, 
-12.7321456559999, -12.731619904, -12.7291722269999, -12.729022204, -12.729060727, -12.7296045459999, -12.730889766, -12.7316709849999, -12.732088895, -12.7320489329999, -12.732261967, -12.732851512, -12.7346639779999, -12.735797157, -12.739049784, -12.741590252, -12.7428797539999, -12.744999501, -12.745862496, -12.746441477, -12.747275034, -12.74793463, -12.74837532, -12.7501190749999, -12.750172405, -12.749767606, -12.748271176, -12.7475925689999, -12.7472816609999, -12.747706506, -12.7480240529999, 
-12.748619297, -12.749038889, -12.749775123, -12.7506441239999, -12.753846995, -12.7558216649999, -12.7577201149999, -12.7590924679999, -12.759989253, -12.762984094, -12.763940462, -12.7657946169999, -12.7676507319999, -12.7696766439999, -12.7706954719999, -12.7715810689999, -12.772335228, -12.773071262, -12.773693763, -12.7746099729999, -12.7756064579999, -12.779455985, -12.7843277859999, -12.787323427, -12.791153505, -12.7926804809999, -12.7918181929999, -12.791336379, -12.789212817, -12.7871169689999, 
-12.7802637309999, -12.779264493, -12.7786765739999, -12.7777275829999, -12.774508504, -12.773006749, -12.772914563, -12.7718372899999, -12.7718361789999, -12.77051347, -12.769433904, -12.7677788049999, -12.76637564, -12.76619997, -12.765781579, -12.7615194729999, -12.7596634019999, -12.7578360639999, -12.7531187899999, -12.7515469079999, -12.7501824769999, -12.7487411329999, -12.74837535, -12.746796635, -12.7454487329999, -12.7447601659999, -12.7409937899999, -12.740126184, -12.739268251, -12.7385949549999, 
-12.738120791, -12.7348196309999, -12.733364203, -12.732101813, -12.731658542, -12.7316033789999, -12.7310581059999, -12.7315927629999, -12.7318032069999, -12.731307779, -12.7312534649999, -12.7302451539999, -12.7300173589999, -12.7300586959999, -12.7290573469999, -12.7282776509999, -12.7270977489999, -12.7266375439999, -12.7260796119999, -12.7260677779999, -12.72665017, -12.727190886, -12.72758842, -12.7277692189999, -12.7277215339999, -12.728042241, -12.7283537879999, -12.7281264409999, -12.7281126259999, 
-12.7276088159999, -12.722191897, -12.7199165549999, -12.718185801, -12.7174252699999, -12.7172819219999, -12.715991709, -12.7154051879999, -12.715103709, -12.714528688, -12.7142490629999, -12.714276138, -12.714501577, -12.715310945, -12.715076975, -12.7146419679999, -12.7117154249999, -12.7085885609999, -12.707956096, -12.7075440389999, -12.707394289, -12.7067669389999, -12.703537925, -12.7026707679999, -12.7021209019999, -12.7020353339999, -12.702293658, -12.7025320689999, -12.703505252, -12.704131056, 
-12.70449407, -12.7047199819999, -12.7045370929999, -12.7040273009999, -12.7038375859999, -12.7048237699999, -12.7043547929999, -12.70426774, -12.7047970349999, -12.705797998, -12.7079650959999, -12.708470061, -12.7098281879999, -12.7108588639999, -12.714292723, -12.7149392829999, -12.715664073, -12.717246363, -12.7177816439999, -12.7187711039999, -12.719226068, -12.72061921, -12.7226997839999, -12.724007996, -12.72609835, -12.7266879569999, -12.7291791769999, -12.7312168, -12.734976881, -12.7374644679999, 
-12.737854733, -12.741394687, -12.7433234719999, -12.744161152, -12.7452926739999, -12.745971814, -12.747733372, -12.748565376, -12.748720335, -12.7493076689999, -12.7504411839999, -12.7518378759999, -12.752418964, -12.753191932, -12.7550814869999, -12.7564753749999, -12.757291377, -12.758467131, -12.7592339439999, -12.761451092, -12.7645344339999, -12.7661074829999, -12.769142307, -12.769650297, -12.7703271719999, -12.7708612869999, -12.7703440279999, -12.768772514, -12.7676766019999, -12.767660949, 
-12.76804458, -12.7669667719999, -12.767417408, -12.7687264779999, -12.7729120369999, -12.773829362, -12.774048695, -12.7742151509999, -12.771764924, -12.769279647, -12.765945933, -12.765073148, -12.763433862, -12.7632840099999, -12.7625339949999, -12.7620261409999, -12.7623363439999, -12.7626945269999, -12.7626714569999, -12.761992442, -12.761521998, -12.7609760359999, -12.7608661969999, -12.7593734729999, -12.7592851649999, -12.75950291, -12.7592985139999, -12.7586255349999, -12.7564023209999, 
-12.7549541259999, -12.754421023, -12.7533946779999, -12.753136245, -12.752851594, -12.7522198929999, -12.751628959, -12.7509599499999, -12.75026508, -12.7497789949999, -12.7496533079999, -12.750460618, -12.75035938, -12.751281628, -12.7531196659999, -12.7570408349999, -12.758458592, -12.759017457, -12.759374931, -12.760572952, -12.7612350229999, -12.762339059, -12.7621399209999, -12.7637898039999, -12.7652347789999, -12.7673140729999, -12.7699278909999, -12.7720230859999, -12.7743396059999, -12.7769751559999, 
-12.7780183079999, -12.77878415, -12.780533115, -12.7811121569999, -12.782375981, -12.784011059, -12.7852804429999, -12.7864169499999, -12.7881000739999, -12.790852949, -12.79269807, -12.796435253, -12.7995805359999, -12.800710904, -12.802946315, -12.8045602509999, -12.805573441, -12.805983602, -12.807059054, -12.807858933, -12.809522525, -12.811562963, -12.8121787039999, -12.812856729, -12.81323042, -12.815510482, -12.81586961, -12.816267597, -12.8166648009999, -12.816882962, -12.8176486959999, 
-12.81823979, -12.8202803349999, -12.8215282219999, -12.8234039909999, -12.8268944129999, -12.828206864, -12.8303050429999, -12.831605714, -12.8341512959999, -12.8365676809999, -12.8387703859999, -12.840637694, -12.8416912179999, -12.8425457839999, -12.8434003879999, -12.844078279, -12.8492098859999, -12.8506370499999, -12.85239554, -12.855575689, -12.8599615099999, -12.860829102, -12.862230197, -12.8629514539999, -12.864390032, -12.8701454589999, -12.872733081, -12.8752485689999, -12.876022909, 
-12.8769302439999, -12.878057988, -12.8791398659999, -12.8849190999999, -12.8872637819999, -12.8881182329999, -12.8887955689999, -12.88840831, -12.888595259, -12.8890978529999, -12.890541556, -12.8914178569999, -12.8938814579999, -12.8958890099999, -12.8986791749999, -12.9003843609999, -12.902057187, -12.903156367, -12.90501918, -12.906611939, -12.9082314859999, -12.910266409, -12.911280304, -12.912588182, -12.9136350599999, -12.914513452, -12.916136783, -12.916489756, -12.917419738, -12.9190011899999, 
-12.9215143879999, -12.9235859629999, -12.9246698439999, -12.9277444149999, -12.92969539, -12.93259396, -12.9370423949999, -12.938335613, -12.938041906, -12.9360270659999, -12.9352803889999, -12.93413189, -12.9315259539999, -12.929523712, -12.9277777729999, -12.926674819, -12.92454271, -12.924003062, -12.9233304549999, -12.9199543079999, -12.916814077, -12.9164290689999, -12.9142372549999, -12.912743839, -12.9098908129999, -12.905610821, -12.9043299269999, -12.903464562, -12.896706416, -12.8928864099999, 
-12.891262867, -12.890042426, -12.8892741669999, -12.8884263299999, -12.8873406329999, -12.8858982219999, -12.885335139, -12.8822065949999, -12.882022495, -12.8808960639999, -12.8805440119999, -12.8771581289999, -12.8758015189999, -12.875534341, -12.8748900549999, -12.873545184, -12.873242478, -12.869756276, -12.86872022, -12.8674692889999, -12.863641539, -12.861260859, -12.8596750219999, -12.859397728, -12.8550542749999, -12.8540146949999, -12.852848695, -12.850643877, -12.847708202, -12.8469435929999, 
-12.8463188729999, -12.8458701159999, -12.8464723689999, -12.844809053, -12.8444152989999, -12.845053616, -12.8432543349999, -12.84257937, -12.842501183, -12.842727611, -12.842418279, -12.840586952, -12.839010085, -12.837929176, -12.8372782169999, -12.835670895, -12.8334062809999, -12.8300110289999, -12.826213787, -12.82445846, -12.822472013, -12.82155066, -12.8222273339999, -12.8223626829999, -12.82357631, -12.8242669039999, -12.8244474119999, -12.822589777, -12.822777487, -12.8227353129999, -12.823291584, 
-12.822989236, -12.821047999, -12.81937895, -12.815550041, -12.811275548, -12.811343968, -12.8107584819999, -12.8091539879999, -12.807698588, -12.806730725, -12.8075092839999, -12.811100467, -12.812062102, -12.8135287979999, -12.813465422, -12.8139780199999, -12.8140690649999, -12.8160089499999, -12.820123904, -12.82011785, -12.8201094899999, -12.819574178, -12.8194581549999, -12.8193996119999, -12.819359408, -12.81845909, -12.817520701, -12.817258877, -12.8172593739999, -12.8176278819999, -12.8169950459999, 
-12.815867768, -12.8156011859999, -12.8272481939999, -12.831691289, -12.83506211, -12.8435248059999, -12.847370643, -12.8519668669999, -12.853210919, -12.8507222429999, -12.8457487599999, -12.842275693, -12.8366383749999, -12.8357388799999, -12.8311777609999, -12.8264870079999, -12.8259094099999, -12.825998188, -12.825107086, -12.8244449799999, -12.8236700799999, -12.822998701, -12.8220608249999, -12.8215674219999, -12.8197369629999, -12.817627934, -12.81703285, -12.815828089, -12.815193902, -12.8145640209999, 
-12.8127551049999, -12.8095035699999, -12.8085642779999, -12.8054366649999, -12.805576557, -12.806234306, -12.8074072299999, -12.807767387, -12.8102754029999, -12.812844398, -12.8138928139999, -12.814865224, -12.8151157289999, -12.817856068, -12.8189703779999, -12.820648175, -12.8218612199999, -12.8231305, -12.824585097, -12.8253886639999, -12.8270409119999, -12.8283533769999, -12.8292510079999, -12.8309994539999, -12.8320727309999, -12.8321222179999, -12.831268604, -12.830911189, -12.8305786289999, 
-12.830883114, -12.8313351809999, -12.8331473819999, -12.833201631, -12.8325755589999, -12.832401225, -12.8314622079999, -12.832558037, -12.833639732, -12.8349949899999, -12.836106432, -12.836396844, -12.8385794839999, -12.8395558679999, -12.8398311139999, -12.8403409979999, -12.8411628859999, -12.8424781629999, -12.8431554659999, -12.8442072289999, -12.8442279459999, -12.845543477, -12.8466077339999, -12.8491680279999, -12.8498764809999, -12.8498719819999, -12.8507188479999, -12.8505260079999, -12.8512086039999, 
-12.8541702509999, -12.8546016199999, -12.8566359819999, -12.8585671299999, -12.8596465549999, -12.8630321059999, -12.865109407, -12.866872975, -12.869992639, -12.871372654, -12.8736651989999, -12.875019274, -12.876837112, -12.877722637, -12.8791301339999, -12.884667807, -12.8864303519999, -12.886901072, -12.8888673609999, -12.8968666319999, -12.899835403, -12.901106336, -12.9031186939999, -12.9046118049999, -12.9050217699999, -12.906129836, -12.911130258, -12.9135455709999, -12.9154114409999, -12.91685938, 
-12.9188221449999, -12.920793346, -12.9224640859999, -12.9248127829999, -12.926850662, -12.927507829, -12.928957873, -12.93092172, -12.933066642, -12.935141049, -12.9367293109999, -12.937984614, -12.9385991089999, -12.9404809929999, -12.943476694, -12.9472747519999, -12.947477043, -12.9473447879999, -12.949021872, -12.9526462009999, -12.952856478, -12.955955282, -12.9568643379999, -12.960414934, -12.963130716, -12.9658400439999, -12.96807574, -12.971856456, -12.9728713789999, -12.9741336719999, -12.976604309, 
-12.980588742, -12.9813081, -12.981472213, -12.9839986909999, -12.988295301, -12.993975905, -12.994856, -12.9949619669999, -12.9939285059999, -12.993315795, -12.9933960639999, -12.994455182, -12.9961565689999, -13.001281806, -13.0269701289999, -13.0286782509999, -13.032657629, -13.0371453729999, -13.043357998, -13.0518175639999, -13.0623073969999, -13.06666512, -13.072003401, -13.0756423729999, -13.0773083409999, -13.080711182, -13.084420032, -13.087651903, -13.0911306169999, -13.0948573369999, -13.0976891569999, 
-13.1034040499999, -13.110583893, -13.116345151, -13.11949884, -13.1223528149999, -13.124589308, -13.126493454, -13.1312303379999, -13.130837963, -13.1311242649999, -13.1258271739999, -13.1288007959999, -13.123678857, -13.1230053699999, -13.122310193, -13.118765019, -13.1204795399999, -13.1209453459999, -13.119100744, -13.1189189869999, -13.1115636409999, -13.107384028, -13.102647154, -13.1034631859999, -13.102555666, -13.1022190749999, -13.098544109, -13.096808564, -13.1016643589999, -13.103514633, 
-13.108658182, -13.1101765669999, -13.111264982, -13.112054637, -13.111571452, -13.1119860659999, -13.1133778289999, -13.11364809, -13.1130502689999, -13.1173076499999, -13.1212055619999, -13.1226675399999, -13.120880546, -13.121756563, -13.1249344949999, -13.1291457389999, -13.1339195309999, -13.13507891, -13.135476114, -13.133055523, -13.128275984, -13.124210702, -13.1157964419999, -13.1114710849999, -13.107968484, -13.1052021559999, -13.105049112, -13.1080125119999, -13.113119322, -13.115447723, 
-13.116478495, -13.119771733, -13.122141008, -13.1225451339999, -13.1231881939999, -13.1233018649999, -13.1234467139999, -13.122433757, -13.122440267, -13.123294949, -13.1237075749999, -13.122236377, -13.1216701229999, -13.1220222099999, -13.1204601979999, -13.1181644879999, -13.1176921169999, -13.120533709, -13.121192095, -13.1198410379999, -13.1155535309999, -13.115853623, -13.1191335009999, -13.118828182, -13.11784159, -13.1177420339999, -13.11709325, -13.113488669, -13.112798435, -13.111050926, 
-13.1110331369999, -13.112350802, -13.111872169, -13.111182237, -13.109921665, -13.1084849439999, -13.10529501, -13.101732785, -13.093714663, -13.089701159, -13.087660469, -13.0877326259999, -13.0878512519999, -13.0903946519999, -13.090259505, -13.0898875869999, -13.087642478, -13.085900088, -13.0860500179999, -13.085314855, -13.0804558419999, -13.081364618, -13.081976889, -13.077962651, -13.0758210819999, -13.0736717679999, -13.073438196, -13.0705812939999, -13.0685945019999, -13.0713725639999, 
-13.0673751529999, -13.0675059809999, -13.0661346439999, -13.066705438, -13.068049861, -13.0686210909999, -13.0662028279999, -13.0654081989999, -13.0614951659999, -13.0607479949999, -13.0556873389999, -13.0573462369999, -13.0564709499999, -13.05936128, -13.057663865, -13.0549270139999, -13.050918539, -13.0487780459999, -13.0499969269999, -13.047659308, -13.0487782399999, -13.0472225739999, -13.044713589, -13.0420169229999, -13.041138142, -13.0419888129999, -13.0442407949999, -13.045153978, -13.0442561489999, 
-13.044506501, -13.0422765109999, -13.0408935629999, -13.038812293, -13.038072302, -13.036368637, -13.0339048709999, -13.0330640059999, -13.032018098, -13.0282304319999, -13.027331744, -13.0270147489999, -13.022367001, -13.021155033, -13.0194012479999, -13.015964644, -13.0152289759999, -13.013589002, -13.0119247859999, -13.0113295639999, -13.0113869449999, -13.01204555, -13.010764055, -13.0122390809999, -13.011456391, -13.0120591049999, -13.01243716, -13.0124078869999, -13.009573168, -13.0109275099999, 
-13.011391609, -13.008844922, -13.004572069, -13.0055377159999, -13.005621236, -13.005250503, -13.004329819, -13.0031875409999, -13.001451941, -12.999727346, -12.9978710289999, -12.9968234899999, -12.9930798999999, -12.990968126, -12.9898339769999, -12.9878435109999, -12.986869807, -12.9846183899999, -12.9828579609999, -12.9795042579999, -12.978742407, -12.97821, -12.9774261229999, -12.9764289719999, -12.975593444, -12.9747134589999, -12.973903377, -12.9729775529999, -12.972011978, -12.970159639, 
-12.9692485989999, -12.968180412, -12.9675286609999, -12.9666958559999, -12.965564914, -12.964375799, -12.9634278099999, -12.9624451829999, -12.9616700139999, -12.961458839, -12.9604287829999, -12.959453558, -12.9594910379999, -12.959201621, -12.958338449, -12.9564207759999, -12.955664532, -12.9541709739999, -12.953199679, -12.9522458559999, -12.951298838, -12.949429089, -12.948455554, -12.94801604, -12.947552181, -12.9469259139999, -12.946090554, -12.94303367, -12.9421567829999, -12.941386426, -12.9408945599999, 
-12.940111073, -12.938260761, -12.937143045, -12.9339919399999, -12.9308921629999, -12.929714782, -12.9291560799999, -12.929052745, -12.928396534, -12.9267097739999, -12.9255351579999, -12.922638832, -12.920727916, -12.919843366, -12.918753685, -12.917722116, -12.916728106, -12.9151036539999, -12.9129062049999, -12.9120774949999, -12.910382264, -12.908067593, -12.906349, -12.9058140739999, -12.9060012059999, -12.904280359, -12.9036101889999, -12.90251266, -12.901586072, -12.8987613749999, -12.8967569539999, 
-12.8958475659999, -12.8947335979999, -12.8937085389999, -12.8907443279999, -12.8897958629999, -12.887429502, -12.8860936889999, -12.8850275239999, -12.8836011869999, -12.882684785, -12.8805167409999, -12.8797743619999, -12.8768769449999, -12.8760179809999, -12.8745536069999, -12.8728350499999, -12.8717480539999, -12.8698970469999, -12.867767064, -12.8669517289999, -12.8635318229999, -12.8618750919999, -12.860164659, -12.858452513, -12.8574043819999, -12.855687267, -12.854759852, -12.852831174, -12.8519397389999, 
-12.851635251, -12.8505033639999, -12.849570081, -12.848528862, -12.845724982, -12.84475301, -12.8437498649999, -12.8430771769999, -12.8405940549999, -12.8395271779999, -12.837617757, -12.836644556, -12.8359076979999, -12.8349305089999, -12.833732089, -12.832762595, -12.832493329, -12.8315296509999, -12.8310778549999, -12.8246591, -12.823796349, -12.8228941919999, -12.82214962, -12.8212150359999, -12.8204968279999, -12.819002109, -12.8179539749999, -12.8160442839999, -12.8149077099999, -12.814628225, 
-12.8149934709999, -12.814686996, -12.8137831, -12.813097415, -12.812055788, -12.811359215, -12.810540443, -12.80881846, -12.8080333149999, -12.805624586, -12.8050921349999, -12.8049390689999, -12.8040838389999, -12.8019336839999, -12.800957812, -12.8003045429999, -12.799383774, -12.799105753, -12.798102072, -12.796238806, -12.795403267, -12.794384663, -12.7935754719999, -12.7906773769999, -12.788497068, -12.785301057, -12.7723924579999, -12.769176707, -12.7670648759999, -12.759670346, -12.7534041199999, 
-12.751746095, -12.750786698, -12.7499087589999, -12.7490553919999, -12.74709143, -12.743818867, -12.7429187129999, -12.733487651, -12.7304570599999, -12.729737332, -12.729782353, -12.730567759, -12.730785958, -12.730146184, -12.730393995, -12.730283409, -12.7289220409999, -12.7286220039999, -12.7277368609999, -12.727117675, -12.726461845, -12.7248844119999, -12.7248298739999, -12.725213629, -12.7251746599999, -12.723700274, -12.723051003, -12.7224456819999, -12.7224520829999, -12.722243335, -12.72189431, 
-12.7184397019999, -12.717877841, -12.715871557, -12.715105002, -12.7128951769999, -12.710579017, -12.7096724369999, -12.708607155, -12.7077347969999, -12.706523576, -12.705660581, -12.7050232039999, -12.703284009, -12.703663358, -12.7048615539999, -12.7067423359999, -12.7071832999999, -12.708925321, -12.7088544, -12.7090435959999, -12.71005988, -12.710302251, -12.7097921179999, -12.708887343, -12.707904259, -12.706774095, -12.705914989, -12.704866667, -12.703910786, -12.701457955, -12.698222476, 
-12.6944232139999, -12.6932295009999, -12.692314183, -12.691583641, -12.691003904, -12.6909407979999, -12.6906542949999, -12.6900702689999, -12.68933263, -12.6881727329999, -12.6860761449999, -12.6852534289999, -12.684548856, -12.684164797, -12.684245341, -12.6857068059999, -12.685572468, -12.6849039939999, -12.6838121009999, -12.68268227, -12.681615173, -12.6800767919999, -12.6781633699999, -12.6769786699999, -12.676035591, -12.6752298509999, -12.6743721079999, -12.673881453, -12.6732772439999, 
-12.6690103649999, -12.668385213, -12.667365084, -12.666422595, -12.6663332149999, -12.6669255729999, -12.6692355109999, -12.6697297609999, -12.6706256539999, -12.670705999, -12.669921259, -12.6677438789999, -12.6663053609999, -12.664532869, -12.661582529, -12.660637677, -12.6598011979999, -12.6593567449999, -12.659090259, -12.6583762829999, -12.657428399, -12.65549599, -12.653138886, -12.651220606, -12.650172721, -12.6489960209999, -12.647505485, -12.646645274, -12.6456743589999, -12.644761372, 
-12.643997648, -12.6422643549999, -12.63810812, -12.636533317, -12.6350482449999, -12.6319618, -12.630207479, -12.629535793, -12.628083406, -12.6265618229999, -12.6269053879999, -12.6288278199999, -12.6311955259999, -12.6346937989999, -12.63682781, -12.637985839, -12.6406312989999, -12.6453141239999, -12.6503513869999, -12.654259615, -12.6569822849999, -12.659853066, -12.6631012299999, -12.666617051)))"
1100080,Costa Marques,11,RO,"list(list(c(-63.7119940949999, -63.706131343, -63.7041284, -63.702809277, -63.700658419, -63.699018967, -63.698355123, -63.697411859, -63.69528253, -63.6922539939999, -63.6911895209999, -63.690268239, -63.690272529, -63.69056216, -63.6894289629999, -63.6885790099999, -63.6868665769999, -63.684370384, -63.6801650209999, -63.679807398, -63.679919868, -63.679386596, -63.67772264, -63.6767968389999, -63.674609571, -63.673344739, -63.670748093, -63.669684245, -63.669020436, -63.6688907169999, -63.6673620909999, 
-63.666163844, -63.6659693999999, -63.664775732, -63.6638454169999, -63.663315084, -63.661454308, -63.6589244629999, -63.6579949659999, -63.6582667609999, -63.6580035689999, -63.655608646, -63.6548130909999, -63.6522975159999, -63.647497118, -63.645366252, -63.6409659349999, -63.638432301, -63.6365703229999, -63.633905425, -63.631511186, -63.627386204, -63.6253902809999, -63.6231262379999, -63.620192317, -63.618859793, -63.615264165, -63.613666427, -63.611533633, -63.6102020009999, -63.608605118, 
-63.605941849, -63.6040734379999, -63.601938799, -63.600475, -63.59967649, -63.596350412, -63.589292707, -63.5800949409999, -63.575963996, -63.563181189, -63.546795579, -63.544804165, -63.54429018, -63.5449651099999, -63.5459010609999, -63.548840662, -63.5491129519999, -63.5499220249999, -63.552459052, -63.555262151, -63.5576661249999, -63.5592697679999, -63.565398752, -63.5690015969999, -63.575809955, -63.5782141329999, -63.581016757, -63.5851569229999, -63.586500374, -63.5874378409999, -63.592777192, 
-63.596248447, -63.601587052, -63.602123393, -63.601731059, -63.602267549, -63.604543065, -63.606816145, -63.6054915449999, -63.6029647769999, -63.600036853, -63.5984417459999, -63.59751328, -63.5951196089999, -63.5913919819999, -63.5872688309999, -63.5871388579999, -63.584346047, -63.582621885, -63.58109461, -63.7880692479999, -63.7880117159999, -63.7965971239999, -63.8121040939999, -63.818472371, -63.8204672949999, -63.8208152919999, -63.819120996, -63.8184485519999, -63.818968693, -63.8181232709999, 
-63.817958422, -63.819160795, -63.8203687719999, -63.822592696, -63.8236266259999, -63.823802674, -63.8251726709999, -63.8313127069999, -63.83421685, -63.837628346, -63.8406925249999, -63.845290358, -63.8481891699999, -63.8500680379999, -63.853149683, -63.8581093229999, -63.8611858559999, -63.862220931, -63.863258144, -63.8619089109999, -63.861409636, -63.8595476069999, -63.8581963449999, -63.857703774, -63.858399116, -63.860623784, -63.862682885, -63.863717403, -63.8667933979999, -63.868339869, 
-63.871246428, -63.8733029039999, -63.882173129, -63.885948747, -63.888011743, -63.8922880839999, -63.900151304, -63.9057834499999, -63.908853004, -63.9204511909999, -63.9231858489999, -63.9359934669999, -63.93906924, -63.946584416, -63.9500028259999, -63.953424597, -63.956510798, -63.956523635, -63.957220013, -63.9592735989999, -63.959680757, -63.9622082529999, -63.9644228729999, -63.970082655, -63.9826571259999, -63.991143058, -63.997149606, -63.9977986259999, -64.000368243, -63.995392801, -63.994786232, 
-63.993861474, -63.9948237899999, -63.993575462, -63.996712858, -64.001119255, -64.0036507789999, -64.0061846839999, -64.009655391, -64.010298106, -64.012826741, -64.0153458629999, -64.016929122, -64.01944844, -64.023219627, -64.025116564, -64.025750488, -64.024495711, -64.025450592, -64.029860977, -64.0333354679999, -64.0346074099999, -64.037443897, -64.041529188, -64.0431077759999, -64.044048576, -64.0449800229999, -64.047503216, -64.0512638129999, -64.052516527, -64.0565991829999, -64.0584961199999, 
-64.0575726609999, -64.058525256, -64.0588533069999, -64.059809117, -64.0629484939999, -64.067040177, -64.06987402, -64.075534482, -64.078982802, -64.082440809, -64.0852685259999, -64.085575363, -64.051543831, -64.0511200459999, -64.0309501659999, -63.9953146879999, -63.9849581729999, -63.969055699, -63.937197762, -63.9221655429999, -63.9070491539999, -63.9052210449999, -63.88178285, -63.8574191939999, -63.851352228, -63.851027286, -63.847568438, -63.817785638, -63.798888155, -63.7891052319999, -63.7891079429999, 
-63.7888706119999, -63.7861317379999, -63.778250697, -63.775306847, -63.7738391549999, -63.7720678349999, -63.7714461939999, -63.770295859, -63.7681999969999, -63.7658878019999, -63.759885416, -63.7536688539999, -63.750085128, -63.747982987, -63.747249502, -63.746312028, -63.7467392419999, -63.747801989, -63.749934551, -63.748259922, -63.7462696019999, -63.746483482, -63.7458583089999, -63.745021997, -63.745451785, -63.7433729479999, -63.739072515, -63.732330157, -63.7298037859999, -63.7284394859999, 
-63.7290745669999, -63.7281311409999, -63.72835099, -63.7280399949999, -63.725941796, -63.7236235789999, -63.722469513, -63.718783558, -63.7142493549999, -63.648210342, -63.648157253, -63.6483499979999, -63.6492385409999, -63.649769891, -63.6505143709999, -63.650804547, -63.6513609949999, -63.651378712, -63.6508609329999, -63.650565193, -63.649497959, -63.648752444, -63.646961539, -63.6457685269999, -63.645421325, -63.644951436, -63.644703362, -63.6446808859999, -63.6448849919999, -63.644940772, 
-63.6447434089999, -63.644247131, -63.64188446, -63.636834505, -63.6356888099999, -63.6346690619999, -63.633823722, -63.6336272849999, -63.6336569359999, -63.633458609, -63.63269027, -63.631379661, -63.630933036, -63.630216746, -63.628755648, -63.6283763549999, -63.626003358, -63.624581715, -63.624259097, -63.624072251, -63.6239612419999, -63.624911708, -63.625420165, -63.6262832879999, -63.626914115, -63.6271805629999, -63.627305899, -63.627856306, -63.627739244, -63.627924823, -63.6283117679999, 
-63.6291222099999, -63.630236211, -63.6317940539999, -63.633372126, -63.6367909909999, -63.641507262, -63.642154996, -63.642783729, -63.643594545, -63.6439600189999, -63.64406344, -63.644430291, -63.644615105, -63.6450010129999, -63.6463608659999, -63.648184214, -63.650577876, -63.6517518059999, -63.652864785, -63.655029559, -63.6572974979999, -63.660696762, -63.6613043349999, -63.663466364, -63.6660751489999, -63.668948134, -63.671334574, -63.675519201, -63.6769546139999, -63.678856662, -63.681226306, 
-63.684757935, -63.685669255, -63.6866627739999, -63.6915479239999, -63.696018468, -63.698748409, -63.704234465, -63.7063271179999, -63.7088549009999, -63.710811065, -63.712772782, -63.713830451, -63.7158141859999, -63.718134235, -63.720151547, -63.7222392549999, -63.7264182299999, -63.729272323, -63.7337166569999, -63.741413364, -63.7425936069999, -63.746363236, -63.7477703759999, -63.7587470949999, -63.762155303, -63.7642959459999, -63.765115635, -63.767163957, -63.768075252, -63.7689409489999, 
-63.770270083, -63.7737786539999, -63.775711691, -63.776446764, -63.7791051959999, -63.7796860349999, -63.780608924, -63.782856274, -63.783500782, -63.7844359969999, -63.786303467, -63.7884091379999, -63.790575755, -63.7916313709999, -63.791942094, -63.794303854, -63.796885566, -63.7977512119999, -63.7987416779999, -63.7996071519999, -63.8000774579999, -63.802493158, -63.8031321229999, -63.804972047, -63.807213179, -63.809365401, -63.810908856, -63.8118284439999, -63.8138175889999, -63.8158826919999, 
-63.818051433, -63.8199674179999, -63.8205459719999, -63.822021196, -63.8233043979999, -63.823738012, -63.8267985269999, -63.827468169, -63.8283885909999, -63.83193797, -63.8339706709999, -63.837018302, -63.840324893, -63.843049074, -63.8438871119999, -63.8481697719999, -63.8503332649999, -63.851246865, -63.8522783929999, -63.8534395939999, -63.857220086, -63.8583519089999, -63.8616077299999, -63.8643354379999, -63.8665141079999, -63.870191738, -63.8712995979999, -63.8722064419999, -63.873103977, 
-63.8759291439999, -63.877343652, -63.8803231419999, -63.883730664, -63.8851624059999, -63.88730344, -63.8880288, -63.88930418, -63.890635349, -63.890631373, -63.889277288, -63.889105721, -63.889105379, -63.88935348, -63.8901900779999, -63.8912917059999, -63.893157699, -63.893935458, -63.8951444769999, -63.895939018, -63.896304449, -63.900213823, -63.9007175959999, -63.9009099459999, -63.900890095, -63.9004109629999, -63.898161234, -63.897858659, -63.89780159, -63.8980512429999, -63.899940945, -63.900712889, 
-63.9017731759999, -63.903022503, -63.9038392889999, -63.90719469, -63.908719628, -63.9098567739999, -63.9111626709999, -63.9130020709999, -63.915472197, -63.9185553719999, -63.9199292219999, -63.921827035, -63.923688761, -63.925246531, -63.9264554609999, -63.927535687, -63.928915664, -63.9323009979999, -63.933414335, -63.935129956, -63.936109052, -63.93858323, -63.9397258429999, -63.9422154649999, -63.943504943, -63.946207998, -63.9470188059999, -63.95199984, -63.9529724709999, -63.9564985429999, 
-63.957702523, -63.9605230599999, -63.9633618999999, -63.966659631, -63.968856218, -63.970383156, -63.976186352, -63.978131135, -63.9791087069999, -63.980765513, -63.9813846339999, -63.9817806069999, -63.983216575, -63.9866595109999, -63.9912750299999, -63.992853877, -63.994717465, -63.9958823799999, -63.997834451, -63.999048127, -64.0005519009999, -64.001330608, -64.001555518, -64.002443136, -64.0030667729999, -64.003559297, -64.004876651, -64.00641296, -64.007272435, -64.0092994829999, -64.0107467579999, 
-64.011647028, -64.013335169, -64.017890155, -64.0191326459999, -64.020215502, -64.0211610529999, -64.0223573059999, -64.023468506, -64.024189104, -64.025134086, -64.02654924, -64.0293829459999, -64.032280549, -64.035857286, -64.0379747729999, -64.03900227, -64.040161628, -64.04091961, -64.042276424, -64.043106507, -64.0441612939999, -64.0454931229999, -64.046056431, -64.046578969, -64.047852948, -64.0495499739999, -64.05040954, -64.05091257, -64.0531309759999, -64.0570100099999, -64.0599965749999, 
-64.0634475419999, -64.065768834, -64.069141029, -64.0729733049999, -64.0742178709999, -64.0757785619999, -64.0770775909999, -64.0820267029999, -64.083827002, -64.086749458, -64.088458918, -64.0888833429999, -64.089327242, -64.089470764, -64.089272157, -64.089275812, -64.0894098219999, -64.089942103, -64.0921924159999, -64.095799765, -64.097000639, -64.0988866769999, -64.099912227, -64.1008017599999, -64.1016337819999, -64.1025235469999, -64.104829755, -64.105924605, -64.10809497, -64.109942753, 
-64.1104702859999, -64.1114729319999, -64.112113682, -64.112843894, -64.114630462, -64.1154951009999, -64.1184956479999, -64.121641092, -64.1225809159999, -64.1236896029999, -64.1243196569999, -64.124471124, -64.124273337, -64.123081612, -64.122722423, -64.1226947929999, -64.1224726769999, -64.122108096, -64.122584696, -64.1231659629999, -64.1236685839999, -64.124883754, -64.1268887529999, -64.1279363999999, -64.1286310129999, -64.130216084, -64.133880489, -64.1350437189999, -64.1371737659999, -64.1383887209999, 
-64.1406902789999, -64.141665445, -64.1437752939999, -64.1447316829999, -64.1451071659999, -64.145110301, -64.1457803439999, -64.1466071949999, -64.148298465, -64.149970554, -64.1512515809999, -64.151889652, -64.153448412, -64.154057095, -64.155664513, -64.1574457059999, -64.16083272, -64.16460707, -64.166553195, -64.168339543, -64.169301704, -64.171181165, -64.173381933, -64.173886094, -64.173888302, -64.173134794, -64.172630129, -64.171422639, -64.1709439269999, -64.170945971, -64.1713253829999, 
-64.1717987039999, -64.171524754, -64.17127032, -64.171301565, -64.171445284, -64.172191438, -64.172884457, -64.17399546, -64.1754578549999, -64.181324132, -64.184144871, -64.1856346449999, -64.187969961, -64.188663423, -64.1901969119999, -64.192305822, -64.1932172139999, -64.19452114, -64.196773215, -64.198580631, -64.2002212749999, -64.2018266819999, -64.2032455609999, -64.203639842, -64.20518809, -64.206394651, -64.2088833589999, -64.209911243, -64.213333333, -64.2165831769999, -64.217444488, 
-64.2186311419999, -64.219720519, -64.221816595, -64.222715209, -64.2247780729999, -64.2276556409999, -64.2305488119999, -64.231634531, -64.2344916789999, -64.2355565429999, -64.2361073019999, -64.2380853229999, -64.2395874119999, -64.241382749, -64.243163739, -64.245829943, -64.246509175, -64.248530682, -64.250882614, -64.2522442629999, -64.252786289, -64.2547815419999, -64.2573624579999, -64.2588267339999, -64.26060588, -64.2658674669999, -64.267111023, -64.269975394, -64.27096912, -64.27158429, 
-64.272442245, -64.272888698, -64.275077261, -64.2776411869999, -64.2781336729999, -64.2793854569999, -64.2814400719999, -64.284444216, -64.285778388, -64.286724167, -64.2908910269999, -64.2939750419999, -64.294581689, -64.2966648869999, -64.297802523, -64.298824333, -64.298584858, -64.297992998, -64.297093117, -64.2964662809999, -64.2959744399999, -64.2948345, -64.2935849249999, -64.292641117, -64.292057903, -64.2914959139999, -64.2907737319999, -64.290613136, -64.29122293, -64.2915543449999, -64.2920567239999, 
-64.2927394589999, -64.2947209859999, -64.295745997, -64.296807449, -64.298332768, -64.2997168929999, -64.3033462369999, -64.307525534, -64.3168727739999, -64.3185311089999, -64.319385863, -64.3218075389999, -64.3232188169999, -64.326471656, -64.3276887069999, -64.3286386509999, -64.3367487839999, -64.345087798, -64.349163112, -64.3503877109999, -64.352991925, -64.359861588, -64.361940042, -64.363553595, -64.3642796859999, -64.366886282, -64.3693943049999, -64.3708585469999, -64.376011034, -64.3826967689999, 
-64.3863015909999, -64.3889444719999, -64.390387343, -64.393810631, -64.398389121, -64.399721316, -64.400918253, -64.4016108589999, -64.4025556269999, -64.403893458, -64.404663391, -64.4061676099999, -64.4072808969999, -64.408942196, -64.4102175789999, -64.4112143409999, -64.4162116269999, -64.4183909, -64.419440772, -64.420748085, -64.4245508089999, -64.4254251689999, -64.428194934, -64.428633294, -64.4295829149999, -64.4308337619999, -64.431967657, -64.433251226, -64.434328311, -64.4355309689999, 
-64.437440292, -64.4407724709999, -64.443274263, -64.444717867, -64.445829283, -64.4476695879999, -64.449244648, -64.4506935289999, -64.4521900769999, -64.452750811, -64.453278096, -64.454880548, -64.4578491729999, -64.4587322319999, -64.4600270669999, -64.4616401069999, -64.462521036, -64.464790547, -64.465800719, -64.469554256, -64.471288412, -64.472521931, -64.475526312, -64.479019973, -64.4797829979999, -64.4808297469999, -64.4816400839999, -64.481945636, -64.482459819, -64.483639479, -64.48447008, 
-64.4865512529999, -64.487886893, -64.4884684029999, -64.4892455499999, -64.4905528209999, -64.4942476579999, -64.4974572769999, -64.4994130369999, -64.500558118, -64.5007946849999, -64.501051854, -64.5032999269999, -64.504108062, -64.50655255, -64.5077163779999, -64.508968813, -64.51055107, -64.511282733, -64.512106154, -64.513000634, -64.5130782859999, -64.512800289, -64.5118845159999, -64.509856252, -64.50791528, -64.505133255, -64.504222748, -64.5035527369999, -64.501305025, -64.5005381239999, 
-64.5003365119999, -64.4998599249999, -64.4995551059999, -64.499445104, -64.4981345089999, -64.497003621, -64.496471331, -64.4955280409999, -64.494643324, -64.4940459709999, -64.4935542919999, -64.492859321, -64.4928919109999, -64.493217729, -64.493579653, -64.494518219, -64.4946405039999, -64.495389424, -64.4959955499999, -64.496081754, -64.496360757, -64.496580157, -64.497223749, -64.497476196, -64.498054515, -64.498216718, -64.498558276, -64.499279431, -64.499606424, -64.4999230599999, -64.501720926, 
-64.5026635449999, -64.503276984, -64.5039054329999, -64.504994945, -64.5058292399999, -64.506304116, -64.508193608, -64.509973013, -64.5107765399999, -64.5116073409999, -64.5127895209999, -64.515704967, -64.52363914, -64.525415777, -64.5272715089999, -64.5289127839999, -64.5299397749999, -64.530733585, -64.5331379039999, -64.5341093289999, -64.5351419899999, -64.537502138, -64.539336651, -64.5402528299999, -64.5411760079999, -64.5419683109999, -64.5450250969999, -64.5461662809999, -64.547100195, 
-64.5522432879999, -64.554084501, -64.557330059, -64.5586903879999, -64.559885495, -64.5612214959999, -64.562851195, -64.5641102259999, -64.566029921, -64.5662732279999, -64.568608984, -64.573345998, -64.5758153269999, -64.576945617, -64.578005122, -64.580053945, -64.5838283799999, -64.5849523379999, -64.5898526439999, -64.5919943299999, -64.592911648, -64.59455388, -64.593078212, -64.5929443549999, -64.5924440499999, -64.592192467, -64.5907734309999, -64.5906718489999, -64.5891634719999, -64.5883306389999, 
-64.5870543889999, -64.586746662, -64.5855805339999, -64.584141014, -64.582500935, -64.578495883, -64.5763841999999, -64.572163657, -64.5682460189999, -64.5664155119999, -64.563277684, -64.561943828, -64.556977615, -64.5530116799999, -64.552162988, -64.5513265989999, -64.548834101, -64.5459665169999, -64.544389014, -64.5441127189999, -64.5434460239999, -64.5430811639999, -64.5430824839999, -64.5441029689999, -64.544247877, -64.5438275149999, -64.543246908, -64.5411378599999, -64.5402772619999, -64.539281885, 
-64.539252749, -64.5394454439999, -64.5399389089999, -64.540751365, -64.5410536639999, -64.540361657, -64.5391673229999, -64.538220935, -64.536030282, -64.533285554, -64.5324424189999, -64.527054654, -64.525117876, -64.522548737, -64.520193857, -64.5192217089999, -64.518165816, -64.517139541, -64.5163019919999, -64.5158307789999, -64.5158099229999, -64.515331746, -64.5145797169999, -64.5141100199999, -64.5141420449999, -64.513890761, -64.513413997, -64.5126126129999, -64.511584327, -64.509972395, 
-64.506856168, -64.5060823419999, -64.504245368, -64.5030780409999, -64.5009934739999, -64.5001653269999, -64.4985681959999, -64.497713401, -64.4968085849999, -64.4963342619999, -64.4943292229999, -64.493413558, -64.492030273, -64.487751569, -64.4869162409999, -64.4859961339999, -64.4849417989999, -64.4834151759999, -64.482080722, -64.48172197, -64.48092373, -64.4774022389999, -64.4757777239999, -64.474999146, -64.4718880029999, -64.46957691, -64.468748628, -64.468276327, -64.466886873, -64.466916281, 
-64.4672771049999, -64.4675842019999, -64.468415357, -64.469112231, -64.470167285, -64.471247278, -64.472055058, -64.4725231129999, -64.4734959149999, -64.4745832779999, -64.4753563089999, -64.475859315, -64.476192737, -64.476113621, -64.4746357659999, -64.474639438, -64.474362555, -64.473588415, -64.4726625269999, -64.472001408, -64.471193707, -64.466781273, -64.464469662, -64.4576076579999, -64.455596602, -64.454667069, -64.453833958, -64.4493816419999, -64.447798188, -64.44694322, -64.447332023, 
-64.4480537489999, -64.447470669, -64.447022945, -64.447779324, -64.447805178, -64.4469644309999, -64.4469470589999, -64.44774477, -64.445966413, -64.444974504, -64.444576459, -64.443523327, -64.4424697529999, -64.4409968479999, -64.4408036559999, -64.440196559, -64.4391615289999, -64.4385314809999, -64.4383532099999, -64.4373033149999, -64.437496187, -64.438333192, -64.439186584, -64.440303209, -64.442381245, -64.4430774919999, -64.445303946, -64.4461378759999, -64.446638981, -64.448213417, -64.448839149, 
-64.4487463829999, -64.4481128959999, -64.447772937, -64.4477728129999, -64.446549165, -64.445803058, -64.443914354, -64.4426369559999, -64.4417178539999, -64.440806449, -64.439854346, -64.439360439, -64.4371366719999, -64.4366657079999, -64.4354698889999, -64.4347136, -64.43373005, -64.432378714, -64.4315227579999, -64.430634219, -64.430857448, -64.4306877499999, -64.4289429149999, -64.428773522, -64.427243426, -64.426611419, -64.42636514, -64.425972863, -64.4253837419999, -64.423772092, -64.423137487, 
-64.4220787009999, -64.421999832, -64.422190642, -64.423639943, -64.425109319, -64.4253016, -64.4243637119999, -64.4233601269999, -64.4226916299999, -64.4228596849999, -64.4232753269999, -64.4234652979999, -64.423132717, -64.4218826919999, -64.4209649649999, -64.420025359, -64.419714685, -64.4188345349999, -64.418053904, -64.416440028, -64.41371772, -64.4122420209999, -64.4111959849999, -64.410081389, -64.408053487, -64.407194625, -64.4033322, -64.402611205, -64.401583474, -64.400557598, -64.399716681, 
-64.399747138, -64.3995024229999, -64.3990036279999, -64.398247457, -64.395188897, -64.3931668129999, -64.3910806339999, -64.3901603669999, -64.388329678, -64.3871606, -64.387105974, -64.388746335, -64.388612098, -64.38782941, -64.386665706, -64.384914918, -64.383061636, -64.382608317, -64.381910498, -64.381132276, -64.380001057, -64.379831638, -64.379972899, -64.382133159, -64.3820000479999, -64.3813900859999, -64.380385432, -64.378913553, -64.3778855339999, -64.376830944, -64.3771651859999, -64.3787441539999, 
-64.3783535299999, -64.377935828, -64.3754988699999, -64.375079125, -64.375836917, -64.3779109659999, -64.3789145339999, -64.380112942, -64.3799389869999, -64.3794655709999, -64.3782506329999, -64.378303961, -64.3790009409999, -64.3788001979999, -64.377998874, -64.3769667209999, -64.376054458, -64.3763310899999, -64.377244175, -64.377244333, -64.376999745, -64.376081942, -64.3753340649999, -64.3750248349999, -64.3747488439999, -64.3748043799999, -64.375827041, -64.3743325229999, -64.373190591, -64.3691380469999, 
-64.368305228, -64.365213833, -64.3627971769999, -64.3613575749999, -64.359645818, -64.3591110129999, -64.3575211129999, -64.35660256, -64.355403042, -64.353602339, -64.3516892299999, -64.3516654009999, -64.3513854239999, -64.350806334, -64.3497160149999, -64.3488843189999, -64.3483086219999, -64.347747746, -64.3463281039999, -64.345524823, -64.3450777679999, -64.343555732, -64.34316308, -64.3416426179999, -64.3404369399999, -64.337057654, -64.336223033, -64.334219138, -64.330547876, -64.329692248, 
-64.3265532849999, -64.325274671, -64.3230514349999, -64.3222708929999, -64.321270039, -64.3193307889999, -64.31847372, -64.3181303009999, -64.3172472159999, -64.316802072, -64.3162512419999, -64.31602641, -64.315077411, -64.314441858, -64.3134707719999, -64.312057787, -64.312500238, -64.311523944, -64.310751507, -64.310606674, -64.309879801, -64.3086597929999, -64.3072481089999, -64.3052172589999, -64.304636116, -64.303666318, -64.3016350639999, -64.3006085539999, -64.299992924, -64.300102011, -64.3006364949999, 
-64.3012740949999, -64.3014692849999, -64.300607206, -64.2996915379999, -64.298658647, -64.2977954199999, -64.2971039479999, -64.296189765, -64.29521404, -64.2943021999999, -64.293080388, -64.292106392, -64.291029592, -64.290413589, -64.290048563, -64.2898021769999, -64.289796191, -64.2889703799999, -64.288055239, -64.2871627469999, -64.2874151199999, -64.287852348, -64.287889336, -64.286663494, -64.286269924, -64.285829915, -64.2849395209999, -64.284165291, -64.282165051, -64.281054635, -64.280270513, 
-64.279082337, -64.2781115639999, -64.2782982249999, -64.2780525229999, -64.27707903, -64.2768875469999, -64.2763302009999, -64.274381373, -64.2729722839999, -64.270274582, -64.2676355849999, -64.266387589, -64.265135099, -64.262913935, -64.261771965, -64.260216225, -64.2592489439999, -64.258579243, -64.258466937, -64.2586088689999, -64.258271051, -64.258187519, -64.257662064, -64.256635074, -64.2554733249999, -64.254827683, -64.2542475239999, -64.2529131989999, -64.2506606059999, -64.2502747559999, 
-64.249386465, -64.248910726, -64.248745387, -64.248108669, -64.246941905, -64.245883911, -64.245300812, -64.2441881639999, -64.2429645279999, -64.2417994359999, -64.240828629, -64.240021556, -64.2396568949999, -64.240355547, -64.2413271079999, -64.2417719209999, -64.242524568, -64.2434098959999, -64.243717462, -64.244714464, -64.2455289249999, -64.245469074, -64.243360048, -64.242581338, -64.242055577, -64.2424446329999, -64.2439999389999, -64.245276022, -64.246915217, -64.247333882, -64.248027354, 
-64.249079276, -64.249972912, -64.250964357, -64.251879096, -64.252934929, -64.254582716, -64.255382889, -64.256328497, -64.257102018, -64.258442228, -64.258389182, -64.257940405, -64.25757608, -64.25465784, -64.251221812, -64.2501120919999, -64.24924544, -64.24827085, -64.2452227149999, -64.2444951569999, -64.2438570269999, -64.24327104, -64.242753541, -64.23905343, -64.237271569, -64.2359128809999, -64.2331971989999, -64.2321897849999, -64.230742721, -64.2297702179999, -64.2279897649999, -64.226996544, 
-64.225804501, -64.2245008579999, -64.222103433, -64.221718089, -64.2209060479999, -64.2192209769999, -64.2181902229999, -64.216716923, -64.215635127, -64.215269301, -64.215881864, -64.2165243319999, -64.2168526919999, -64.216803539, -64.2162483639999, -64.2147993999999, -64.21393642, -64.2134896449999, -64.2134647709999, -64.2129086469999, -64.2116614129999, -64.210806233, -64.2096316459999, -64.208387172, -64.207467811, -64.2045496099999, -64.2035480719999, -64.202715808, -64.202719823, -64.2034700119999, 
-64.204220574, -64.205024717, -64.206243207, -64.207161865, -64.207330681, -64.206964902, -64.2051585989999, -64.203859943, -64.2016634559999, -64.2001916739999, -64.198969668, -64.197635223, -64.196575932, -64.1930243179999, -64.190637353, -64.187519502, -64.1862702249999, -64.1851911939999, -64.1842390999999, -64.1827674789999, -64.1817162929999, -64.1794740179999, -64.1768022019999, -64.1758061249999, -64.1751435369999, -64.1763974669999, -64.17654594, -64.175689892, -64.1745200599999, -64.1735277609999, 
-64.172831946, -64.171885241, -64.171189647, -64.1701929429999, -64.169274225, -64.169442996, -64.1705500159999, -64.170156359, -64.1694381739999, -64.169186342, -64.16838682, -64.167220238, -64.1650781829999, -64.164667182, -64.166247331, -64.166547685, -64.165771325, -64.1638286029999, -64.163666691, -64.162797188, -64.162024283, -64.1610544479999, -64.1600733969999, -64.159607221, -64.1589700959999, -64.157937779, -64.156636718, -64.155875548, -64.155328308, -64.155830705, -64.156107373, -64.1549720469999, 
-64.154974484, -64.154609942, -64.1536938199999, -64.1526925849999, -64.151634198, -64.1505810769999, -64.148331237, -64.147241155, -64.145830797, -64.144631808, -64.1444108049999, -64.1447458569999, -64.1447198239999, -64.1429144709999, -64.141962755, -64.141047156, -64.14052779, -64.1407694019999, -64.141741363, -64.1429896809999, -64.144135241, -64.144940003, -64.144965155, -64.1433037409999, -64.142434036, -64.1391573279999, -64.137852676, -64.1336930539999, -64.1316642839999, -64.130798592, 
-64.130218519, -64.130298509, -64.1307437919999, -64.131685658, -64.135048453, -64.1356878869999, -64.134939378, -64.134025381, -64.1330758139999, -64.1312169729999, -64.1302150339999, -64.1303578659999, -64.129973138, -64.1284647529999, -64.127915542, -64.127189697, -64.12674406, -64.1270241469999, -64.126608435, -64.1241300289999, -64.1221958669999, -64.121880402, -64.1215803099999, -64.1211857639999, -64.121325539, -64.1222408619999, -64.1231652009999, -64.124191673, -64.1250240039999, -64.1251595589999, 
-64.1239118979999, -64.1246320289999, -64.125272991, -64.127012881, -64.1279073389999, -64.1282468369999, -64.1281025979999, -64.127415631, -64.126658945, -64.1258036099999, -64.124744388, -64.123630518, -64.122657622, -64.121188019, -64.120267153, -64.118549792, -64.1172191809999, -64.113855804, -64.113495695, -64.112381792, -64.1116038069999, -64.110160589, -64.1078036499999, -64.107415767, -64.1081325279999, -64.109693034, -64.1103513349999, -64.110520342, -64.110249593, -64.108964468, -64.1057672909999, 
-64.1043236499999, -64.1030234889999, -64.101108977, -64.099691115, -64.097713792, -64.097635912, -64.0978539379999, -64.0987960699999, -64.1015485149999, -64.103766337, -64.104269742, -64.1042980179999, -64.103633362, -64.101715741, -64.099297465, -64.096829375, -64.0913531799999, -64.090155274, -64.0889648789999, -64.0879954369999, -64.08723999, -64.08402185, -64.0806583079999, -64.078964796, -64.078050316, -64.0776304199999, -64.077992544, -64.0773330289999, -64.075990462, -64.074516584, -64.071131387, 
-64.0700236469999, -64.065988121, -64.0648517339999, -64.063548102, -64.062112655, -64.0609896129999, -64.057690091, -64.055896558, -64.0536536849999, -64.0538284989999, -64.052970287, -64.052523807, -64.0516055249999, -64.050421007, -64.050076213, -64.050607812, -64.050379808, -64.048132327, -64.0471309009999, -64.046357051, -64.045379697, -64.0439110169999, -64.042851717, -64.0419924129999, -64.041437917, -64.04037737, -64.03949456, -64.0392714429999, -64.038414458, -64.0377158579999, -64.0369158569999, 
-64.0362226019999, -64.0368551839999, -64.037992287, -64.038966159, -64.0394686029999, -64.039714695, -64.041018542, -64.042162095, -64.0431896899999, -64.043966205, -64.0441004589999, -64.0431081669999, -64.042470215, -64.041296689, -64.0403568409999, -64.039133852, -64.03710679, -64.0343763019999, -64.0329907659999, -64.031440142, -64.030327384, -64.0292197059999, -64.0282460689999, -64.026245886, -64.0250491579999, -64.024573064, -64.02482552, -64.024553948, -64.02357926, -64.023938732, -64.024743653, 
-64.0243838369999, -64.0239651269999, -64.0247131689999, -64.024907877, -64.024638065, -64.024799513, -64.024157782, -64.0230280799999, -64.020607231, -64.0212643839999, -64.0206606199999, -64.0193841999999, -64.018662482, -64.017472139, -64.0162212819999, -64.0152434389999, -64.0141599899999, -64.0136301719999, -64.0127708109999, -64.0118272399999, -64.0100768639999, -64.0076542189999, -64.006738947, -64.003770549, -64.001996171, -64.0005464699999, -63.9994677559999, -63.99652423, -63.995379976, 
-63.9944913729999, -63.993656778, -63.991523558, -63.9911889969999, -63.9902148119999, -63.989074071, -63.986575595, -63.9846659549999, -63.9821896529999, -63.980163401, -63.979298474, -63.978691657, -63.9782465549999, -63.976577103, -63.975634938, -63.974466889, -63.9734688899999, -63.971380204, -63.969775321, -63.967192261, -63.966688046, -63.966405987, -63.9660470579999, -63.966044314, -63.9664207149999, -63.966635441, -63.9659956599999, -63.9660167749999, -63.9663260819999, -63.966303227, -63.965301301, 
-63.9647159739999, -63.964016253, -63.963325182, -63.9629143069999, -63.9620256809999, -63.959856222, -63.9576610409999, -63.9566831109999, -63.9559910289999, -63.955460946, -63.9543787229999, -63.9534391619999, -63.9525160619999, -63.951134095, -63.949852655, -63.9490436669999, -63.948105713, -63.9465228079999, -63.945627314, -63.944883648, -63.9445168919999, -63.943407266, -63.9414785929999, -63.9399128699999, -63.9390486319999, -63.937937601, -63.935183674, -63.933103211, -63.932103087, -63.931328789, 
-63.928852228, -63.9260513189999, -63.9240226169999, -63.922691649, -63.921796376, -63.92063307, -63.9196600279999, -63.9183224919999, -63.9147769229999, -63.91329832, -63.908188665, -63.907130016, -63.9051349729999, -63.903824635, -63.9027700449999, -63.9016635819999, -63.9004381839999, -63.898770941, -63.8976272339999, -63.896177662, -63.894659092, -63.893687426, -63.89166034, -63.8905457589999, -63.88904464, -63.8880526959999, -63.883991797, -63.880849789, -63.8796877809999, -63.879020822, -63.877886851, 
-63.8755786609999, -63.874462745, -63.8736322939999, -63.8726900099999, -63.871581338, -63.871160449, -63.869990881, -63.869437234, -63.86838082, -63.8676608109999, -63.866771721, -63.865769833, -63.863855068, -63.8626865689999, -63.86135019, -63.8605224699999, -63.859375333, -63.858822567, -63.85740578, -63.85674425, -63.8549909229999, -63.8521275369999, -63.8509630469999, -63.8493591, -63.847803371, -63.844931782, -63.843883491, -63.842934383, -63.840533109, -63.8387664899999, -63.837798343, -63.836689521, 
-63.835184258, -63.834216935, -63.8329936609999, -63.8320769819999, -63.830628588, -63.8271896999999, -63.8241936129999, -63.822297167, -63.821572937, -63.820660194, -63.8180487509999, -63.8167948569999, -63.8147182069999, -63.812304207, -63.8112660339999, -63.810324139, -63.80935225, -63.809073162, -63.8090724529999, -63.8076545989999, -63.806376954, -63.8034674589999, -63.800988003, -63.8001589799999, -63.799157156, -63.794881306, -63.793770342, -63.791600605, -63.7906919389999, -63.7897696379999, 
-63.7879829149999, -63.787283305, -63.787278304, -63.7865677659999, -63.786286407, -63.7855712379999, -63.7850713919999, -63.7802474209999, -63.77922725, -63.7782292459999, -63.7763037599999, -63.774815576, -63.7729609719999, -63.772536233, -63.772212263, -63.772018701, -63.770986401, -63.7706638649999, -63.768980744, -63.767840921, -63.766918778, -63.7642863889999, -63.762006953, -63.755946275, -63.754168264, -63.747634322, -63.7450144309999, -63.743958915, -63.7432188949999, -63.7422935419999, 
-63.7422725549999, -63.7425415559999, -63.7426327009999, -63.7424895609999, -63.7418799129999, -63.740747083, -63.7393222819999, -63.735476162, -63.730849589, -63.7292101719999, -63.727756294, -63.727710335, -63.7290595009999, -63.7293423059999, -63.727842406, -63.725848525, -63.723357235, -63.7203768859999, -63.719241252, -63.7168527489999, -63.7155617569999, -63.7119940949999, -11.6501323579999, -11.6508377989999, -11.650137169, -11.649205899, -11.6446461169999, -11.6426093269999, -11.6421513889999, 
-11.641784811, -11.641429071, -11.641677745, -11.6425945819999, -11.644142809, -11.6464963029999, -11.648533402, -11.6502929989999, -11.650942208, -11.650649334, -11.6490405709999, -11.646836256, -11.64592377, -11.6444148469999, -11.647143133, -11.648394817, -11.651418092, -11.656077675, -11.656935156, -11.657862698, -11.6589838639999, -11.659972199, -11.661355041, -11.663068037, -11.6639938069999, -11.665966811, -11.668205857, -11.669525165, -11.6709721829999, -11.672950537, -11.6738767919999, -11.675456637, 
-11.677693501, -11.679143278, -11.6807280489999, -11.682438208, -11.689814455, -11.689955937, -11.690222947, -11.689705902, -11.6890564079999, -11.69063778, -11.691696975, -11.6938064139999, -11.6969735449999, -11.6988217259999, -11.6998774479999, -11.699489173, -11.69962343, -11.701604889, -11.70213521, -11.70200769, -11.7026684069999, -11.7039875719999, -11.704914556, -11.704525693, -11.7036074859999, -11.703741559, -11.7053225679999, -11.7084873309999, -11.7119235989999, -11.712205101, -11.713266076, 
-11.7206600429999, -11.7272703039999, -11.7308267089999, -11.7412223659999, -11.745432641, -11.7471404729999, -11.7500299539999, -11.752924441, -11.7577906929999, -11.758970715, -11.7612004549999, -11.762643626, -11.7642221279999, -11.762497552, -11.763542997, -11.766687507, -11.769313825, -11.7707568289999, -11.773642247, -11.778508001, -11.780610748, -11.7829687709999, -11.7850666049999, -11.7871619969999, -11.7886068379999, -11.791633646, -11.793343528, -11.7963644489999, -11.800437563, -11.804652028, 
-11.8075510099999, -11.8103223809999, -11.812562051, -11.815195381, -11.8182265359999, -11.8213941169999, -11.8261376189999, -11.827717165, -11.832196817, -11.836280304, -11.8390426179999, -11.838737294, -11.833377492, -11.832654277, -11.832946137, -11.833307618, -11.836862443, -11.839383585, -11.8426675389999, -11.8453600309999, -11.848553157, -11.8505737179999, -11.8529277819999, -11.8563704949999, -11.860907371, -11.8635925999999, -11.867120369, -11.869221027, -11.871068493, -11.8722270559999, 
-11.8742358579999, -11.874225813, -11.8736283159999, -11.872269101, -11.871924275, -11.873768276, -11.877626587, -11.882740087, -11.885589683, -11.888949191, -11.8939058449999, -11.8984497869999, -11.9023214489999, -11.90652907, -11.91048634, -11.916708696, -11.92074164, -11.923762148, -11.927706008, -11.9312348609999, -11.93341245, -11.93676924, -11.9395349179999, -11.942891795, -11.944040749, -11.951512162, -11.9562132889999, -11.9607402559999, -11.9665164749999, -11.967675019, -11.968001525, -11.9685524329999, 
-11.970560555, -11.9756471559999, -11.9776555529999, -11.981075199, -11.9832505989999, -11.9864333169999, -11.991046231, -11.9949144359999, -11.9987791769999, -12.0010083539999, -12.0010359739999, -12.0061300839999, -12.0113804239999, -12.01507324, -12.021988731, -12.0262917379999, -12.0384860599999, -12.044051093, -12.0605885489999, -12.0728267799999, -12.0783979499999, -12.0828838459999, -12.0884484859999, -12.0903087639999, -12.0896786699999, -12.093839057, -12.0993968569999, -12.105574955, -12.1103565549999, 
-12.11468414, -12.1193154449999, -12.121470493, -12.125330332, -12.1274870549999, -12.128710307, -12.1321059439999, -12.134115831, -12.1341187019999, -12.1375184969999, -12.1418316289999, -12.147695256, -12.1521764629999, -12.1549480669999, -12.156171081, -12.158328828, -12.158480551, -12.1556936449999, -12.1584664559999, -12.157525899, -12.156593186, -12.1570413999999, -12.160436363, -12.165389868, -12.1678595529999, -12.171725247, -12.1751235969999, -12.1754208639999, -12.1775708599999, -12.180033387, 
-12.182640147, -12.1813902869999, -12.18261346, -12.183221987, -12.1856967909999, -12.2186769509999, -12.218801851, -12.224755686, -12.219809923, -12.207383188, -12.215288099, -12.2177053029999, -12.2071383039999, -12.18783351, -12.1854985509999, -12.182341949, -12.182880256, -12.1841329799999, -12.185431407, -12.192769478, -12.195399376, -12.1985610999999, -12.1977408129999, -12.191260996, -12.1912086479999, -12.1923598189999, -12.202671278, -12.206212349, -12.2094386059999, -12.2170297339999, -12.220876735, 
-12.224204352, -12.2289915659999, -12.2320120319999, -12.236185064, -12.2388008219999, -12.2398496599999, -12.2426621089999, -12.2440143979999, -12.2487978709999, -12.25077149, -12.253365178, -12.2614668529999, -12.266356505, -12.2711412909999, -12.272492523, -12.275299735, -12.27779587, -12.2806008639999, -12.292037185, -12.3010920189999, -12.30516255, -12.307455871, -12.309953741, -12.311200129, -12.313487839, -12.3166045729999, -12.3185818959999, -12.3232620519999, -12.3242045059999, -12.3270126909999, 
-12.3296207989999, -12.3343081619999, -12.3343929049999, -12.339331435, -12.340738243, -12.342823945, -12.3454504049999, -12.3473956609999, -12.348873119, -12.3506589519999, -12.351759529, -12.3564894049999, -12.357249349, -12.3589661419999, -12.359531218, -12.360613852, -12.361816575, -12.3624292989999, -12.3636799149999, -12.3647335869999, -12.365443829, -12.3673285709999, -12.369704858, -12.370562218, -12.371273869, -12.3728950339999, -12.3758461919999, -12.376290527, -12.3768312999999, -12.378106686, 
-12.3789399409999, -12.380213286, -12.3810948, -12.382909206, -12.387002223, -12.387688957, -12.3902628089999, -12.39369627, -12.3944618689999, -12.397225808, -12.398644569, -12.399251122, -12.4003928569999, -12.403655971, -12.4074263149999, -12.4088292869999, -12.4141126809999, -12.41605931, -12.4175109029999, -12.4191771659999, -12.4209641749999, -12.4232895259999, -12.424321823, -12.425373828, -12.426206605, -12.4269608989999, -12.427671942, -12.428085081, -12.4291698229999, -12.431384227, -12.431799639, 
-12.4323968749999, -12.433385721, -12.434080552, -12.4349550439999, -12.436205793, -12.4373380039999, -12.438111534, -12.4400760719999, -12.4421777699999, -12.444516368, -12.4452683699999, -12.4457431919999, -12.4463353379999, -12.44761988, -12.44858698, -12.4486637199999, -12.4485401929999, -12.4487712199999, -12.449717485, -12.449810844, -12.4496006549999, -12.4496383099999, -12.4503644119999, -12.450967787, -12.453056811, -12.452789023, -12.4524058969999, -12.449420618, -12.4491036539999, -12.4478265689999, 
-12.4464385319999, -12.445668476, -12.4450891139999, -12.4448520859999, -12.4440027699999, -12.4438591209999, -12.4433025619999, -12.4433934339999, -12.44233423, -12.4416793799999, -12.4408325869999, -12.440096991, -12.438622417, -12.4384392969999, -12.4385454809999, -12.439296595, -12.4397087309999, -12.441861897, -12.442178635, -12.442075663, -12.4416262889999, -12.441223267, -12.440762598, -12.440044841, -12.439632628, -12.4373906849999, -12.4364948429999, -12.4357308909999, -12.433815411, -12.433086398, 
-12.432421916, -12.429809216, -12.429255462, -12.4286984849999, -12.427945031, -12.428137587, -12.4295045759999, -12.4311109849999, -12.432026745, -12.4360209279999, -12.44078951, -12.4417746269999, -12.443406466, -12.443875974, -12.444653081, -12.4464408949999, -12.447247638, -12.448243354, -12.448823286, -12.449169991, -12.44919147, -12.448926635, -12.447983054, -12.4473435969999, -12.447009943, -12.4487226309999, -12.4495849749999, -12.4512028109999, -12.4531441619999, -12.454066983, -12.458087095, 
-12.4593823029999, -12.46034918, -12.4627692479999, -12.463429456, -12.4634270359999, -12.46282838, -12.462115944, -12.46169159, -12.460475361, -12.460388653, -12.4599910059999, -12.459258217, -12.4588605819999, -12.456836435, -12.4558378179999, -12.454104566, -12.4522333409999, -12.4511952699999, -12.4484095739999, -12.44803881, -12.447441612, -12.4470828769999, -12.4464656549999, -12.4460026769999, -12.445642961, -12.4460552849999, -12.446380928, -12.447250868, -12.447902502, -12.4495063809999, 
-12.454709399, -12.455856423, -12.4607853479999, -12.4618822419999, -12.4637729229999, -12.4657090339999, -12.467628345, -12.469448889, -12.471277467, -12.47336474, -12.475126951, -12.4759222529999, -12.4768097649999, -12.481003388, -12.4819206519999, -12.482878615, -12.484975061, -12.48855961, -12.4943887639999, -12.4968887579999, -12.499691995, -12.500702286, -12.5049073229999, -12.506019949, -12.5069455349999, -12.5076395209999, -12.508481174, -12.510288357, -12.510463975, -12.510825776, -12.5110271649999, 
-12.5110486509999, -12.51080911, -12.5107577289999, -12.511002082, -12.5117981009999, -12.513782326, -12.514760097, -12.51595475, -12.5167724089999, -12.5175318889999, -12.520033017, -12.5212774509999, -12.5226203149999, -12.5237733059999, -12.525850007, -12.5265877099999, -12.5274198489999, -12.528240447, -12.5294713569999, -12.5300088879999, -12.5316202459999, -12.53177109, -12.5314996349999, -12.5312291669999, -12.530595571, -12.5296982479999, -12.527624103, -12.5260030439999, -12.5251108619999, 
-12.520197107, -12.5176651209999, -12.516995433, -12.5152996259999, -12.51443263, -12.5134382729999, -12.5118174259999, -12.5092217759999, -12.505361768, -12.5043874629999, -12.5037994889999, -12.5032379679999, -12.5032218059999, -12.5034181039999, -12.5030242619999, -12.504323282, -12.5052779279999, -12.511603995, -12.5136959109999, -12.5146888819999, -12.516270349, -12.517610184, -12.5179531149999, -12.517967921, -12.517540385, -12.517086552, -12.5144748399999, -12.509234962, -12.5085385689999, 
-12.5081876989999, -12.508117342, -12.508314148, -12.5089509059999, -12.509770489, -12.510370544, -12.5117422999999, -12.5140283009999, -12.5154016839999, -12.5161991109999, -12.5154882969999, -12.515629692, -12.5151395329999, -12.514131934, -12.511837331, -12.5110731289999, -12.509579477, -12.506456768, -12.5055098349999, -12.503376997, -12.501437611, -12.500218113, -12.49818166, -12.4974125729999, -12.4950221849999, -12.492038556, -12.490956165, -12.490969143, -12.4916868599999, -12.494112085, 
-12.4995884029999, -12.500408057, -12.50114206, -12.5014239669999, -12.501321639, -12.500721291, -12.498990297, -12.4970589499999, -12.49609579, -12.494055174, -12.4911146969999, -12.488628947, -12.4861357359999, -12.4851378419999, -12.48434275, -12.4839763169999, -12.484199775, -12.484610039, -12.485543165, -12.4866943209999, -12.489424545, -12.490898348, -12.4929520339999, -12.495416839, -12.4957507179999, -12.496723103, -12.497849996, -12.498623732, -12.499539429, -12.500734111, -12.501698199, 
-12.503350468, -12.5039628539999, -12.5046440949999, -12.505731687, -12.505750343, -12.5051468799999, -12.5044996549999, -12.502967323, -12.500794641, -12.497202453, -12.495067822, -12.4927720729999, -12.490329335, -12.4882902589999, -12.486150541, -12.485245801, -12.4839794499999, -12.482174273, -12.4797356189999, -12.479009712, -12.47815516, -12.477026139, -12.476453838, -12.476467824, -12.476791806, -12.4772316449999, -12.478358462, -12.4790442199999, -12.4816851169999, -12.4840683939999, -12.490051369, 
-12.4930528209999, -12.4980953329999, -12.501764906, -12.504776738, -12.5064373059999, -12.5087094779999, -12.509573389, -12.5111365159999, -12.511955164, -12.51307086, -12.5138770739999, -12.514615497, -12.514368084, -12.513476666, -12.5122703789999, -12.511921763, -12.510369811, -12.5070254109999, -12.5039892629999, -12.500575253, -12.4966279499999, -12.495109519, -12.4923223999999, -12.4915301569999, -12.490416159, -12.489556363, -12.4853851839999, -12.484368778, -12.482073756, -12.47049497, -12.469003223, 
-12.4671478129999, -12.4665134459999, -12.465974063, -12.465708576, -12.4656074539999, -12.4659161279999, -12.4675342489999, -12.46972329, -12.4707329519999, -12.47201077, -12.4727538949999, -12.472754736, -12.4724388919999, -12.4728442739999, -12.4717353349999, -12.4704365699999, -12.4688521989999, -12.4670439949999, -12.4660500489999, -12.464650487, -12.4641083609999, -12.462584681, -12.462180188, -12.4616339479999, -12.4619227439999, -12.462263985, -12.4624523149999, -12.4623226099999, -12.460974787, 
-12.4600725579999, -12.4586769709999, -12.456004509, -12.455075136, -12.4550863219999, -12.455478693, -12.456125012, -12.4570150329999, -12.458798876, -12.4603955359999, -12.462932765, -12.46503749, -12.4695894939999, -12.47032764, -12.4720178919999, -12.474469971, -12.4754453719999, -12.4758340229999, -12.4777639209999, -12.4790027649999, -12.479964454, -12.4806720009999, -12.484932861, -12.486175352, -12.488053692, -12.4891941549999, -12.4902837839999, -12.4919896939999, -12.4934419989999, -12.496491249, 
-12.4989552879999, -12.499829432, -12.50078906, -12.5016561269999, -12.503175193, -12.503177561, -12.502953115, -12.501406592, -12.4999729629999, -12.4990503869999, -12.4968339809999, -12.4946629799999, -12.4907931029999, -12.487636145, -12.4856121999999, -12.4832978419999, -12.482194524, -12.4800224809999, -12.4784262119999, -12.4748902589999, -12.4728322629999, -12.472081817, -12.470917223, -12.468921254, -12.466741172, -12.462018242, -12.4610258889999, -12.4600271219999, -12.459234499, -12.457816774, 
-12.457643792, -12.45796919, -12.4581079119999, -12.457753072, -12.4581842279999, -12.457610339, -12.457385486, -12.4572589849999, -12.456995239, -12.4566672039999, -12.4566470659999, -12.456962017, -12.4574942989999, -12.457493278, -12.458466031, -12.459819103, -12.4599361599999, -12.4595069639999, -12.4590711319999, -12.458650603, -12.457432075, -12.457015768, -12.456551926, -12.455465742, -12.454744873, -12.4541640729999, -12.45298075, -12.4523627999999, -12.451380372, -12.450444113, -12.4497224669999, 
-12.44921708, -12.449328714, -12.44903692, -12.449020974, -12.448413208, -12.4481013499999, -12.447926883, -12.4474337389999, -12.447048136, -12.4464867669999, -12.445339141, -12.4447573789999, -12.444000056, -12.4414632209999, -12.439488264, -12.4388161999999, -12.4376802189999, -12.43321089, -12.431861593, -12.4285534979999, -12.4273258219999, -12.4260173239999, -12.4232530579999, -12.421446936, -12.420408965, -12.419271968, -12.4186475719999, -12.417926925, -12.4159030129999, -12.413692435, -12.4119681109999, 
-12.4112047049999, -12.4091617069999, -12.4068634329999, -12.4035584389999, -12.401207966, -12.3997068309999, -12.3987688199999, -12.3944331959999, -12.389468839, -12.3887729069999, -12.3871504899999, -12.38584279, -12.3855511799999, -12.3843200959999, -12.3840387169999, -12.382433481, -12.382054294, -12.3815836869999, -12.380800149, -12.379575999, -12.378849009, -12.37721646, -12.37654466, -12.3756783389999, -12.375261734, -12.3746204369999, -12.3739265039999, -12.37307203, -12.372853053, -12.371984281, 
-12.3714027789999, -12.3700247949999, -12.367883977, -12.3672652939999, -12.3672951669999, -12.366209135, -12.3655270909999, -12.3647855049999, -12.3629391209999, -12.362077788, -12.358852042, -12.358140124, -12.356546147, -12.353890919, -12.353187415, -12.351429034, -12.3478064399999, -12.3438249489999, -12.342681736, -12.340691171, -12.3385157909999, -12.336016565, -12.333673825, -12.333432358, -12.332788269, -12.3313964829999, -12.330013553, -12.328753428, -12.3279079049999, -12.3260489619999, 
-12.323977874, -12.317743846, -12.3149243569999, -12.3139500379999, -12.311012138, -12.3052239549999, -12.302787534, -12.2973432539999, -12.2942596909999, -12.2911949489999, -12.29009738, -12.286067601, -12.2798517809999, -12.2760376169999, -12.270641831, -12.267652551, -12.265025633, -12.2629407579999, -12.261987011, -12.2610368699999, -12.26001244, -12.2588332899999, -12.2571623599999, -12.2562040199999, -12.253122323, -12.250948425, -12.250033766, -12.247310397, -12.2443610679999, -12.2351522489999, 
-12.233247486, -12.2313725699999, -12.2285190789999, -12.22769732, -12.225288459, -12.224268971, -12.2234553349999, -12.223048404, -12.2228730689999, -12.2234479629999, -12.225835935, -12.2270250889999, -12.227661987, -12.229190912, -12.2297566399999, -12.2307005809999, -12.2320128499999, -12.232820992, -12.23334374, -12.2358014749999, -12.238384045, -12.239120337, -12.2401456609999, -12.2407513129999, -12.242433949, -12.2427023779999, -12.242710699, -12.241946581, -12.2410945309999, -12.2382925119999, 
-12.2366664429999, -12.2345908889999, -12.2332755139999, -12.23205941, -12.230522647, -12.225901634, -12.224654308, -12.219812898, -12.2169635489999, -12.2153134329999, -12.214878168, -12.2148558989999, -12.2143004399999, -12.2142786859999, -12.214647356, -12.215430221, -12.2156063379999, -12.215821693, -12.2156989649999, -12.210816105, -12.209751361, -12.208950586, -12.207999769, -12.20559699, -12.2046938919999, -12.1987138519999, -12.191734528, -12.1874286869999, -12.185029195, -12.182985194, -12.1815300239999, 
-12.180530987, -12.178754232, -12.178859685, -12.1781990579999, -12.1781677999999, -12.1784058869999, -12.178490266, -12.1789837729999, -12.17972798, -12.180997036, -12.1827709569999, -12.1834949569999, -12.1850948709999, -12.187641772, -12.1895882469999, -12.1904985859999, -12.191350626, -12.1922999069999, -12.1934837599999, -12.196744246, -12.1977927279999, -12.2017697319999, -12.202681754, -12.2071585739999, -12.2081523679999, -12.2099612919999, -12.211049282, -12.2119580009999, -12.21282156, 
-12.2133597549999, -12.214249205, -12.214905523, -12.21539651, -12.21539568, -12.2148907119999, -12.2137077989999, -12.2130229559999, -12.2114730049999, -12.2111978209999, -12.2118989329999, -12.213083371, -12.2133353709999, -12.2134017909999, -12.2130121909999, -12.2123047999999, -12.2113975729999, -12.209469238, -12.2071423559999, -12.2053732469999, -12.20346533, -12.20242345, -12.2014260399999, -12.200562619, -12.2000683679999, -12.198495656, -12.1970917279999, -12.1961537359999, -12.1954269489999, 
-12.194998208, -12.1950126119999, -12.1946474359999, -12.1976617609999, -12.1963506399999, -12.197216871, -12.2000845309999, -12.20099081, -12.201215557, -12.2015000549999, -12.202790298, -12.208531943, -12.2090101899999, -12.2092761609999, -12.209288974, -12.206791897, -12.205148525, -12.204244052, -12.203503829, -12.2027346899999, -12.2022141209999, -12.20166722, -12.2002068569999, -12.1996949989999, -12.1991926609999, -12.198391206, -12.1970025749999, -12.195912579, -12.194831563, -12.1927900919999, 
-12.189864517, -12.1891181869999, -12.188800971, -12.1889039509999, -12.189586026, -12.1906983619999, -12.191135647, -12.190960548, -12.190279921, -12.1895150179999, -12.1886478379999, -12.186630651, -12.1853762279999, -12.184263182, -12.183356492, -12.182779998, -12.182689948, -12.183363703, -12.1838657579999, -12.1841116059999, -12.184510444, -12.1844816789999, -12.184087491, -12.1835567789999, -12.1827437749999, -12.175981673, -12.1744922779999, -12.172635597, -12.171793938, -12.17118652, -12.170415785, 
-12.1693470649999, -12.168685829, -12.1676876249999, -12.166934491, -12.165982414, -12.1638531689999, -12.162849993, -12.160758848, -12.1595262049999, -12.1579795719999, -12.1576100579999, -12.158288115, -12.1591946129999, -12.160144107, -12.160501363, -12.1596334829999, -12.1586802419999, -12.156958022, -12.1559963249999, -12.155350829, -12.1550510959999, -12.154921439, -12.1543402179999, -12.1536696799999, -12.1535414859999, -12.15295843, -12.152166042, -12.15105594, -12.15032303, -12.1480177019999, 
-12.147061826, -12.146158253, -12.1440328949999, -12.1424258009999, -12.1418774389999, -12.141148025, -12.141139376, -12.140890362, -12.1408600969999, -12.1402632589999, -12.139417898, -12.137532625, -12.136568862, -12.1349410229999, -12.1342024249999, -12.1323138079999, -12.1307041609999, -12.130376161, -12.130739449, -12.1316937309999, -12.1327792259999, -12.1338118149999, -12.134834975, -12.1363956539999, -12.1357076199999, -12.1324826579999, -12.13162456, -12.130693613, -12.1294532649999, -12.1287448209999, 
-12.1270672389999, -12.1260185339999, -12.124977653, -12.1220843499999, -12.1206862679999, -12.119753088, -12.1189757189999, -12.1170627799999, -12.1150670849999, -12.113023519, -12.112112353, -12.1111195999999, -12.11011679, -12.108480956, -12.1087553099999, -12.111590533, -12.1134675289999, -12.1141848409999, -12.113501339, -12.111495129, -12.109118452, -12.1085255979999, -12.1083407289999, -12.1082830539999, -12.108589472, -12.1094520119999, -12.111248273, -12.111899132, -12.112417054, -12.112277713, 
-12.1119080229999, -12.109913942, -12.106689537, -12.1059233989999, -12.105345745, -12.1061184179999, -12.106432529, -12.1071060949999, -12.1071043979999, -12.1063882029999, -12.1065826769999, -12.1075375679999, -12.1101816689999, -12.111498378, -12.1121710929999, -12.1120332149999, -12.1111982999999, -12.1087979919999, -12.1079241409999, -12.1061090739999, -12.103081352, -12.1016544709999, -12.100610741, -12.0995190619999, -12.0948068989999, -12.0928080579999, -12.0919933799999, -12.0917355649999, 
-12.0904805819999, -12.0905192769999, -12.0894279299999, -12.088569607, -12.085944964, -12.082807637, -12.0819244129999, -12.0804795109999, -12.0796141599999, -12.078962929, -12.078949077, -12.0796763029999, -12.0795530059999, -12.0783669469999, -12.077280054, -12.0756326279999, -12.074641259, -12.073868483, -12.0729853, -12.0722577539999, -12.072117541, -12.0716095719999, -12.070474636, -12.069846222, -12.068668897, -12.067555769, -12.067117457, -12.066345175, -12.0654365689999, -12.0633022139999, 
-12.06239002, -12.0593548749999, -12.0575795719999, -12.056599067, -12.0546992719999, -12.054080552, -12.052812488, -12.0490349109999, -12.0474854149999, -12.04348958, -12.042614085, -12.041381736, -12.039685758, -12.038162128, -12.0363968249999, -12.035858419, -12.0368576749999, -12.037721116, -12.0386685169999, -12.038754658, -12.0381615969999, -12.036346147, -12.0353887159999, -12.0341117209999, -12.033064264, -12.0321739119999, -12.0306004709999, -12.029714359, -12.0283234139999, -12.026730373, 
-12.024369529, -12.0239599589999, -12.0215409, -12.0178714379999, -12.017440325, -12.014607298, -12.013190417, -12.0100318339999, -12.0105474169999, -12.010806473, -12.008171909, -12.007844989, -12.0099773339999, -12.010383517, -12.0095615379999, -12.009169153, -12.0090098679999, -12.0093747939999, -12.010076602, -12.010608002, -12.0109033789999, -12.0121334209999, -12.012123455, -12.0128026259999, -12.0138393409999, -12.0147475579999, -12.014828389, -12.0160901579999, -12.016807908, -12.016033582, 
-12.015667069, -12.0161354049999, -12.0159669009999, -12.0140554309999, -12.0133549079999, -12.012198031, -12.011524653, -12.0103863259999, -12.009928583, -12.0100134629999, -12.0104437489999, -12.010003851, -12.0089154849999, -12.008368752, -12.008038026, -12.008222511, -12.009931639, -12.0103882799999, -12.0101057429999, -12.009378931, -12.008511186, -12.0073344959999, -12.0052859359999, -12.0047902949999, -12.0049125199999, -12.0046428709999, -12.0035558889999, -12.0027365739999, -12.001783885, 
-12.0004644879999, -11.997411779, -11.9965039639999, -11.996767788, -11.9974015379999, -11.997981661, -11.997995111, -11.9971950369999, -11.9954653239999, -11.9957418349999, -11.998049384, -11.999047951, -11.9990377289999, -11.998092384, -11.9969990319999, -11.9955372979999, -11.995213196, -11.9950238369999, -11.994062655, -11.993144743, -11.9930465469999, -11.993376175, -11.9933568229999, -11.992752861, -11.9922069359999, -11.9912966009999, -11.9902565779999, -11.987741045, -11.9868347649999, -11.985609296, 
-11.984336512, -11.9841508279999, -11.9835156609999, -11.9818373969999, -11.981056533, -11.9814609599999, -11.981229425, -11.9821707199999, -11.982489581, -11.981579321, -11.9803995249999, -11.9796286879999, -11.979366914, -11.9795965469999, -11.980425569, -11.979654923, -11.9777069469999, -11.9775127899999, -11.975374837, -11.974689374, -11.973605799, -11.9728430119999, -11.972346586, -11.971215193, -11.9704228509999, -11.971040462, -11.971903355, -11.972268383, -11.97141056, -11.970369494, -11.969223959, 
-11.9683174259999, -11.9673216109999, -11.966414954, -11.9650583399999, -11.964790625, -11.9661214399999, -11.9650275319999, -11.9642016939999, -11.9645380219999, -11.964095185, -11.9640978239999, -11.964740186, -11.964238054, -11.961668324, -11.9609428839999, -11.9614068409999, -11.9607295739999, -11.9604577359999, -11.958341215, -11.955748077, -11.95484183, -11.9525147649999, -11.9508236099999, -11.950656812, -11.950044749, -11.948816513, -11.9473936949999, -11.946669701, -11.945349166, -11.942740321, 
-11.9413780269999, -11.9371017629999, -11.935464046, -11.9350040489999, -11.934637216, -11.9339436599999, -11.9321691339999, -11.931935801, -11.9337029979999, -11.9336503649999, -11.9330052569999, -11.931280767, -11.928593099, -11.9276348779999, -11.926640243, -11.9226004099999, -11.9228172299999, -11.9246678239999, -11.9254299449999, -11.924525345, -11.923719415, -11.9222709369999, -11.920726776, -11.918429895, -11.917594424, -11.9193844319999, -11.9201271339999, -11.9212122389999, -11.9222555429999, 
-11.923291102, -11.923103127, -11.922156296, -11.9185167949999, -11.9166982209999, -11.9166535259999, -11.9192132059999, -11.9196686019999, -11.9192545969999, -11.918168349, -11.9170893339999, -11.916312349, -11.9159085539999, -11.914922423, -11.9139265009999, -11.9130205989999, -11.9121150639999, -11.9105223, -11.9096509149999, -11.908695703, -11.9083481209999, -11.9083640589999, -11.9087599979999, -11.909437483, -11.910644821, -11.910630956, -11.909941869, -11.9094775789999, -11.9093386809999, 
-11.909692451, -11.9118378599999, -11.912463359, -11.911266311, -11.9117382879999, -11.912095392, -11.91277121, -11.9148971849999, -11.916133127, -11.917062659, -11.9177093129999, -11.9176546269999, -11.916300033, -11.9136231179999, -11.912713137, -11.91232087, -11.912317002, -11.9133366139999, -11.9139753459999, -11.9150122829999, -11.9159199759999, -11.9168199959999, -11.9175434619999, -11.917764054, -11.9169847909999, -11.915483685, -11.9130937969999, -11.9118712659999, -11.910962343, -11.9101322809999, 
-11.9112260379999, -11.9125320659999, -11.912986356, -11.9130644759999, -11.912379332, -11.9110218349999, -11.9099306029999, -11.91008132, -11.912322282, -11.913113871, -11.91199448, -11.910916238, -11.9075193609999, -11.9052428029999, -11.90427944, -11.9031072139999, -11.902926742, -11.90341583, -11.903409707, -11.9029560569999, -11.8998100049999, -11.898859504, -11.89708269, -11.895921263, -11.893747623, -11.8923438249999, -11.891206784, -11.888346033, -11.8877033529999, -11.886798288, -11.8856573039999, 
-11.884553556, -11.8847312559999, -11.885446323, -11.8854031079999, -11.884278546, -11.8832813839999, -11.8810490969999, -11.8801914109999, -11.8783084849999, -11.8778047779999, -11.875297064, -11.873379681, -11.872331957, -11.870028307, -11.868972138, -11.8676633559999, -11.8667656929999, -11.8656221599999, -11.864791319, -11.8638802629999, -11.8635551779999, -11.8629657819999, -11.8611430289999, -11.8619073399999, -11.8629547529999, -11.863991373, -11.863439495, -11.8622566949999, -11.8615337219999, 
-11.8606654049999, -11.8587671569999, -11.8577649979999, -11.854394633, -11.8499267139999, -11.8486554259999, -11.8435756119999, -11.841584358, -11.8404039819999, -11.8408173559999, -11.8414977589999, -11.8414179599999, -11.8408343559999, -11.8397878129999, -11.8388336219999, -11.837702342, -11.8369116019999, -11.8375454689999, -11.8366326289999, -11.833415193, -11.83205502, -11.829335321, -11.828469889, -11.827964386, -11.828100555, -11.829039801, -11.831301933, -11.831539868, -11.830976051, -11.8287460979999, 
-11.8275086689999, -11.823011364, -11.821695245, -11.8194154679999, -11.8187405129999, -11.8164187909999, -11.814911566, -11.8139591039999, -11.8130071169999, -11.8127465219999, -11.811431198, -11.808805154, -11.807717585, -11.8062146249999, -11.803907046, -11.8024113689999, -11.801492611, -11.7996274869999, -11.797759209, -11.793719849, -11.792580912, -11.791548378, -11.7907311509999, -11.789931705, -11.7883550999999, -11.7870452359999, -11.786046093, -11.784457142, -11.782999332, -11.7823539609999, 
-11.7824482369999, -11.784076228, -11.7842321479999, -11.7837951229999, -11.7829261409999, -11.7817849789999, -11.7784668539999, -11.7766323159999, -11.775495285, -11.7743961409999, -11.773214689, -11.771104904, -11.7703221749999, -11.770063245, -11.7700530929999, -11.769246729, -11.7692567779999, -11.770414232, -11.7709689579999, -11.770195215, -11.768656846, -11.767825099, -11.766949589, -11.766258773, -11.7650309279999, -11.7672433779999, -11.7676484569999, -11.7665141519999, -11.766733242, -11.766727159, 
-11.76563655, -11.7635599789999, -11.762148886, -11.760417505, -11.758642837, -11.758117951, -11.7584531469999, -11.7604125049999, -11.760590992, -11.761467602, -11.763322157, -11.7640934459999, -11.7631756659999, -11.7608685269999, -11.759000531, -11.7579979, -11.755930024, -11.753165841, -11.7520386139999, -11.7517291179999, -11.7517506259999, -11.7526869699999, -11.753642004, -11.753649385, -11.7527887869999, -11.7525222899999, -11.751666399, -11.7499922379999, -11.7473097919999, -11.746182056, 
-11.745695934, -11.746077026, -11.7460204619999, -11.7445851649999, -11.7445486989999, -11.744012821, -11.743757193, -11.744204857, -11.7450178139999, -11.745328736, -11.74540687, -11.7457424409999, -11.746757283, -11.7478886499999, -11.7490238879999, -11.750965224, -11.751985028, -11.753186409, -11.754644721, -11.755496247, -11.7560952179999, -11.7572027289999, -11.7583352399999, -11.759738065, -11.760741729, -11.7610037109999, -11.760551811, -11.762757585, -11.7637955979999, -11.7637863209999, 
-11.7631044189999, -11.762461024, -11.762121016, -11.7625194569999, -11.762263678, -11.761355818, -11.7604486599999, -11.7600257829999, -11.758072573, -11.7563119499999, -11.7554057889999, -11.7535302439999, -11.7527027609999, -11.752446171, -11.753099427, -11.753415913, -11.7533288279999, -11.752825508, -11.750830659, -11.7485667969999, -11.7475718519999, -11.747818518, -11.7477767339999, -11.747204069, -11.74712191, -11.747284817, -11.747782562, -11.748257228, -11.7492160089999, -11.7512140769999, 
-11.753875733, -11.7542969029999, -11.7540349229999, -11.753299025, -11.7491745209999, -11.7476767149999, -11.74608773, -11.745322302, -11.7434187499999, -11.7423309289999, -11.741243338, -11.740662479, -11.7403314639999, -11.7383840419999, -11.737473048, -11.736383645, -11.7354750559999, -11.7354372799999, -11.737293988, -11.737970654, -11.7373417929999, -11.7353517039999, -11.734666321, -11.733617487, -11.7333023739999, -11.7329891349999, -11.732305883, -11.7314066559999, -11.7308999439999, -11.7313164599999, 
-11.731452454, -11.731286789, -11.7296376379999, -11.7290965559999, -11.729278513, -11.730688018, -11.7303184019999, -11.7297813059999, -11.7287774599999, -11.728324228, -11.728498219, -11.728123904, -11.727805789, -11.7270592339999, -11.7262913659999, -11.7264303689999, -11.7269496559999, -11.7277492069999, -11.7291972959999, -11.7303827519999, -11.730379956, -11.7300242549999, -11.729430727, -11.728480783, -11.7272577159999, -11.726082768, -11.7243591, -11.723853219, -11.7211841649999, -11.7208181549999, 
-11.719504129, -11.7190049079999, -11.7188277729999, -11.7189181299999, -11.719325528, -11.7206932029999, -11.721330549, -11.7224981949999, -11.723508578, -11.7237744509999, -11.723049039, -11.7231949329999, -11.7251000099999, -11.7258489929999, -11.7278127889999, -11.728502161, -11.728325051, -11.7276450649999, -11.7246953989999, -11.7212515099999, -11.7205671519999, -11.7197036389999, -11.719023169, -11.717260387, -11.7162990979999, -11.7110176279999, -11.7097059089999, -11.7088865859999, -11.7080290729999, 
-11.7075759259999, -11.707484211, -11.707889897, -11.707528265, -11.7061173269999, -11.705531863, -11.704304433, -11.703451004, -11.6992246369999, -11.6984087689999, -11.6971411959999, -11.6956035369999, -11.695146247, -11.6935622969999, -11.6887250829999, -11.6850738869999, -11.6842184029999, -11.683081302, -11.681368997, -11.6804940539999, -11.6803671309999, -11.680593673, -11.6824960319999, -11.6844025169999, -11.6845339299999, -11.684332125, -11.683630993, -11.6808690419999, -11.677781684, -11.6748783489999, 
-11.674254369, -11.6740586069999, -11.6749217109999, -11.674474326, -11.6723332779999, -11.6711579009999, -11.67102162, -11.671115775, -11.6716577899999, -11.6726117319999, -11.6746087679999, -11.674764443, -11.674423047, -11.672835245, -11.669708595, -11.6688445409999, -11.6683091759999, -11.6678080649999, -11.6675332239999, -11.6661245929999, -11.6658090409999, -11.665652712, -11.666015998, -11.665980626, -11.665709634, -11.666273141, -11.666906081, -11.666275387, -11.6655054469999, -11.6632813079999, 
-11.663133571, -11.66267824, -11.6613477399999, -11.6624725079999, -11.662550751, -11.6632562979999, -11.665385683, -11.6656214199999, -11.666013732, -11.6659496179999, -11.66477774, -11.6645679639999, -11.6652732389999, -11.6661954999999, -11.665989991, -11.662103817, -11.6618296949999, -11.6627110809999, -11.662269689, -11.6616385959999, -11.6605330679999, -11.657498804, -11.654816126, -11.653907031, -11.651750506, -11.650368102, -11.6491841499999, -11.648230866, -11.6475335319999, -11.6471569469999, 
-11.647027571, -11.646750368, -11.6459031529999, -11.6445415329999, -11.6435562789999, -11.6421498079999, -11.6407483219999, -11.640331221, -11.640722872, -11.6471330589999, -11.648320848, -11.649552156, -11.6499475469999, -11.6501323579999)))"
1100098,Espigão D'oeste,11,RO,"list(list(c(-60.948270168, -60.947686252, -60.9476848739999, -60.876717571, -60.876701274, -60.8303639159999, -60.829127747, -60.8289976079999, -60.8088735779999, -60.8063678989999, -60.4912162779999, -60.460050132, -60.465050394, -60.468044565, -60.469137937, -60.466914162, -60.467466046, -60.4659696629999, -60.46585778, -60.4644691949999, -60.464996833, -60.467497376, -60.470829869, -60.4716098049999, -60.47244585, -60.475248024, -60.4789695659999, -60.4826297609999, -60.4846393869999, -60.489388705, 
-60.4947727619999, -60.501188363, -60.506417859, -60.5128262699999, -60.514494632, -60.5138626629999, -60.511050274, -60.510637845, -60.512634449, -60.514247945, -60.5134129529999, -60.5069963149999, -60.507828784, -60.5106373569999, -60.5116078499999, -60.515441531, -60.5179090129999, -60.520665863, -60.5238536749999, -60.5272144419999, -60.527882726, -60.526242328, -60.524468209, -60.5233854269999, -60.5208607879999, -60.519219338, -60.5201620239999, -60.52966821, -60.533637829, -60.5356852179999, 
-60.534355991, -60.532660299, -60.5318614, -60.5256912639999, -60.523084899, -60.520637118, -60.5184670629999, -60.51838465, -60.5188566209999, -60.520414877, -60.5219161149999, -60.522273885, -60.522191531, -60.521495683, -60.519879317, -60.5198901539999, -60.521580838, -60.5228564759999, -60.5218855749999, -60.5223325749999, -60.524080347, -60.5260507099999, -60.5291954039999, -60.5321372399999, -60.5331606649999, -60.5322734059999, -60.5324196779999, -60.5351309989999, -60.534888025, -60.537384123, 
-60.537547579, -60.534326604, -60.5319686729999, -60.5325541379999, -60.5306065469999, -60.531692523, -60.531439307, -60.5294139059999, -60.5287722899999, -60.5250214049999, -60.5280499459999, -60.525970151, -60.523332662, -60.518863568, -60.514692677, -60.5135228549999, -60.51205508, -60.5094684039999, -60.5104678249999, -60.5057769119999, -60.500634658, -60.496554421, -60.4922147039999, -60.4905269079999, -60.489296512, -60.4837988209999, -60.4857168769999, -60.4893592999999, -60.490327814, -60.492882229, 
-60.4912175259999, -60.4896943589999, -60.488861839, -60.4917522199999, -60.4934674909999, -60.493162072, -60.4942962869999, -60.49244581, -60.4921385349999, -60.492384731, -60.490947825, -60.4909435499999, -60.4925839599999, -60.495052797, -60.4967748029999, -60.4956637549999, -60.49032898, -60.4849958999999, -60.4847217079999, -60.487219125, -60.487274057, -60.486159549, -60.4840791109999, -60.4820834799999, -60.4799128869999, -60.4758028619999, -60.4671698749999, -60.466776434, -60.4608268229999, 
-60.459280617, -60.461520147, -60.4624152879999, -60.462022416, -60.4592168839999, -60.459304028, -60.458777498, -60.4575260919999, -60.454694672, -60.452444961, -60.4484705269999, -60.447047648, -60.4501890549999, -60.4479692229999, -60.443446085, -60.442686944, -60.4435241439999, -60.445389191, -60.443298042, -60.4405471959999, -60.440048819, -60.441524971, -60.4418560599999, -60.441330608, -60.442329601, -60.440662054, -60.4374138319999, -60.44016791, -60.4374977389999, -60.435053785, -60.4380256529999, 
-60.443308981, -60.4461592849999, -60.45071996, -60.453553785, -60.456108418, -60.457164215, -60.461494283, -60.463636729, -60.463333868, -60.4738588249999, -60.477966303, -60.479527455, -60.481022175, -60.484028964, -60.4858629139999, -60.486255417, -60.488109017, -60.491271927, -60.5007186079999, -60.505009577, -60.506361227, -60.5116088679999, -60.51841598, -60.5187405449999, -60.5200256679999, -60.5203917599999, -60.522445766, -60.522724962, -60.5259092919999, -60.5291974089999, -60.5331090269999, 
-60.5324141899999, -60.533970174, -60.5334965279999, -60.5319396629999, -60.5327236639999, -60.5356392429999, -60.5392469129999, -60.5416963339999, -60.5428013439999, -60.5455279019999, -60.5502497969999, -60.563999965, -60.5652246229999, -60.5662764159999, -60.568357541, -60.5707759059999, -60.572859386, -60.5771955909999, -60.586200553, -60.5925684859999, -60.5942699229999, -60.595305276, -60.5936651549999, -60.5924280269999, -60.5905280239999, -60.5905311489999, -60.6214444439999, -60.626413946, 
-60.629276832, -60.6324171849999, -60.6349147939999, -60.637386136, -60.639893848, -60.6409716339999, -60.639031324, -60.640580205, -60.6438055719999, -60.646382482, -60.648027752, -60.6483592609999, -60.6499705479999, -60.651524964, -60.6524479209999, -60.65377181, -60.6567502469999, -60.6569458379999, -60.6554138309999, -60.655529589, -60.6589248989999, -60.661431893, -60.6629979179999, -60.6647159299999, -60.664806028, -60.6649800399999, -60.6651916009999, -60.665386919, -60.6675545469999, -60.670747789, 
-60.671561363, -60.671608379, -60.673279236, -60.676755492, -60.679360924, -60.68125201, -60.6865794969999, -60.6890289169999, -60.6915784029999, -60.6957789879999, -60.7013552599999, -60.703221483, -60.703885144, -60.7061646709999, -60.709697838, -60.7118065759999, -60.7127534419999, -60.7130280839999, -60.7155584529999, -60.7178615139999, -60.720110284, -60.7215514559999, -60.7238593649999, -60.7274186189999, -60.7309161049999, -60.733746353, -60.739577469, -60.74413881, -60.748250828, -60.751417215, 
-60.756301422, -60.7571653999999, -60.7611132659999, -60.762388992, -60.764496325, -60.767859531, -60.7685241889999, -60.770052663, -60.7711091049999, -60.774810487, -60.776666981, -60.7798580479999, -60.779999064, -60.782448054, -60.7831632899999, -60.792191197, -60.7987494079999, -60.8006648399999, -60.803882327, -60.8065795949999, -60.809895065, -60.8138347249999, -60.8160556879999, -60.8177519749999, -60.819918675, -60.821919777, -60.826135317, -60.828720151, -60.829081886, -60.8317810499999, 
-60.832557687, -60.8345589789999, -60.83423026, -60.8358588819999, -60.8360393099999, -60.837336351, -60.8394411289999, -60.841528817, -60.843450804, -60.8433034609999, -60.841640887, -60.841727056, -60.845449646, -60.8458678259999, -60.849222106, -60.85255702, -60.8539142129999, -60.857745003, -60.856918698, -60.8580308689999, -60.866023301, -60.8706098329999, -60.871913617, -60.872890384, -60.8742496519999, -60.8756373969999, -60.8768956819999, -60.878306855, -60.878391698, -60.879669381, -60.8816191139999, 
-60.8842210979999, -60.884918196, -60.882445193, -60.8832560289999, -60.8845519169999, -60.883835709, -60.8872528259999, -60.88894823, -60.889857305, -60.891108531, -60.8910827499999, -60.8899718649999, -60.8901659109999, -60.8914795909999, -60.894360648, -60.894947821, -60.897833969, -60.8976157939999, -60.903043898, -60.904416812, -60.9057515479999, -60.911524781, -60.9139968289999, -60.9148328739999, -60.916336856, -60.9185832849999, -60.918923252, -60.919529449, -60.920300477, -60.9185273049999, 
-60.919580284, -60.9209162049999, -60.9217273, -60.923059386, -60.924253173, -60.9201660339999, -60.921128257, -60.9252137359999, -61.0724359759999, -61.0748704069999, -61.0858184689999, -61.0947564239999, -61.110294465, -61.1315262939999, -61.157780203, -61.158872844, -61.178563244, -61.1857153949999, -61.195505955, -61.2117218899999, -61.2087814769999, -61.205501587, -61.2039982759999, -61.196559859, -61.1957875289999, -61.1934690109999, -61.193393181, -61.190986405, -61.1901119299999, -61.1882622159999, 
-61.1849999739999, -61.180469712, -61.176196299, -61.172533597, -61.170274257, -61.1662772879999, -61.161420312, -61.159950975, -61.1565129479999, -61.1560055419999, -61.1539808219999, -61.151530037, -61.145360407, -61.139777424, -61.1381668149999, -61.135941822, -61.1325548149999, -61.1314223139999, -61.1297507349999, -61.127218164, -61.121723123, -61.120752433, -61.1185568959999, -61.116169546, -61.1159720689999, -61.117694549, -61.117283146, -61.111695186, -61.1099940499999, -61.107251751, -61.103915376, 
-61.1019461079999, -61.097839567, -61.09425394, -61.0898332099999, -61.085969455, -61.083978197, -61.082888778, -61.0801672609999, -61.0766569419999, -61.076202389, -61.0710815659999, -61.0687239799999, -61.067005061, -61.063417258, -61.059673319, -61.0591994039999, -61.0572801389999, -61.058975213, -61.056501274, -61.0525320499999, -61.0511828249999, -61.050822862, -61.049697586, -61.0468917819999, -61.044951172, -61.0375311569999, -61.0342768, -61.030672023, -61.023867136, -61.018467534, -61.017920079, 
-61.01110835, -61.0090871139999, -61.0072754569999, -61.006441488, -61.003024408, -61.0010320119999, -61.0007961099999, -61.0007542259999, -61.0006201019999, -61.0006200659999, -61.000594914, -61.000593399, -60.948270168, -10.9885617079999, -10.9885638889999, -10.988561962, -10.9888289459999, -10.9888290069999, -10.989002069, -10.989006686, -10.9890071719999, -10.989078186, -10.989087028, -10.990020848, -10.9898562209999, -10.9929778629999, -10.9956367279999, -10.9999282369999, -11.0041191729999, 
-11.0079629049999, -11.011057342, -11.0160591769999, -11.018643588, -11.0230881749999, -11.025713306, -11.032416084, -11.037875253, -11.0405544649999, -11.0460568889999, -11.048782519, -11.0503410979999, -11.052597996, -11.0562990199999, -11.0572346799999, -11.064160103, -11.066332588, -11.0663472519999, -11.073913841, -11.0762916629999, -11.079587907, -11.083236188, -11.0857454579999, -11.0916507219999, -11.0932133809999, -11.0981695629999, -11.1018450739999, -11.1026115009999, -11.1034344629999, 
-11.1103091869999, -11.111253566, -11.111706436, -11.1142796889999, -11.1151238379999, -11.1167179229999, -11.1191525559999, -11.120889167, -11.123653259, -11.12585536, -11.128983767, -11.130194543, -11.1364125959999, -11.134582647, -11.1360938419999, -11.138846204, -11.140813941, -11.143124423, -11.14319488, -11.142566437, -11.143214166, -11.145266713, -11.1482141529999, -11.1500730809999, -11.1521062369999, -11.1553537269999, -11.158284446, -11.1611887349999, -11.1639724009999, -11.166502805, -11.168824587, 
-11.1707110369999, -11.1731995319999, -11.1752325379999, -11.176869112, -11.180029401, -11.1821703099999, -11.1818765799999, -11.1827841479999, -11.185125236, -11.189243875, -11.2004587349999, -11.204781322, -11.2085876379999, -11.212009953, -11.216005097, -11.218250709, -11.2208738099999, -11.223681749, -11.2278478099999, -11.230468725, -11.2318293229999, -11.23149603, -11.2427892269999, -11.24376867, -11.2545137449999, -11.256562101, -11.2618594109999, -11.2662513569999, -11.266656803, -11.269737623, 
-11.270336645, -11.2742041039999, -11.277606107, -11.279128183, -11.2834647179999, -11.2849347829999, -11.285057077, -11.28618207, -11.2897145229999, -11.2928895569999, -11.2963248129999, -11.3006139729999, -11.3025250119999, -11.305730605, -11.3099474599999, -11.310942227, -11.312658849, -11.3152379119999, -11.318561488, -11.3236473769999, -11.3269188959999, -11.3297271759999, -11.331128609, -11.3326931939999, -11.33329253, -11.33423622, -11.3366726069999, -11.3376161639999, -11.344452325, -11.347217531, 
-11.3475058469999, -11.349931082, -11.353559629, -11.355796649, -11.361043682, -11.364870343, -11.368493481, -11.3672547219999, -11.3669472059999, -11.36840304, -11.3631193539999, -11.3603518399999, -11.358180815, -11.3618983289999, -11.3669182719999, -11.37010985, -11.373441854, -11.3781224439999, -11.3807978189999, -11.384297228, -11.386058165, -11.3872918759999, -11.3927665639999, -11.3969523769999, -11.3993201239999, -11.401246773, -11.4046843439999, -11.4053672059999, -11.4071372119999, -11.410838845, 
-11.41463666, -11.415464216, -11.414561691, -11.415624099, -11.4164555839999, -11.417678741, -11.4196494759999, -11.422882022, -11.424122755, -11.4243716149999, -11.433416714, -11.433251257, -11.4358678789999, -11.446864805, -11.4481440769999, -11.4498153449999, -11.450391279, -11.453267996, -11.452778775, -11.4544191429999, -11.4566158089999, -11.4613229239999, -11.464882185, -11.463766297, -11.466597462, -11.4698801, -11.471500716, -11.473096037, -11.475995122, -11.4781594479999, -11.48083249, 
-11.4828313099999, -11.4789737619999, -11.477880354, -11.477536788, -11.479014667, -11.486732883, -11.489276859, -11.4901010949999, -11.492377247, -11.494496349, -11.5000723329999, -11.5119682489999, -11.5164104529999, -11.5206095069999, -11.5226729229999, -11.5249646509999, -11.52940711, -11.5298453559999, -11.532453549, -11.534454263, -11.5419253239999, -11.5456768939999, -11.5502079559999, -11.551441696, -11.5554233899999, -11.560696252, -11.5628701319999, -11.5670606269999, -11.5709511599999, 
-11.5712273179999, -11.575369307, -11.584560428, -11.586774781, -11.589048518, -11.597501683, -11.5999472769999, -11.6035164679999, -11.610872699, -11.6171118889999, -11.620741778, -11.64020153, -11.642844409, -11.645232582, -11.6468659529999, -11.64658506, -11.64785813, -11.649885908, -11.65315122, -11.654338506, -11.660274802, -11.6604622209999, -11.660078729, -11.6617470239999, -11.663679973, -11.6647309169999, -11.6637105349999, -11.668122933, -11.668777962, -11.66891606, -11.670570894, -11.6728719139999, 
-11.6742959049999, -11.6823293039999, -11.6814719479999, -11.680934541, -11.6825632159999, -11.6829135819999, -11.6835902629999, -11.684415487, -11.685175503, -11.685620483, -11.6898391789999, -11.692309769, -11.6951035149999, -11.6951080099999, -11.6966276009999, -11.698902145, -11.697421893, -11.6980890469999, -11.697277673, -11.698027971, -11.697165158, -11.697153409, -11.69988677, -11.6973192319999, -11.694075463, -11.694147872, -11.6929490219999, -11.6945798829999, -11.6983445659999, -11.6981886759999, 
-11.696338486, -11.695164173, -11.696063938, -11.696269788, -11.696205715, -11.6947309569999, -11.6950242569999, -11.700099862, -11.699022281, -11.701009177, -11.703308246, -11.704973291, -11.7072165849999, -11.7088207969999, -11.707406728, -11.707960009, -11.7074140309999, -11.709456227, -11.709599985, -11.7063488329999, -11.7061631129999, -11.704000661, -11.703584371, -11.701435285, -11.700728343, -11.6998861, -11.699943209, -11.7023664879999, -11.7004451059999, -11.7003602829999, -11.696614292, 
-11.6977934889999, -11.7002143819999, -11.6987078679999, -11.6994833009999, -11.699128544, -11.6980475199999, -11.6997440769999, -11.703698357, -11.704973186, -11.70574541, -11.7066915739999, -11.7097830039999, -11.711223257, -11.711890553, -11.7141809019999, -11.717470383, -11.7169076329999, -11.719290992, -11.719759056, -11.721666486, -11.7230432179999, -11.7250798199999, -11.724963531, -11.7270290459999, -11.728342197, -11.7255776419999, -11.7292812879999, -11.7279759049999, -11.7231101509999, 
-11.722149699, -11.7228223569999, -11.721249217, -11.723165057, -11.721114903, -11.72075829, -11.721658227, -11.723514045, -11.7234363519999, -11.722051375, -11.7209971289999, -11.720437805, -11.720646853, -11.7217787509999, -11.7245408539999, -11.7260759379999, -11.726637653, -11.727687484, -11.729636174, -11.7292166609999, -11.73104569, -11.7305137639999, -11.7287435289999, -11.7257384609999, -11.7239881079999, -11.72213375, -11.721389535, -11.72363124, -11.7245256899999, -11.7231363399999, -11.725802636, 
-11.7239719839999, -11.7233688809999, -11.722291173, -11.723650639, -11.7250493459999, -11.725086872, -11.726118551, -11.7283364029999, -11.7292754609999, -11.730970218, -11.733669866, -11.735189928, -11.7357693109999, -11.7373032519999, -11.737362801, -11.743690606, -11.7446492, -11.7492064739999, -11.747375075, -11.635508498, -11.6336492409999, -11.6252878359999, -11.618461619, -11.60659345, -11.5903722439999, -11.570314147, -11.5694793649999, -11.554435817, -11.548971544, -11.5414915149999, -11.529102473, 
-11.5289729439999, -11.5276545559999, -11.5248466559999, -11.5235926549999, -11.5220769799999, -11.5207320779999, -11.5170112869999, -11.513607931, -11.510278248, -11.509548176, -11.5082594589999, -11.5104256129999, -11.510330961, -11.5109581549999, -11.5101275699999, -11.5061927639999, -11.506620105, -11.5044005079999, -11.501090844, -11.5004982839999, -11.498139573, -11.4998758739999, -11.4981412849999, -11.494115166, -11.493910184, -11.494789115, -11.4927172459999, -11.4926011359999, -11.4936110959999, 
-11.493493954, -11.487595491, -11.4872779349999, -11.4874711599999, -11.482891118, -11.480948117, -11.477191284, -11.4757812499999, -11.4734830289999, -11.4627430139999, -11.458205386, -11.457899007, -11.453180141, -11.4524272489999, -11.4509867269999, -11.4479702269999, -11.44280741, -11.4392772169999, -11.438233376, -11.4382735749999, -11.443363182, -11.4442861189999, -11.4443892269999, -11.44542423, -11.447478042, -11.4461977609999, -11.4427693819999, -11.439530174, -11.433498685, -11.429452626, 
-11.424736014, -11.4243209379999, -11.4226986789999, -11.4222664969999, -11.4209135749999, -11.4220568859999, -11.4194647799999, -11.415243639, -11.4189650399999, -11.4202708839999, -11.419753166, -11.4179037229999, -11.414665014, -11.411633293, -11.4102878679999, -11.408221915, -11.4063661989999, -11.4027123179999, -11.398361172, -11.297371013, -11.2529751989999, -11.054691447, -11.0540369609999, -10.9922392909999, -10.988351016, -10.9885617079999)))"
1100106,Guajará-Mirim,11,RO,"list(list(c(-65.377239196, -65.3750510409999, -65.371721315, -65.369519759, -65.368385463, -65.3675247889999, -65.365074033, -65.364236138, -65.362227922, -65.360356574, -65.35930378, -65.3589071519999, -65.3580516409999, -65.357056143, -65.3551948639999, -65.3535269639999, -65.3523332679999, -65.3517483039999, -65.3515240959999, -65.350467205, -65.348723778, -65.3476746159999, -65.345677525, -65.3448318269999, -65.3446401069999, -65.3441106029999, -65.3431137319999, -65.342442396, -65.3414674809999, 
-65.3394531179999, -65.3389383809999, -65.340631264, -65.337638525, -65.3368037329999, -65.3361351169999, -65.3360960259999, -65.336225782, -65.3370493999999, -65.33535168, -65.3345763709999, -65.334381161, -65.3346890709999, -65.3352215499999, -65.335214445, -65.334874082, -65.334379279, -65.3349918649999, -65.337080309, -65.337993614, -65.338001208, -65.337886167, -65.337355121, -65.33652183, -65.33441246, -65.3317971479999, -65.330130771, -65.3292208559999, -65.326496807, -65.32357932, -65.3226632619999, 
-65.3219663679999, -65.321178013, -65.320413988, -65.319379933, -65.3177174359999, -65.317196469, -65.3167314, -65.315853606, -65.315338689, -65.3144692349999, -65.313464515, -65.3110817059999, -65.3107490169999, -65.308887821, -65.3090234439999, -65.308631808, -65.307550541, -65.307188864, -65.3083269269999, -65.3095819469999, -65.310443302, -65.310718556, -65.3098042909999, -65.308661286, -65.3074708079999, -65.3054125909999, -65.3044123559999, -65.303414973, -65.302579625, -65.3024393029999, -65.301825063, 
-65.2998534309999, -65.2986607619999, -65.2976914209999, -65.2977158679999, -65.29730443, -65.2965783059999, -65.2975182129999, -65.298330592, -65.298665668, -65.299600553, -65.300467134, -65.3013048209999, -65.302802514, -65.303723667, -65.3051615089999, -65.3058806559999, -65.306747705, -65.307381982, -65.308308392, -65.308746077, -65.3088866409999, -65.308412178, -65.3075519, -65.306465374, -65.30566538, -65.30535003, -65.3062985299999, -65.3062747589999, -65.305216558, -65.303962829, -65.302747373, 
-65.301298065, -65.300194941, -65.2994154019999, -65.299634048, -65.299246096, -65.2985545519999, -65.2992992489999, -65.299554281, -65.298364841, -65.296043348, -65.294798492, -65.292380566, -65.2910254879999, -65.289996267, -65.289400594, -65.289286616, -65.289796448, -65.289428604, -65.2887990509999, -65.287639322, -65.2870546309999, -65.286939105, -65.286104819, -65.285473167, -65.2866926609999, -65.286803685, -65.285803563, -65.2845255569999, -65.283629539, -65.283668133, -65.2824933159999, 
-65.280939513, -65.279797283, -65.278690161, -65.277795276, -65.2769964149999, -65.2760504389999, -65.2749995409999, -65.2738854129999, -65.272687278, -65.270635321, -65.269666666, -65.2684117629999, -65.268130233, -65.266855101, -65.26602532, -65.263965532, -65.263469099, -65.262494814, -65.2614999099999, -65.2610490579999, -65.260441035, -65.259389405, -65.2583311559999, -65.257385751, -65.2557172319999, -65.2545001659999, -65.2533018439999, -65.2526087369999, -65.251134511, -65.25027576, -65.2500517439999, 
-65.249139688, -65.2481356919999, -65.247222295, -65.2464653709999, -65.2441062899999, -65.243160632, -65.243080013, -65.2424372199999, -65.240136614, -65.2389939069999, -65.2383887469999, -65.236020996, -65.2352477739999, -65.2338619529999, -65.233201252, -65.2340841749999, -65.2343029339999, -65.2342223749999, -65.233653208, -65.232990133, -65.231885542, -65.23085589, -65.2294961539999, -65.2266613039999, -65.2258314099999, -65.2244993179999, -65.223579509, -65.222524525, -65.221237388, -65.219013056, 
-65.2179251599999, -65.215767903, -65.215603441, -65.214797603, -65.214021856, -65.213244631, -65.21282907, -65.2115517949999, -65.210691163, -65.2097733529999, -65.2085821269999, -65.2091618309999, -65.2092971249999, -65.2084916169999, -65.20733326, -65.2057201659999, -65.205020307, -65.2047208389999, -65.203853091, -65.203408223, -65.202381437, -65.2010194789999, -65.200214751, -65.2000168909999, -65.2000465099999, -65.1992204809999, -65.1989077959999, -65.198137956, -65.197030168, -65.196234449, 
-65.1965011309999, -65.196243291, -65.19541443, -65.194247987, -65.192661888, -65.191382585, -65.1904641419999, -65.189942174, -65.1902190129999, -65.190628152, -65.1906315939999, -65.189828468, -65.188775171, -65.1874382439999, -65.186633801, -65.186299471, -65.185440811, -65.184497397, -65.18402619, -65.1833526339999, -65.1823334659999, -65.18066599, -65.1796598709999, -65.1785806999999, -65.1778272499999, -65.1764673279999, -65.1744421189999, -65.173434931, -65.1725116109999, -65.1709796009999, 
-65.1683143549999, -65.164956291, -65.162765125, -65.156716506, -65.152556147, -65.14382738, -65.139370564, -65.138432591, -65.1374806529999, -65.135744409, -65.134880612, -65.13335506, -65.131138053, -65.1278612849999, -65.1259915309999, -65.1226607199999, -65.1201006099999, -65.118171466, -65.1175265769999, -65.1161104709999, -65.114740662, -65.112886238, -65.111520616, -65.110325047, -65.1092165209999, -65.108191231, -65.1072446629999, -65.105605359, -65.1042767309999, -65.1028585919999, -65.101600343, 
-65.0981356929999, -65.096053376, -65.094191988, -65.093110332, -65.092379175, -65.090315445, -65.0898785989999, -65.088605114, -65.086578136, -65.0853537209999, -65.0796329, -65.078185944, -65.07607927, -65.075018094, -65.074045041, -65.072554735, -65.070884614, -65.069494935, -65.066305324, -65.0653287039999, -65.0643303409999, -65.062408129, -65.060275803, -65.0590496689999, -65.0575602529999, -65.0566627909999, -65.047191153, -65.0450736319999, -65.0419394979999, -65.039796979, -65.038852405, 
-65.035967106, -65.0335772259999, -65.0310241239999, -65.029637226, -65.024194475, -65.0215982729999, -65.0194236839999, -65.015545478, -65.013321876, -65.0104667389999, -65.008052883, -65.004573852, -65.000444537, -64.9992395999999, -64.997960322, -64.996242899, -64.9945883339999, -64.9904512989999, -64.988212288, -64.987301379, -64.983991981, -64.98176517, -64.9769653309999, -64.9750772509999, -64.973110064, -64.9711331509999, -64.9689649639999, -64.9667717079999, -64.963490636, -64.9621610519999, 
-64.95234933, -64.949039723, -64.945795886, -64.94468831, -64.942516748, -64.940495448, -64.9389431079999, -64.936466525, -64.9348538929999, -64.934325249, -64.93390967, -64.933051055, -64.932305376, -64.931242619, -64.9305591409999, -64.929658698, -64.9280534969999, -64.9272738069999, -64.926374864, -64.9245954749999, -64.921602724, -64.9145523509999, -64.9129850319999, -64.912216359, -64.9102414389999, -64.906311117, -64.902026228, -64.9010504829999, -64.900116258, -64.899246592, -64.89693862, 
-64.896385909, -64.895503523, -64.8941561979999, -64.888859182, -64.88545705, -64.884254751, -64.8834431769999, -64.8828235929999, -64.8807631459999, -64.878628163, -64.8776619239999, -64.872268778, -64.8713216729999, -64.8703200429999, -64.869269832, -64.868772326, -64.866302502, -64.863309629, -64.861451632, -64.860603919, -64.856770074, -64.85538902, -64.852688298, -64.8497687819999, -64.8459867559999, -64.8428867849999, -64.8418830689999, -64.838800562, -64.837966401, -64.8372994089999, -64.8363399299999, 
-64.835056669, -64.834522923, -64.8339070439999, -64.8337421289999, -64.8332138879999, -64.831881953, -64.8308416259999, -64.829780408, -64.827586201, -64.8261634729999, -64.8256086189999, -64.825629323, -64.825353002, -64.8250230849999, -64.8243268419999, -64.822548649, -64.820435847, -64.817549492, -64.8150943209999, -64.8125551629999, -64.811241769, -64.8105262829999, -64.8079909189999, -64.8067733039999, -64.805669753, -64.804106606, -64.8011016999999, -64.7998810809999, -64.7953198719999, -64.793683391, 
-64.7907468239999, -64.7895198909999, -64.78749303, -64.78552278, -64.7840412549999, -64.7828943979999, -64.78107149, -64.77940995, -64.777638725, -64.775432607, -64.773529289, -64.7633866789999, -64.756097332, -64.753726377, -64.747526319, -64.7463319599999, -64.745009041, -64.7439087719999, -64.7431278349999, -64.742656288, -64.741684383, -64.731159394, -64.723400128, -64.708029484, -64.693008887, -64.6929447759999, -64.659434566, -64.659499146, -64.660300574, -64.6604706219999, -64.660177042, 
-64.6593565619999, -64.659042712, -64.658216866, -64.6573008239999, -64.6564346939999, -64.6556854509999, -64.654549207, -64.652106303, -64.651271617, -64.650333766, -64.649422371, -64.647184368, -64.646825595, -64.646048666, -64.645133636, -64.644968584, -64.644516491, -64.6436310409999, -64.643132689, -64.64327454, -64.64298823, -64.6420171109999, -64.641327119, -64.640881285, -64.6405348999999, -64.639658481, -64.6382126989999, -64.637162673, -64.636159706, -64.6353801459999, -64.634662716, -64.6344395409999, 
-64.633802322, -64.632853277, -64.6320797979999, -64.6312204159999, -64.630356467, -64.6296925359999, -64.628435063, -64.627769459, -64.627411389, -64.6264380109999, -64.626016499, -64.625744241, -64.626076743, -64.6267924409999, -64.627160781, -64.626183937, -64.623458406, -64.6217416049999, -64.6199769149999, -64.6182101169999, -64.6172397489999, -64.616574908, -64.615627641, -64.6165126289999, -64.6163949499999, -64.61553125, -64.6106186799999, -64.609302058, -64.6084911999999, -64.607493549, 
-64.6065673199999, -64.604675045, -64.6004883459999, -64.5995997589999, -64.599939067, -64.5997929739999, -64.598959432, -64.5975784899999, -64.596661111, -64.5957157539999, -64.595125426, -64.5951572559999, -64.5934345909999, -64.591550105, -64.5906983619999, -64.590186138, -64.5893211259999, -64.588418769, -64.5873528269999, -64.585605038, -64.584850619, -64.583962958, -64.582959346, -64.5820985789999, -64.58013434, -64.5795194899999, -64.578936466, -64.577132611, -64.5754960899999, -64.574574996, 
-64.5737152999999, -64.572796344, -64.570686586, -64.567841784, -64.566854866, -64.5652745469999, -64.5623848069999, -64.5619923439999, -64.5612389309999, -64.5593796049999, -64.5588859059999, -64.559659246, -64.5594973249999, -64.557942613, -64.5561827759999, -64.55505557, -64.553812046, -64.552290931, -64.551934982, -64.5508303879999, -64.549801535, -64.547077967, -64.546271977, -64.5452712809999, -64.5430449099999, -64.540872636, -64.539765971, -64.539056718, -64.538369973, -64.53826949, -64.5379895149999, 
-64.537297969, -64.5363831369999, -64.535491673, -64.534598686, -64.532912884, -64.531395558, -64.5308257029999, -64.5296014429999, -64.5294348, -64.528991042, -64.528203667, -64.527766789, -64.528102568, -64.5286306309999, -64.52835712, -64.5261162259999, -64.524908267, -64.5240230059999, -64.52349119, -64.5224890119999, -64.52207413, -64.5211593199999, -64.5202432849999, -64.5197407489999, -64.518686771, -64.517988771, -64.517767683, -64.5168204029999, -64.516237303, -64.514495574, -64.514076586, 
-64.5131050409999, -64.511101346, -64.510244243, -64.509237966, -64.508735629, -64.50810928, -64.505493853, -64.5054923719999, -64.504716977, -64.504213469, -64.504019727, -64.5034614499999, -64.501440831, -64.501494308, -64.500191735, -64.4992664299999, -64.498634251, -64.497578393, -64.496798648, -64.495267097, -64.494932041, -64.494239087, -64.493355319, -64.4911885019999, -64.4901890179999, -64.4888770259999, -64.4881323829999, -64.4872163489999, -64.486219719, -64.4853292399999, -64.484191972, 
-64.482328784, -64.480521336, -64.479969634, -64.479635608, -64.478768529, -64.476658418, -64.4757705039999, -64.475076309, -64.474133076, -64.473126997, -64.473133656, -64.472379663, -64.471244483, -64.470541859, -64.469828873, -64.468730148, -64.466921659, -64.46485555, -64.463882519, -64.4628289429999, -64.4619916589999, -64.461546433, -64.460682762, -64.458798347, -64.4578793509999, -64.4574326989999, -64.4565469079999, -64.455665251, -64.455468206, -64.455962343, -64.4569116, -64.4560179349999, 
-64.454996501, -64.454157129, -64.452711375, -64.45171297, -64.4505753919999, -64.4498486359999, -64.448795956, -64.4483876349999, -64.447514499, -64.4463265409999, -64.4454314309999, -64.4448798199999, -64.443988433, -64.442986649, -64.4411312289999, -64.4394605699999, -64.438544613, -64.435428248, -64.4335801249999, -64.4329897329999, -64.432524747, -64.431186985, -64.430186724, -64.428178144, -64.427299067, -64.4263273669999, -64.4252417129999, -64.422406541, -64.4214654589999, -64.421164143, 
-64.420157636, -64.419156034, -64.4184081549999, -64.416273355, -64.4148327279999, -64.413904714, -64.4119679, -64.4099108, -64.4096576629999, -64.4102030469999, -64.410677006, -64.4113761639999, -64.412073261, -64.4121306009999, -64.4120193099999, -64.411459155, -64.41110543, -64.4096866639999, -64.40907834, -64.4092666759999, -64.4099045539999, -64.410740279, -64.410853643, -64.41057296, -64.4108255069999, -64.4116028549999, -64.412438139, -64.412274283, -64.411741785, -64.4099365009999, -64.4094096759999, 
-64.408604312, -64.406856373, -64.406162936, -64.4052657559999, -64.4044083299999, -64.402792811, -64.401855642, -64.4006884149999, -64.3998288, -64.3991068399999, -64.3981900679999, -64.397327256, -64.3961205339999, -64.394775573, -64.393988759, -64.393209485, -64.3924051469999, -64.391634609, -64.3914025739999, -64.391404092, -64.3911470359999, -64.390437182, -64.390297838, -64.3899103149999, -64.3891816419999, -64.3866794089999, -64.386049493, -64.3860514239999, -64.3869648629999, -64.386822549, 
-64.3858528149999, -64.38519086, -64.3842125049999, -64.3831263629999, -64.382653191, -64.382627544, -64.383159975, -64.3827442429999, -64.382154858, -64.381321263, -64.3803865949999, -64.379717373, -64.379492033, -64.3783233519999, -64.3780425269999, -64.3770202059999, -64.376475241, -64.3753876949999, -64.3731185019999, -64.3711571039999, -64.3701822829999, -64.3693786379999, -64.368347236, -64.368306421, -64.366322262, -64.365876594, -64.3649654969999, -64.364046964, -64.363467276, -64.363024091, 
-64.361654385, -64.360763672, -64.359989529, -64.3595850679999, -64.3593245399999, -64.3586052349999, -64.357655995, -64.356964204, -64.357205974, -64.3564915059999, -64.355522997, -64.354757724, -64.3531108, -64.3521309869999, -64.352328477, -64.350378715, -64.348131817, -64.346351293, -64.345294365, -64.345349614, -64.3445034839999, -64.3442427179999, -64.34338962, -64.342320871, -64.341218056, -64.340798488, -64.3400761349999, -64.338876567, -64.337773354, -64.336794819, -64.3367714299999, -64.33470959, 
-64.3336592849999, -64.331933704, -64.3309618019999, -64.329913727, -64.327905264, -64.327077698, -64.3261643609999, -64.325180435, -64.3242365469999, -64.323269093, -64.3228465709999, -64.322211651, -64.3213759169999, -64.320410965, -64.3197410589999, -64.319135337, -64.31804849, -64.315415159, -64.314104684, -64.3131305599999, -64.311440273, -64.3105262299999, -64.3095226439999, -64.309825757, -64.308931541, -64.308077068, -64.3074928659999, -64.3064633439999, -64.305853232, -64.3049917969999, 
-64.302236901, -64.301709164, -64.3008255999999, -64.2994355489999, -64.298518128, -64.2956041049999, -64.2937051979999, -64.292767993, -64.290959313, -64.2899048589999, -64.288296839, -64.287419999, -64.284156187, -64.281123382, -64.280051865, -64.2764047059999, -64.2726549239999, -64.2710201519999, -64.270264485, -64.269969276, -64.269416811, -64.2666293139999, -64.265569622, -64.263495675, -64.262183712, -64.259851918, -64.2579646689999, -64.256613828, -64.255424723, -64.2548776529999, -64.252991957, 
-64.251711438, -64.250573456, -64.247476623, -64.244625593, -64.243624996, -64.2415153539999, -64.240213796, -64.239349725, -64.238262081, -64.236159249, -64.2352441989999, -64.234625076, -64.234136544, -64.234074738, -64.233683679, -64.232658154, -64.2316574989999, -64.2274379719999, -64.225546039, -64.2246865239999, -64.2224624069999, -64.2215437449999, -64.220689517, -64.2203829389999, -64.2193771079999, -64.2184326239999, -64.2174612889999, -64.2170511369999, -64.2170783179999, -64.2175180299999, 
-64.218180068, -64.2182944059999, -64.216738331, -64.2137213179999, -64.2118549469999, -64.2115477099999, -64.211240473, -64.2103552369999, -64.210133502, -64.2099117659999, -64.209323244, -64.2074363189999, -64.205325896, -64.2039316619999, -64.203576624, -64.2039959409999, -64.2051252949999, -64.204932958, -64.204068463, -64.2031318719999, -64.2026595219999, -64.205188979, -64.205158989, -64.204735874, -64.204042567, -64.20252688, -64.2013854029999, -64.1989065619999, -64.1980726619999, -64.197906968, 
-64.1984591189999, -64.199046282, -64.1985168469999, -64.1978785119999, -64.196903317, -64.195848629, -64.194800388, -64.19304289, -64.192017982, -64.1911592399999, -64.190261467, -64.188535873, -64.186967238, -64.184767432, -64.1840800799999, -64.1837698479999, -64.1830172269999, -64.182570485, -64.1813235819999, -64.180480796, -64.179697852, -64.1779334839999, -64.176602168, -64.1759876319999, -64.1751035, -64.174029105, -64.1725426989999, -64.1714994859999, -64.1697978139999, -64.167794562, -64.1667417259999, 
-64.165826488, -64.1642953299999, -64.163625872, -64.162270645, -64.1616578319999, -64.1606614779999, -64.1598297829999, -64.1584054099999, -64.1578215169999, -64.1562683059999, -64.1551254839999, -64.1545718889999, -64.1539878729999, -64.152824812, -64.1520504769999, -64.151047606, -64.14945728, -64.148721974, -64.1448744239999, -64.143327049, -64.142187303, -64.1408830989999, -64.1391509009999, -64.138403112, -64.13737932, -64.136377989, -64.1344315389999, -64.131158299, -64.128956888, -64.127712026, 
-64.127764328, -64.1281253759999, -64.128048043, -64.1276844349999, -64.125572472, -64.1245714619999, -64.121797639, -64.1209846249999, -64.1195970049999, -64.1188205179999, -64.1167663609999, -64.1156251519999, -64.1148281119999, -64.113994682, -64.112131855, -64.111326088, -64.1106589309999, -64.110017706, -64.1084273819999, -64.1044376269999, -64.101075311, -64.0972709549999, -64.096218864, -64.095407553, -64.094768824, -64.0944102949999, -64.093625517, -64.090630429, -64.089142315, -64.083758191, 
-64.0810212479999, -64.079047334, -64.075848052, -64.07501941, -64.0706024079999, -64.0681807379999, -64.0667347639999, -64.064797624, -64.0625601009999, -64.0617976339999, -64.0604011669999, -64.059595832, -64.058547978, -64.0574058409999, -64.0556595749999, -64.054911298, -64.050628977, -64.049932363, -64.049021435, -64.048043257, -64.043297113, -64.039390064, -64.0373599, -64.035809305, -64.033674771, -64.031563746, -64.0288693749999, -64.0259389659999, -64.022106434, -64.020825093, -64.0189015349999, 
-64.0165686409999, -64.0139164859999, -64.0129621339999, -64.012352705, -64.012088346, -64.0119802139999, -64.011671147, -64.011267745, -64.009880737, -64.0091300599999, -64.0086039319999, -64.0035136979999, -64.0005668709999, -63.998851978, -63.9979326169999, -63.995129646, -63.993818767, -63.992404065, -63.99140109, -63.989864445, -63.987935474, -63.9857930049999, -63.983041712, -63.982018294, -63.9812984819999, -63.980054087, -63.979202659, -63.9785157919999, -63.9782146299999, -63.9773740589999, 
-63.9766825779999, -63.9747022349999, -63.972785445, -63.9709493499999, -63.969625594, -63.968968357, -63.9690934739999, -63.9694435299999, -63.97004627, -63.971291333, -63.9714011669999, -63.9712318729999, -63.969722484, -63.9676219169999, -63.9669110399999, -63.9656122749999, -63.964722727, -63.9615438439999, -63.959605685, -63.957189215, -63.9561537559999, -63.9532686989999, -63.9512387899999, -63.950187579, -63.949265133, -63.948659431, -63.946937131, -63.945474899, -63.944515976, -63.943800318, 
-63.942992998, -63.9412435149999, -63.9401262929999, -63.9393551329999, -63.9385189989999, -63.937463647, -63.935268245, -63.934017735, -63.931878667, -63.930826902, -63.9298265129999, -63.9281821729999, -63.926128046, -63.9242135139999, -63.923140356, -63.921517463, -63.920326898, -63.9191499839999, -63.918266887, -63.916875104, -63.706739259, -63.7060515639999, -63.703714127, -63.700737467, -63.699765803, -63.6987659999999, -63.6967491819999, -63.6936830429999, -63.6899056649999, -63.6889006379999, 
-63.687951456, -63.6855829969999, -63.6845681569999, -63.680133528, -63.679099798, -63.677043241, -63.673650809, -63.6721347589999, -63.669989834, -63.668621554, -63.6658733119999, -63.658577005, -63.656805116, -63.654170124, -63.649044064, -63.6476837629999, -63.644614405, -63.642149203, -63.640439356, -63.636098179, -63.6273949549999, -63.6244455069999, -63.622961558, -63.621595021, -63.620046206, -63.618483072, -63.6159424699999, -63.6155689119999, -63.613755783, -63.6127921389999, -63.6104282729999, 
-63.60909428, -63.5980621539999, -63.596513597, -63.594878018, -63.5936179819999, -63.5878463439999, -63.584346095, -63.5830564219999, -63.5809587619999, -63.5770729939999, -63.576177522, -63.5741029479999, -63.573151241, -63.5727376, -63.5726294369999, -63.5722346379999, -63.571961761, -63.571931471, -63.5723508189999, -63.5724293259999, -63.572185325, -63.5722679419999, -63.5716530459999, -63.571541743, -63.5710173149999, -63.570850778, -63.57141211, -63.5721126999999, -63.572792487, -63.5756031979999, 
-63.5778232429999, -63.579937452, -63.580595255, -63.581547996, -63.5824435149999, -63.5877309099999, -63.588711955, -63.5897955199999, -63.597265949, -63.599575067, -63.6013458309999, -63.6039553369999, -63.6049838719999, -63.6056308499999, -63.606037355, -63.6060128299999, -63.605465422, -63.605457676, -63.606845447, -63.607435834, -63.607601474, -63.607571497, -63.60701532, -63.605433893, -63.604823105, -63.6045477499999, -63.6045671779999, -63.6051240799999, -63.6061356729999, -63.606999789, 
-63.6088744, -63.608850771, -63.607908594, -63.6077692689999, -63.60776687, -63.608128634, -63.6081065669999, -63.607849495, -63.607793809, -63.6073793429999, -63.606821264, -63.6061604449999, -63.605736563, -63.604986287, -63.6042974329999, -63.6039639079999, -63.602211884, -63.60174335, -63.601681059, -63.6024051699999, -63.604378967, -63.6051502529999, -63.604873238, -63.604566873, -63.603848403, -63.602882259, -63.601025702, -63.598544624, -63.595434653, -63.594374516, -63.5937683709999, -63.5927379199999, 
-63.591875002, -63.5907637499999, -63.5888510319999, -63.587773392, -63.587323726, -63.585570149, -63.5850981849999, -63.58427178, -63.582811046, -63.582768996, -63.583543541, -63.583542151, -63.5831671129999, -63.5820128499999, -63.581262887, -63.5791942519999, -63.5772963359999, -63.576902698, -63.5767117899999, -63.5773240469999, -63.579214098, -63.582010439, -63.58254842, -63.582516179, -63.584360331, -63.587098486, -63.589549419, -63.593254633, -63.5961231589999, -63.602766412, -63.605543605, 
-63.6084457289999, -63.60940269, -63.614420906, -63.6164844999999, -63.618261592, -63.6205077509999, -63.6235106979999, -63.6261824959999, -63.6277957739999, -63.627016924, -63.630132067, -63.629208755, -63.6280481869999, -63.626530516, -63.625484313, -63.6238185659999, -63.622434388, -63.621702043, -63.621129163, -63.6191808629999, -63.6173443539999, -63.612731491, -63.610752168, -63.6084778579999, -63.6007192329999, -63.5964968539999, -63.5961095279999, -63.594917712, -63.5923254859999, -63.590647319, 
-63.5898063099999, -63.5872299109999, -63.5853436479999, -63.5842770039999, -63.5829394559999, -63.5815429629999, -63.5805634389999, -63.5805041, -63.580870654, -63.580836029, -63.581296498, -63.582329917, -63.582819854, -63.583252152, -63.583377739, -63.583710388, -63.584869936, -63.58507907, -63.584234209, -63.584106663, -63.582127312, -63.5816696759999, -63.5819025759999, -63.5841952359999, -63.584568466, -63.5852469239999, -63.5856014189999, -63.585253253, -63.583464808, -63.5823844339999, -63.582272067, 
-63.5826278069999, -63.5836059229999, -63.584497237, -63.5850616559999, -63.585429189, -63.58618828, -63.5880854489999, -63.5884684059999, -63.5900660929999, -63.591030426, -63.593215415, -63.59352819, -63.59393009, -63.593160248, -63.593313956, -63.593806553, -63.5951291759999, -63.5948602479999, -63.594984092, -63.5939581699999, -63.5934988619999, -63.593158048, -63.5937482149999, -63.5945590819999, -63.595401522, -63.595743177, -63.5966753739999, -63.5969475799999, -63.59754458, -63.5980115779999, 
-63.597853715, -63.597927189, -63.598427992, -63.5978594669999, -63.597936272, -63.597810363, -63.5990048829999, -63.5999203989999, -63.600131019, -63.600134405, -63.6026737239999, -63.6028173189999, -63.602679594, -63.601252767, -63.599564629, -63.597007838, -63.5969550309999, -63.5966517489999, -63.596670756, -63.59831691, -63.598630282, -63.5975298429999, -63.59773298, -63.5978055369999, -63.5969746179999, -63.594800379, -63.59250013, -63.589839173, -63.588343901, -63.5878683399999, -63.587607502, 
-63.5879546479999, -63.5886553449999, -63.588401518, -63.5876133099999, -63.5878280579999, -63.588137388, -63.5881109639999, -63.5876245869999, -63.587255246, -63.587458531, -63.5873620359999, -63.5883153199999, -63.588021336, -63.5877131709999, -63.586567168, -63.585728473, -63.5829521259999, -63.5831659499999, -63.5819719469999, -63.5809906339999, -63.57890454, -63.5770784669999, -63.577367313, -63.577826051, -63.5787815259999, -63.5832624999999, -63.5845286649999, -63.5848792959999, -63.584895475, 
-63.5856758179999, -63.586359826, -63.5867166419999, -63.58805371, -63.589625579, -63.5905229479999, -63.590035292, -63.5884235439999, -63.5870913809999, -63.585688937, -63.585551814, -63.586059154, -63.5869755369999, -63.5894862629999, -63.590400245, -63.591527658, -63.592110539, -63.593504531, -63.593225573, -63.593721838, -63.5940764529999, -63.594008725, -63.5932348479999, -63.592229597, -63.5915781319999, -63.589648988, -63.5885290119999, -63.588741626, -63.58993984, -63.590488423, -63.590307031, 
-63.5895519579999, -63.587834906, -63.586167151, -63.586453354, -63.587725128, -63.5885644139999, -63.588433068, -63.58766005, -63.5862533099999, -63.5856916069999, -63.5846386029999, -63.583224116, -63.581618659, -63.57950951, -63.5771213249999, -63.5755063299999, -63.573712226, -63.572573886, -63.57036757, -63.5687072319999, -63.5682534919999, -63.5675224499999, -63.5665981019999, -63.566026354, -63.565194635, -63.5649129749999, -63.5647044139999, -63.5659703019999, -63.566534683, -63.566076154, 
-63.562461323, -63.562181152, -63.5623235689999, -63.5630977159999, -63.562890003, -63.5622545699999, -63.5610892239999, -63.559449631, -63.5585386079999, -63.5574844449999, -63.5572615169999, -63.5566985679999, -63.554173244, -63.553374659, -63.552634185, -63.551888418, -63.5510157479999, -63.549994301, -63.548617159, -63.547244433, -63.5466974379999, -63.54603371, -63.544158259, -63.542709934, -63.5419055609999, -63.539880538, -63.537904736, -63.537459011, -63.5374292669999, -63.538573474, -63.5371518919999, 
-63.537319821, -63.53868083, -63.5394540329999, -63.5404365, -63.542193055, -63.542902597, -63.543072716, -63.5426376819999, -63.541816254, -63.541295223, -63.539408307, -63.535091647, -63.5343537959999, -63.5339028719999, -63.532989287, -63.531851332, -63.5305150989999, -63.5300097849999, -63.5293108449999, -63.5285573539999, -63.527986636, -63.5272679799999, -63.526765258, -63.5262071079999, -63.525430907, -63.524683623, -63.524709278, -63.5239359679999, -63.5235761449999, -63.523267823, -63.523988939, 
-63.5240134109999, -63.5230459959999, -63.5216569659999, -63.5215418079999, -63.52182281, -63.5214046469999, -63.521935504, -63.5219791709999, -63.5220230129999, -63.5220446719999, -63.5210752519999, -63.519457259, -63.519546028, -63.521404434, -63.522297657, -63.524156665, -63.5248493879999, -63.525902963, -63.5266293389999, -63.531655863, -63.5329283899999, -63.53401624, -63.53482579, -63.5359576859999, -63.5368797549999, -63.53804481, -63.53891347, -63.5407117709999, -63.541243287, -63.541240592, 
-63.5397180409999, -63.539374117, -63.538737173, -63.538463459, -63.538603999, -63.5392144549999, -63.540916134, -63.544183199, -63.545461235, -63.546044275, -63.5471560709999, -63.5478492029999, -63.548767974, -63.549236509, -63.5492403899999, -63.5487251259999, -63.5493668779999, -63.551352352, -63.5521841389999, -63.552851146, -63.5535343559999, -63.554267035, -63.555129225, -63.5565195169999, -63.557489319, -63.5574661999999, -63.556284954, -63.5539048959999, -63.5533175789999, -63.5531682849999, 
-63.551928941, -63.550014742, -63.549240988, -63.5488527959999, -63.5491784089999, -63.55021345, -63.551180796, -63.552241435, -63.553042214, -63.554319351, -63.555047414, -63.556020791, -63.557051665, -63.558881786, -63.559882159, -63.560595113, -63.5615697339999, -63.5622658499999, -63.5628451319999, -63.563575761, -63.56454738, -63.565521282, -63.5669880729999, -63.567846051, -63.5688231679999, -63.569875172, -63.570800268, -63.5728477929999, -63.5763183529999, -63.580067548, -63.581102115, -63.582128359, 
-63.5820167329999, -63.5809898689999, -63.5804638769999, -63.5803476259999, -63.581261873, -63.582265105, -63.584393506, -63.585969544, -63.5879328669999, -63.589486769, -63.5904827129999, -63.5924285409999, -63.593273481, -63.593903924, -63.5951049959999, -63.5954087759999, -63.597517427, -63.5983528029999, -63.5992726659999, -63.5994905379999, -63.600818106, -63.601736221, -63.6022121729999, -63.6020759369999, -63.601377439, -63.59984695, -63.598541441, -63.596462382, -63.5959577909999, -63.595744093, 
-63.596293831, -63.598739915, -63.599484748, -63.600002408, -63.600043126, -63.5998301209999, -63.5977931, -63.5966862739999, -63.594217411, -63.5934024169999, -63.5927959179999, -63.591748023, -63.59160166, -63.592296365, -63.593351561, -63.594682423, -63.5961599699999, -63.597714627, -63.598713056, -63.599156619, -63.599291895, -63.598627644, -63.5987694239999, -63.601681634, -63.6028818949999, -63.604680315, -63.605350363, -63.605484952, -63.605127233, -63.60510572, -63.60468138, -63.6039609859999, 
-63.6041809629999, -63.60488099, -63.6060723889999, -63.607127665, -63.608294595, -63.608298163, -63.6074074429999, -63.607984744, -63.6094104259999, -63.6114051159999, -63.612410477, -63.613462418, -63.614513319, -63.6155443739999, -63.616015029, -63.6170750899999, -63.617050068, -63.6163559059999, -63.6153641919999, -63.611989718, -63.6071520289999, -63.60616087, -63.605335378, -63.604741829, -63.603209563, -63.602686974, -63.600505143, -63.5981340499999, -63.5967898599999, -63.5953181579999, -63.5945173549999, 
-63.5951018059999, -63.596125066, -63.5983734449999, -63.6006600469999, -63.6030870329999, -63.6041604749999, -63.6049901429999, -63.6063181889999, -63.60681813, -63.607998266, -63.6100537109999, -63.611322773, -63.6121610749999, -63.61270802, -63.6127062669999, -63.6109759949999, -63.610685438, -63.610686695, -63.610901277, -63.6117429729999, -63.614903971, -63.615768046, -63.6163236989999, -63.6162975299999, -63.615104952, -63.6125204359999, -63.6119618939999, -63.6123746939999, -63.613437895, 
-63.615187249, -63.618519583, -63.620154253, -63.6210973019999, -63.6222966409999, -63.623271598, -63.623294351, -63.623022351, -63.6224110759999, -63.6212970369999, -63.6196857179999, -63.6183241919999, -63.616969602, -63.616075467, -63.6147238789999, -63.614491131, -63.613580321, -63.61304174, -63.612989018, -63.6134027509999, -63.615428747, -63.615680194, -63.61552005, -63.614736717, -63.613825151, -63.610262423, -63.6088501889999, -63.606576708, -63.60499437, -63.604631645, -63.60448733, -63.6046305359999, 
-63.6051867829999, -63.607018276, -63.60776548, -63.608352699, -63.608345769, -63.6077681909999, -63.6064617959999, -63.6055449839999, -63.6051327429999, -63.605264561, -63.605014438, -63.603212201, -63.599686853, -63.598960136, -63.598660407, -63.598904421, -63.60035852, -63.601377643, -63.603074879, -63.604836207, -63.606717951, -63.6091655449999, -63.6134310189999, -63.614431043, -63.617277793, -63.6180425989999, -63.6185710899999, -63.6192778869999, -63.620066157, -63.6240522579999, -63.6250489139999, 
-63.6270437869999, -63.6300358979999, -63.632950774, -63.6346022449999, -63.636519397, -63.63779432, -63.6383672459999, -63.638485879, -63.6388792949999, -63.639380113, -63.6404367849999, -63.6409884779999, -63.6419091719999, -63.6424947319999, -63.644939259, -63.6452277349999, -63.645164176, -63.645310525, -63.647018521, -63.6487966139999, -63.650643805, -63.6533111, -63.6576536809999, -63.6592196889999, -63.66021865, -63.6616489579999, -63.6622966109999, -63.6661480719999, -63.6667696139999, -63.667012553, 
-63.6657327269999, -63.665022885, -63.6654544259999, -63.666958162, -63.6688077749999, -63.6709396799999, -63.672912444, -63.6761247439999, -63.678330552, -63.6797566, -63.6801145579999, -63.6796914029999, -63.676637531, -63.6763574339999, -63.6772122559999, -63.677285428, -63.6770072239999, -63.676017772, -63.6758790569999, -63.6781619979999, -63.679919868, -63.679807398, -63.6801650209999, -63.684370384, -63.6868665769999, -63.6885790099999, -63.6894289629999, -63.69056216, -63.690272529, -63.690268239, 
-63.6911895209999, -63.6922539939999, -63.69528253, -63.697411859, -63.698355123, -63.699018967, -63.700658419, -63.702809277, -63.7041284, -63.706131343, -63.7119940949999, -63.7155617569999, -63.7168527489999, -63.719241252, -63.7203768859999, -63.723357235, -63.725848525, -63.727842406, -63.7293423059999, -63.7290595009999, -63.727710335, -63.727756294, -63.7292101719999, -63.730849589, -63.735476162, -63.7393222819999, -63.740747083, -63.7418799129999, -63.7424895609999, -63.7426327009999, -63.7425415559999, 
-63.7422725549999, -63.7422935419999, -63.7432188949999, -63.743958915, -63.7450144309999, -63.747634322, -63.754168264, -63.755946275, -63.762006953, -63.7642863889999, -63.766918778, -63.767840921, -63.768980744, -63.7706638649999, -63.770986401, -63.772018701, -63.772212263, -63.772536233, -63.7729609719999, -63.774815576, -63.7763037599999, -63.7782292459999, -63.77922725, -63.7802474209999, -63.7850713919999, -63.7855712379999, -63.786286407, -63.7865677659999, -63.787278304, -63.787283305, 
-63.7879829149999, -63.7897696379999, -63.7906919389999, -63.791600605, -63.793770342, -63.794881306, -63.799157156, -63.8001589799999, -63.800988003, -63.8034674589999, -63.806376954, -63.8076545989999, -63.8090724529999, -63.809073162, -63.80935225, -63.810324139, -63.8112660339999, -63.812304207, -63.8147182069999, -63.8167948569999, -63.8180487509999, -63.820660194, -63.821572937, -63.822297167, -63.8241936129999, -63.8271896999999, -63.830628588, -63.8320769819999, -63.8329936609999, -63.834216935, 
-63.835184258, -63.836689521, -63.837798343, -63.8387664899999, -63.840533109, -63.842934383, -63.843883491, -63.844931782, -63.847803371, -63.8493591, -63.8509630469999, -63.8521275369999, -63.8549909229999, -63.85674425, -63.85740578, -63.858822567, -63.859375333, -63.8605224699999, -63.86135019, -63.8626865689999, -63.863855068, -63.865769833, -63.866771721, -63.8676608109999, -63.86838082, -63.869437234, -63.869990881, -63.871160449, -63.871581338, -63.8726900099999, -63.8736322939999, -63.874462745, 
-63.8755786609999, -63.877886851, -63.879020822, -63.8796877809999, -63.880849789, -63.883991797, -63.8880526959999, -63.88904464, -63.8905457589999, -63.89166034, -63.893687426, -63.894659092, -63.896177662, -63.8976272339999, -63.898770941, -63.9004381839999, -63.9016635819999, -63.9027700449999, -63.903824635, -63.9051349729999, -63.907130016, -63.908188665, -63.91329832, -63.9147769229999, -63.9183224919999, -63.9196600279999, -63.92063307, -63.921796376, -63.922691649, -63.9240226169999, -63.9260513189999, 
-63.928852228, -63.931328789, -63.932103087, -63.933103211, -63.935183674, -63.937937601, -63.9390486319999, -63.9399128699999, -63.9414785929999, -63.943407266, -63.9445168919999, -63.944883648, -63.945627314, -63.9465228079999, -63.948105713, -63.9490436669999, -63.949852655, -63.951134095, -63.9525160619999, -63.9534391619999, -63.9543787229999, -63.955460946, -63.9559910289999, -63.9566831109999, -63.9576610409999, -63.959856222, -63.9620256809999, -63.9629143069999, -63.963325182, -63.964016253, 
-63.9647159739999, -63.965301301, -63.966303227, -63.9663260819999, -63.9660167749999, -63.9659956599999, -63.966635441, -63.9664207149999, -63.966044314, -63.9660470579999, -63.966405987, -63.966688046, -63.967192261, -63.969775321, -63.971380204, -63.9734688899999, -63.974466889, -63.975634938, -63.976577103, -63.9782465549999, -63.978691657, -63.979298474, -63.980163401, -63.9821896529999, -63.9846659549999, -63.986575595, -63.989074071, -63.9902148119999, -63.9911889969999, -63.991523558, -63.993656778, 
-63.9944913729999, -63.995379976, -63.99652423, -63.9994677559999, -64.0005464699999, -64.001996171, -64.003770549, -64.006738947, -64.0076542189999, -64.0100768639999, -64.0118272399999, -64.0127708109999, -64.0136301719999, -64.0141599899999, -64.0152434389999, -64.0162212819999, -64.017472139, -64.018662482, -64.0193841999999, -64.0206606199999, -64.0212643839999, -64.020607231, -64.0230280799999, -64.024157782, -64.024799513, -64.024638065, -64.024907877, -64.0247131689999, -64.0239651269999, 
-64.0243838369999, -64.024743653, -64.023938732, -64.02357926, -64.024553948, -64.02482552, -64.024573064, -64.0250491579999, -64.026245886, -64.0282460689999, -64.0292197059999, -64.030327384, -64.031440142, -64.0329907659999, -64.0343763019999, -64.03710679, -64.039133852, -64.0403568409999, -64.041296689, -64.042470215, -64.0431081669999, -64.0441004589999, -64.043966205, -64.0431896899999, -64.042162095, -64.041018542, -64.039714695, -64.0394686029999, -64.038966159, -64.037992287, -64.0368551839999, 
-64.0362226019999, -64.0369158569999, -64.0377158579999, -64.038414458, -64.0392714429999, -64.03949456, -64.04037737, -64.041437917, -64.0419924129999, -64.042851717, -64.0439110169999, -64.045379697, -64.046357051, -64.0471309009999, -64.048132327, -64.050379808, -64.050607812, -64.050076213, -64.050421007, -64.0516055249999, -64.052523807, -64.052970287, -64.0538284989999, -64.0536536849999, -64.055896558, -64.057690091, -64.0609896129999, -64.062112655, -64.063548102, -64.0648517339999, -64.065988121, 
-64.0700236469999, -64.071131387, -64.074516584, -64.075990462, -64.0773330289999, -64.077992544, -64.0776304199999, -64.078050316, -64.078964796, -64.0806583079999, -64.08402185, -64.08723999, -64.0879954369999, -64.0889648789999, -64.090155274, -64.0913531799999, -64.096829375, -64.099297465, -64.101715741, -64.103633362, -64.1042980179999, -64.104269742, -64.103766337, -64.1015485149999, -64.0987960699999, -64.0978539379999, -64.097635912, -64.097713792, -64.099691115, -64.101108977, -64.1030234889999, 
-64.1043236499999, -64.1057672909999, -64.108964468, -64.110249593, -64.110520342, -64.1103513349999, -64.109693034, -64.1081325279999, -64.107415767, -64.1078036499999, -64.110160589, -64.1116038069999, -64.112381792, -64.113495695, -64.113855804, -64.1172191809999, -64.118549792, -64.120267153, -64.121188019, -64.122657622, -64.123630518, -64.124744388, -64.1258036099999, -64.126658945, -64.127415631, -64.1281025979999, -64.1282468369999, -64.1279073389999, -64.127012881, -64.125272991, -64.1246320289999, 
-64.1239118979999, -64.1251595589999, -64.1250240039999, -64.124191673, -64.1231652009999, -64.1222408619999, -64.121325539, -64.1211857639999, -64.1215803099999, -64.121880402, -64.1221958669999, -64.1241300289999, -64.126608435, -64.1270241469999, -64.12674406, -64.127189697, -64.127915542, -64.1284647529999, -64.129973138, -64.1303578659999, -64.1302150339999, -64.1312169729999, -64.1330758139999, -64.134025381, -64.134939378, -64.1356878869999, -64.135048453, -64.131685658, -64.1307437919999, 
-64.130298509, -64.130218519, -64.130798592, -64.1316642839999, -64.1336930539999, -64.137852676, -64.1391573279999, -64.142434036, -64.1433037409999, -64.144965155, -64.144940003, -64.144135241, -64.1429896809999, -64.141741363, -64.1407694019999, -64.14052779, -64.141047156, -64.141962755, -64.1429144709999, -64.1447198239999, -64.1447458569999, -64.1444108049999, -64.144631808, -64.145830797, -64.147241155, -64.148331237, -64.1505810769999, -64.151634198, -64.1526925849999, -64.1536938199999, 
-64.154609942, -64.154974484, -64.1549720469999, -64.156107373, -64.155830705, -64.155328308, -64.155875548, -64.156636718, -64.157937779, -64.1589700959999, -64.159607221, -64.1600733969999, -64.1610544479999, -64.162024283, -64.162797188, -64.163666691, -64.1638286029999, -64.165771325, -64.166547685, -64.166247331, -64.164667182, -64.1650781829999, -64.167220238, -64.16838682, -64.169186342, -64.1694381739999, -64.170156359, -64.1705500159999, -64.169442996, -64.169274225, -64.1701929429999, -64.171189647, 
-64.171885241, -64.172831946, -64.1735277609999, -64.1745200599999, -64.175689892, -64.17654594, -64.1763974669999, -64.1751435369999, -64.1758061249999, -64.1768022019999, -64.1794740179999, -64.1817162929999, -64.1827674789999, -64.1842390999999, -64.1851911939999, -64.1862702249999, -64.187519502, -64.190637353, -64.1930243179999, -64.196575932, -64.197635223, -64.198969668, -64.2001916739999, -64.2016634559999, -64.203859943, -64.2051585989999, -64.206964902, -64.207330681, -64.207161865, -64.206243207, 
-64.205024717, -64.204220574, -64.2034700119999, -64.202719823, -64.202715808, -64.2035480719999, -64.2045496099999, -64.207467811, -64.208387172, -64.2096316459999, -64.210806233, -64.2116614129999, -64.2129086469999, -64.2134647709999, -64.2134896449999, -64.21393642, -64.2147993999999, -64.2162483639999, -64.216803539, -64.2168526919999, -64.2165243319999, -64.215881864, -64.215269301, -64.215635127, -64.216716923, -64.2181902229999, -64.2192209769999, -64.2209060479999, -64.221718089, -64.222103433, 
-64.2245008579999, -64.225804501, -64.226996544, -64.2279897649999, -64.2297702179999, -64.230742721, -64.2321897849999, -64.2331971989999, -64.2359128809999, -64.237271569, -64.23905343, -64.242753541, -64.24327104, -64.2438570269999, -64.2444951569999, -64.2452227149999, -64.24827085, -64.24924544, -64.2501120919999, -64.251221812, -64.25465784, -64.25757608, -64.257940405, -64.258389182, -64.258442228, -64.257102018, -64.256328497, -64.255382889, -64.254582716, -64.252934929, -64.251879096, -64.250964357, 
-64.249972912, -64.249079276, -64.248027354, -64.247333882, -64.246915217, -64.245276022, -64.2439999389999, -64.2424446329999, -64.242055577, -64.242581338, -64.243360048, -64.245469074, -64.2455289249999, -64.244714464, -64.243717462, -64.2434098959999, -64.242524568, -64.2417719209999, -64.2413271079999, -64.240355547, -64.2396568949999, -64.240021556, -64.240828629, -64.2417994359999, -64.2429645279999, -64.2441881639999, -64.245300812, -64.245883911, -64.246941905, -64.248108669, -64.248745387, 
-64.248910726, -64.249386465, -64.2502747559999, -64.2506606059999, -64.2529131989999, -64.2542475239999, -64.254827683, -64.2554733249999, -64.256635074, -64.257662064, -64.258187519, -64.258271051, -64.2586088689999, -64.258466937, -64.258579243, -64.2592489439999, -64.260216225, -64.261771965, -64.262913935, -64.265135099, -64.266387589, -64.2676355849999, -64.270274582, -64.2729722839999, -64.274381373, -64.2763302009999, -64.2768875469999, -64.27707903, -64.2780525229999, -64.2782982249999, 
-64.2781115639999, -64.279082337, -64.280270513, -64.281054635, -64.282165051, -64.284165291, -64.2849395209999, -64.285829915, -64.286269924, -64.286663494, -64.287889336, -64.287852348, -64.2874151199999, -64.2871627469999, -64.288055239, -64.2889703799999, -64.289796191, -64.2898021769999, -64.290048563, -64.290413589, -64.291029592, -64.292106392, -64.293080388, -64.2943021999999, -64.29521404, -64.296189765, -64.2971039479999, -64.2977954199999, -64.298658647, -64.2996915379999, -64.300607206, 
-64.3014692849999, -64.3012740949999, -64.3006364949999, -64.300102011, -64.299992924, -64.3006085539999, -64.3016350639999, -64.303666318, -64.304636116, -64.3052172589999, -64.3072481089999, -64.3086597929999, -64.309879801, -64.310606674, -64.310751507, -64.311523944, -64.312500238, -64.312057787, -64.3134707719999, -64.314441858, -64.315077411, -64.31602641, -64.3162512419999, -64.316802072, -64.3172472159999, -64.3181303009999, -64.31847372, -64.3193307889999, -64.321270039, -64.3222708929999, 
-64.3230514349999, -64.325274671, -64.3265532849999, -64.329692248, -64.330547876, -64.334219138, -64.336223033, -64.337057654, -64.3404369399999, -64.3416426179999, -64.34316308, -64.343555732, -64.3450777679999, -64.345524823, -64.3463281039999, -64.347747746, -64.3483086219999, -64.3488843189999, -64.3497160149999, -64.350806334, -64.3513854239999, -64.3516654009999, -64.3516892299999, -64.353602339, -64.355403042, -64.35660256, -64.3575211129999, -64.3591110129999, -64.359645818, -64.3613575749999, 
-64.3627971769999, -64.365213833, -64.368305228, -64.3691380469999, -64.373190591, -64.3743325229999, -64.375827041, -64.3748043799999, -64.3747488439999, -64.3750248349999, -64.3753340649999, -64.376081942, -64.376999745, -64.377244333, -64.377244175, -64.3763310899999, -64.376054458, -64.3769667209999, -64.377998874, -64.3788001979999, -64.3790009409999, -64.378303961, -64.3782506329999, -64.3794655709999, -64.3799389869999, -64.380112942, -64.3789145339999, -64.3779109659999, -64.375836917, -64.375079125, 
-64.3754988699999, -64.377935828, -64.3783535299999, -64.3787441539999, -64.3771651859999, -64.376830944, -64.3778855339999, -64.378913553, -64.380385432, -64.3813900859999, -64.3820000479999, -64.382133159, -64.379972899, -64.379831638, -64.380001057, -64.381132276, -64.381910498, -64.382608317, -64.383061636, -64.384914918, -64.386665706, -64.38782941, -64.388612098, -64.388746335, -64.387105974, -64.3871606, -64.388329678, -64.3901603669999, -64.3910806339999, -64.3931668129999, -64.395188897, 
-64.398247457, -64.3990036279999, -64.3995024229999, -64.399747138, -64.399716681, -64.400557598, -64.401583474, -64.402611205, -64.4033322, -64.407194625, -64.408053487, -64.410081389, -64.4111959849999, -64.4122420209999, -64.41371772, -64.416440028, -64.418053904, -64.4188345349999, -64.419714685, -64.420025359, -64.4209649649999, -64.4218826919999, -64.423132717, -64.4234652979999, -64.4232753269999, -64.4228596849999, -64.4226916299999, -64.4233601269999, -64.4243637119999, -64.4253016, -64.425109319, 
-64.423639943, -64.422190642, -64.421999832, -64.4220787009999, -64.423137487, -64.423772092, -64.4253837419999, -64.425972863, -64.42636514, -64.426611419, -64.427243426, -64.428773522, -64.4289429149999, -64.4306877499999, -64.430857448, -64.430634219, -64.4315227579999, -64.432378714, -64.43373005, -64.4347136, -64.4354698889999, -64.4366657079999, -64.4371366719999, -64.439360439, -64.439854346, -64.440806449, -64.4417178539999, -64.4426369559999, -64.443914354, -64.445803058, -64.446549165, 
-64.4477728129999, -64.447772937, -64.4481128959999, -64.4487463829999, -64.448839149, -64.448213417, -64.446638981, -64.4461378759999, -64.445303946, -64.4430774919999, -64.442381245, -64.440303209, -64.439186584, -64.438333192, -64.437496187, -64.4373033149999, -64.4383532099999, -64.4385314809999, -64.4391615289999, -64.440196559, -64.4408036559999, -64.4409968479999, -64.4424697529999, -64.443523327, -64.444576459, -64.444974504, -64.445966413, -64.44774477, -64.4469470589999, -64.4469644309999, 
-64.447805178, -64.447779324, -64.447022945, -64.447470669, -64.4480537489999, -64.447332023, -64.44694322, -64.447798188, -64.4493816419999, -64.453833958, -64.454667069, -64.455596602, -64.4576076579999, -64.464469662, -64.466781273, -64.471193707, -64.472001408, -64.4726625269999, -64.473588415, -64.474362555, -64.474639438, -64.4746357659999, -64.476113621, -64.476192737, -64.475859315, -64.4753563089999, -64.4745832779999, -64.4734959149999, -64.4725231129999, -64.472055058, -64.471247278, -64.470167285, 
-64.469112231, -64.468415357, -64.4675842019999, -64.4672771049999, -64.466916281, -64.466886873, -64.468276327, -64.468748628, -64.46957691, -64.4718880029999, -64.474999146, -64.4757777239999, -64.4774022389999, -64.48092373, -64.48172197, -64.482080722, -64.4834151759999, -64.4849417989999, -64.4859961339999, -64.4869162409999, -64.487751569, -64.492030273, -64.493413558, -64.4943292229999, -64.4963342619999, -64.4968085849999, -64.497713401, -64.4985681959999, -64.5001653269999, -64.5009934739999, 
-64.5030780409999, -64.504245368, -64.5060823419999, -64.506856168, -64.509972395, -64.511584327, -64.5126126129999, -64.513413997, -64.513890761, -64.5141420449999, -64.5141100199999, -64.5145797169999, -64.515331746, -64.5158099229999, -64.5158307789999, -64.5163019919999, -64.517139541, -64.518165816, -64.5192217089999, -64.520193857, -64.522548737, -64.525117876, -64.527054654, -64.5324424189999, -64.533285554, -64.536030282, -64.538220935, -64.5391673229999, -64.540361657, -64.5410536639999, 
-64.540751365, -64.5399389089999, -64.5394454439999, -64.539252749, -64.539281885, -64.5402772619999, -64.5411378599999, -64.543246908, -64.5438275149999, -64.544247877, -64.5441029689999, -64.5430824839999, -64.5430811639999, -64.5434460239999, -64.5441127189999, -64.544389014, -64.5459665169999, -64.548834101, -64.5513265989999, -64.552162988, -64.5530116799999, -64.556977615, -64.561943828, -64.563277684, -64.5664155119999, -64.5682460189999, -64.572163657, -64.5763841999999, -64.578495883, -64.582500935, 
-64.584141014, -64.5855805339999, -64.586746662, -64.5870543889999, -64.5883306389999, -64.5891634719999, -64.5906718489999, -64.5907734309999, -64.592192467, -64.5924440499999, -64.5929443549999, -64.593078212, -64.59455388, -64.5957782609999, -64.597693372, -64.6017485999999, -64.6027180549999, -64.605993414, -64.6081916029999, -64.6092262539999, -64.6122501469999, -64.616219077, -64.6190560109999, -64.621669346, -64.6239677849999, -64.6278325379999, -64.6312789689999, -64.633472874, -64.6345857429999, 
-64.636667463, -64.6391692009999, -64.6411108849999, -64.643447635, -64.6444217459999, -64.64580773, -64.64678366, -64.648164072, -64.6499164909999, -64.651440414, -64.652361399, -64.65341899, -64.6543513009999, -64.657654571, -64.659781059, -64.660748478, -64.661721762, -64.6649125019999, -64.6668322149999, -64.668689957, -64.671555074, -64.6737267809999, -64.675776728, -64.6806336179999, -64.6853586709999, -64.6872793789999, -64.691612976, -64.6940759879999, -64.695055592, -64.695830959, -64.698028109, 
-64.6988308689999, -64.6995893539999, -64.7003375049999, -64.7028333329999, -64.7042000959999, -64.705767532, -64.708447505, -64.710057434, -64.7112182709999, -64.712301022, -64.712944751, -64.714163324, -64.7148453139999, -64.715304048, -64.7153378089999, -64.715694399, -64.7161087969999, -64.716749409, -64.717521205, -64.717306405, -64.717471302, -64.717472564, -64.7178006909999, -64.717799311, -64.7168279849999, -64.71589028, -64.715361296, -64.71477714, -64.714029869, -64.713632009, -64.7121928699999, 
-64.711083246, -64.710281371, -64.7093353649999, -64.7086108919999, -64.707327481, -64.705777369, -64.704667063, -64.7031931019999, -64.701362223, -64.7002755799999, -64.698358844, -64.697475396, -64.697442033, -64.697634179, -64.698612241, -64.6993578599999, -64.700134265, -64.7008935599999, -64.702001032, -64.7031329989999, -64.703886872, -64.7047440209999, -64.706612558, -64.7091954109999, -64.712971193, -64.715364239, -64.7163339429999, -64.7183555179999, -64.721524871, -64.7236380139999, -64.724560879, 
-64.7268864019999, -64.728612761, -64.731030172, -64.7370003019999, -64.737864453, -64.738344723, -64.7385545459999, -64.7387201639999, -64.738694944, -64.7380779009999, -64.736498614, -64.7358356879999, -64.7352819079999, -64.7352762149999, -64.734942999, -64.7345832869999, -64.73369618, -64.734161999, -64.7345016229999, -64.735060372, -64.7355316369999, -64.736552152, -64.7370275099999, -64.7376379399999, -64.738724874, -64.739917235, -64.740719104, -64.7415509529999, -64.7417762809999, -64.742920387, 
-64.7441969949999, -64.7449781839999, -64.746802806, -64.749941314, -64.752330236, -64.75422454, -64.7565253649999, -64.758708349, -64.762859113, -64.765160856, -64.766332765, -64.7672493199999, -64.768586314, -64.769109172, -64.768803815, -64.7680286519999, -64.7670828619999, -64.766474874, -64.765690289, -64.764852771, -64.7644635579999, -64.7636869959999, -64.763363181, -64.7629656839999, -64.76180647, -64.7593637509999, -64.758082226, -64.757502514, -64.7576663079999, -64.758195395, -64.7591680479999, 
-64.7598644249999, -64.760892511, -64.762353245, -64.7657527639999, -64.7677200539999, -64.7704471139999, -64.7741689539999, -64.776720768, -64.7785266, -64.7817783229999, -64.782752865, -64.7837236429999, -64.785973298, -64.787609928, -64.788473053, -64.7906362319999, -64.8000784819999, -64.800997104, -64.8038100969999, -64.807526895, -64.8094971959999, -64.810836139, -64.8112240999999, -64.811941281, -64.8122207059999, -64.8127754429999, -64.8138318129999, -64.814940904, -64.815804311, -64.816693837, 
-64.8174757049999, -64.8179976809999, -64.818694704, -64.819697243, -64.8200024939999, -64.821162203, -64.821919482, -64.8234442739999, -64.825222476, -64.826199031, -64.829618598, -64.8306097019999, -64.832609201, -64.833192827, -64.83494604, -64.837334165, -64.841030117, -64.8422567069999, -64.8430024419999, -64.843580541, -64.843722237, -64.8430296259999, -64.842668729, -64.842414749, -64.8416929579999, -64.8398060589999, -64.8392318119999, -64.8386711899999, -64.835992759, -64.834305457, -64.833557967, 
-64.832218336, -64.830164603, -64.827499398, -64.823914034, -64.821886248, -64.820832662, -64.815497111, -64.8146432519999, -64.814012815, -64.8132171, -64.81127129, -64.810721528, -64.810419512, -64.810029425, -64.8094705279999, -64.809637031, -64.810113987, -64.812694223, -64.8131405299999, -64.8164679, -64.8186656049999, -64.81950377, -64.822920005, -64.824087327, -64.825551992, -64.826226135, -64.826776731, -64.8276086309999, -64.828778879, -64.830313742, -64.8320751649999, -64.834586133, -64.835550267, 
-64.839586819, -64.843772528, -64.84700383, -64.8489165439999, -64.84984682, -64.853748586, -64.8568845599999, -64.858195904, -64.863359294, -64.8681108819999, -64.870217425, -64.8752730249999, -64.8774980679999, -64.8789816059999, -64.879831544, -64.882280829, -64.883672368, -64.8854997319999, -64.886632678, -64.887750271, -64.8886750809999, -64.890694304, -64.894390359, -64.895060477, -64.897080599, -64.899421644, -64.900559535, -64.901644101, -64.903219397, -64.9053070359999, -64.906781506, -64.9077264949999, 
-64.908666494, -64.910391139, -64.912524342, -64.913474126, -64.9170257419999, -64.9190054019999, -64.922088717, -64.923946181, -64.925692998, -64.927029947, -64.929943437, -64.933387861, -64.9341944499999, -64.9380865219999, -64.9406107809999, -64.9417476709999, -64.9424247789999, -64.9441132949999, -64.9457526519999, -64.9483889209999, -64.9507215669999, -64.952308593, -64.95391575, -64.9588607159999, -64.960306254, -64.9643662279999, -64.966056484, -64.9666926359999, -64.967001516, -64.968224912, 
-64.968254168, -64.9690508849999, -64.9699472679999, -64.9709508729999, -64.9721635729999, -64.9731107019999, -64.975137989, -64.9761066839999, -64.9791392329999, -64.980887953, -64.984167927, -64.9863632999999, -64.988886785, -64.9899144359999, -64.990553483, -64.9924496459999, -64.994109424, -64.9977541, -64.998752988, -65.000555893, -65.003060756, -65.0064273069999, -65.008515358, -65.010723659, -65.011861355, -65.012915923, -65.0138308739999, -65.015477052, -65.016031052, -65.017474797, -65.0186086269999, 
-65.020503294, -65.0226087339999, -65.0259769019999, -65.028912223, -65.030526662, -65.032026175, -65.033752676, -65.0350613539999, -65.035419858, -65.0352556249999, -65.034422228, -65.033473864, -65.032855414, -65.0321129809999, -65.0302483769999, -65.029188146, -65.028442103, -65.0270817599999, -65.026114777, -65.0255863789999, -65.0257514259999, -65.026254937, -65.0280273839999, -65.028947057, -65.030975583, -65.0321108159999, -65.0332744089999, -65.0354996629999, -65.036971136, -65.0387742949999, 
-65.0398856879999, -65.0413648729999, -65.0415261919999, -65.041504151, -65.042025616, -65.042029759, -65.041638045, -65.039695502, -65.0366673, -65.035531023, -65.034719731, -65.030360387, -65.0276417979999, -65.027217604, -65.025862706, -65.024859748, -65.023530798, -65.0213865759999, -65.020615772, -65.0192776999999, -65.018611496, -65.017946071, -65.0176674629999, -65.0171930309999, -65.016664077, -65.0162235759999, -65.01499853, -65.0149451239999, -65.0152480069999, -65.01563704, -65.0163589339999, 
-65.0168910149999, -65.0188600979999, -65.022641283, -65.024609839, -65.026051526, -65.03083068, -65.032582224, -65.0500873949999, -65.0526628319999, -65.0540294959999, -65.057642332, -65.058697888, -65.0599475899999, -65.0607772399999, -65.062111503, -65.064170084, -65.065306523, -65.065971925, -65.068947571, -65.0706947679999, -65.0715516079999, -65.0715318919999, -65.070835823, -65.0699734579999, -65.069248323, -65.068916184, -65.067971195, -65.067636345, -65.065665333, -65.064427935, -65.063082928, 
-65.061335921, -65.06075127, -65.060775302, -65.0602532189999, -65.059883597, -65.059468553, -65.0597242999999, -65.0602768679999, -65.0617274929999, -65.062529724, -65.063281186, -65.0646962269999, -65.065303838, -65.066588343, -65.068027059, -65.069035948, -65.070837223, -65.0721934099999, -65.073610231, -65.074218703, -65.0745604629999, -65.0754975289999, -65.075836094, -65.075972392, -65.07668935, -65.078666599, -65.078865196, -65.0797455, -65.0800230359999, -65.0800209609999, -65.079780887, 
-65.080499672, -65.080632791, -65.080560204, -65.0812546059999, -65.0821643419999, -65.0839155099999, -65.085303056, -65.086470133, -65.088139235, -65.0905255969999, -65.0944975959999, -65.097058161, -65.098525545, -65.0999142479999, -65.1009453, -65.1024990279999, -65.103389644, -65.105525525, -65.107276619, -65.113218611, -65.11469535, -65.1154999269999, -65.11625284, -65.119667184, -65.12060747, -65.1223055809999, -65.123730891, -65.1282465419999, -65.142977364, -65.147383022, -65.160151358, -65.165782883, 
-65.1678894819999, -65.1719709549999, -65.176272582, -65.1788899329999, -65.1810511839999, -65.182973332, -65.1838110709999, -65.185552688, -65.186223522, -65.1861360059999, -65.185448279, -65.183497927, -65.17933005, -65.178641625, -65.176086982, -65.175581763, -65.1745262869999, -65.1738920069999, -65.1735811599999, -65.173498844, -65.17361604, -65.1739717089999, -65.1750045309999, -65.1778308929999, -65.1792272979999, -65.1814491269999, -65.185305876, -65.187560017, -65.1907788749999, -65.192999367, 
-65.1964284109999, -65.198810789, -65.200484291, -65.2016643959999, -65.20478243, -65.2065820889999, -65.20875198, -65.2147458599999, -65.217748834, -65.2191672629999, -65.2206354109999, -65.22194478, -65.225579436, -65.227472963, -65.229328658, -65.2303387419999, -65.231666503, -65.233252906, -65.234302456, -65.2364758169999, -65.2391690799999, -65.240496459, -65.242387387, -65.2431516709999, -65.2441959379999, -65.245168986, -65.248171354, -65.2506098039999, -65.251521691, -65.254227678, -65.255061024, 
-65.255942262, -65.256529318, -65.257947727, -65.258917034, -65.259474917, -65.2606369089999, -65.260802418, -65.260639289, -65.2600583419999, -65.2593917889999, -65.256967484, -65.255694379, -65.254380399, -65.253054196, -65.251112433, -65.249658974, -65.248552431, -65.243699368, -65.2426402959999, -65.240506802, -65.23955591, -65.2385539669999, -65.2377199019999, -65.236642697, -65.235723385, -65.23469664, -65.232916401, -65.231330621, -65.230139491, -65.228693801, -65.2274742719999, -65.2255361619999, 
-65.2248082839999, -65.223115786, -65.2223845599999, -65.221524903, -65.2211657939999, -65.2190234669999, -65.2179133269999, -65.2177008209999, -65.217556534, -65.218220499, -65.218590178, -65.2205522389999, -65.2213033089999, -65.2223360369999, -65.224636021, -65.2263305719999, -65.227692293, -65.2292501309999, -65.229998985, -65.231087096, -65.231803128, -65.231807029, -65.231553665, -65.2303859579999, -65.2296615459999, -65.2268335429999, -65.226311371, -65.2259493919999, -65.2254136189999, -65.2248649539999, 
-65.224885065, -65.2253564599999, -65.2261930059999, -65.2271707789999, -65.2286707029999, -65.23297753, -65.234048093, -65.2346433179999, -65.2349759949999, -65.234946962, -65.2345273619999, -65.231918574, -65.228751513, -65.2277742419999, -65.2264969329999, -65.2256388859999, -65.2233353559999, -65.2221425659999, -65.21910909, -65.217471002, -65.214865817, -65.2140254069999, -65.2135866279999, -65.2121940059999, -65.2117810099999, -65.211748001, -65.211916824, -65.212527971, -65.213252114, -65.213864674, 
-65.214854491, -65.216745034, -65.217494194, -65.218247685, -65.219041231, -65.21980083, -65.2250032489999, -65.2289700939999, -65.2400027269999, -65.2502230009999, -65.257334632, -65.258505451, -65.2594745679999, -65.2630088509999, -65.264057695, -65.266996429, -65.268413326, -65.2708068669999, -65.2729730089999, -65.276695205, -65.2802046859999, -65.2848015289999, -65.288634897, -65.2913913729999, -65.2985575069999, -65.2994376509999, -65.304083167, -65.304919272, -65.305256371, -65.30539081, -65.3073011139999, 
-65.30913829, -65.3098394139999, -65.3104437959999, -65.310559697, -65.3111329289999, -65.3127744889999, -65.3130848989999, -65.3156975309999, -65.315863139, -65.316831627, -65.3176994069999, -65.318164958, -65.319003172, -65.320028289, -65.320476135, -65.3207770649999, -65.322170071, -65.323643073, -65.323915605, -65.32422869, -65.324361675, -65.3248024159999, -65.325334347, -65.3257749759999, -65.32649897, -65.326498047, -65.326196652, -65.326111242, -65.3271089309999, -65.3285885339999, -65.3287461159999, 
-65.3292455889999, -65.3298584469999, -65.333219075, -65.3335262089999, -65.333969506, -65.335394621, -65.33541108, -65.334582077, -65.3333930049999, -65.332939895, -65.331613007, -65.3292763969999, -65.326412204, -65.3240241599999, -65.315197793, -65.313219453, -65.311750714, -65.308058175, -65.300138079, -65.2976646929999, -65.2943445879999, -65.293500318, -65.2920257639999, -65.2917496259999, -65.2916405349999, -65.291808193, -65.29299335, -65.293770746, -65.2957250139999, -65.296555886, -65.29861386, 
-65.3010019849999, -65.3067331029999, -65.3092825979999, -65.311749936, -65.316642821, -65.3323894479999, -65.335419723, -65.337713729, -65.339636773, -65.3414430719999, -65.343387873, -65.346029322, -65.346918412, -65.348393928, -65.348688564, -65.3491943069999, -65.3494457249999, -65.349994786, -65.350417688, -65.3513327369999, -65.353361397, -65.3543039089999, -65.3548025149999, -65.355773394, -65.35655572, -65.3568063289999, -65.359855871, -65.361331932, -65.361610653, -65.361883137, -65.361882974, 
-65.3615867029999, -65.36133396, -65.360698409, -65.360002913, -65.3590811059999, -65.356940139, -65.356170843, -65.355392958, -65.353411509, -65.350831193, -65.3488598439999, -65.345494221, -65.3396110029999, -65.3357806939999, -65.334299809, -65.330855371, -65.3256345759999, -65.3246918259999, -65.3234355669999, -65.322974043, -65.321662826, -65.3201629929999, -65.31944448, -65.3186900389999, -65.318665968, -65.3189406039999, -65.3196669549999, -65.3206976079999, -65.32138845, -65.322080787, -65.3237259449999, 
-65.324580947, -65.3256211789999, -65.33099679, -65.333401581, -65.334384436, -65.338970698, -65.3433014779999, -65.3452774039999, -65.347249892, -65.3481114639999, -65.3497206969999, -65.35086192, -65.352056643, -65.3523848089999, -65.354439712, -65.355471401, -65.3558284629999, -65.3569440489999, -65.357441619, -65.359356482, -65.360021753, -65.3604742639999, -65.361642789, -65.36216424, -65.36238899, -65.363495489, -65.363915116, -65.3638843649999, -65.362774287, -65.3615037069999, -65.3583103459999, 
-65.3564714899999, -65.3540303729999, -65.352971661, -65.351470722, -65.350500431, -65.3498557199999, -65.349073482, -65.348083813, -65.346609234, -65.344611613, -65.3433364599999, -65.339723799, -65.338218167, -65.336662532, -65.3346073609999, -65.332694792, -65.331502167, -65.329750932, -65.3280785419999, -65.3265295799999, -65.325192844, -65.3217454159999, -65.320579262, -65.3188879119999, -65.317082171, -65.315720438, -65.3146337129999, -65.3121053909999, -65.31119183, -65.307584993, -65.3049414599999, 
-65.3026937069999, -65.2936368249999, -65.288889488, -65.287887169, -65.2863267759999, -65.2843571219999, -65.280808498, -65.279801684, -65.2795007939999, -65.2795007689999, -65.27977922, -65.2808571589999, -65.2817818909999, -65.28291675, -65.2834711509999, -65.2855323779999, -65.286440337, -65.2900581899999, -65.292162573, -65.292915999, -65.294973203, -65.296163585, -65.2984145619999, -65.300550348, -65.3010856269999, -65.301804401, -65.301748309, -65.301250556, -65.300445399, -65.297167107, -65.2948607799999, 
-65.293275963, -65.291967161, -65.2888007879999, -65.2872506049999, -65.286388373, -65.28485957, -65.2815446059999, -65.280678902, -65.277246772, -65.274748911, -65.274002633, -65.273214055, -65.272659965, -65.271912787, -65.270001388, -65.269139268, -65.2658345779999, -65.2629127489999, -65.2620455, -65.257752774, -65.2549744469999, -65.252837683, -65.251226312, -65.250776532, -65.250392327, -65.2505518689999, -65.250859037, -65.252920155, -65.254881421, -65.256030213, -65.257081408, -65.2577708959999, 
-65.25846834, -65.259028189, -65.2611166849999, -65.2626323999999, -65.264027601, -65.266383802, -65.266943806, -65.267657779, -65.269667366, -65.271962026, -65.2730827039999, -65.2738061549999, -65.274224245, -65.2755000849999, -65.2785311219999, -65.2800208209999, -65.280636342, -65.281390158, -65.2839588609999, -65.2858298929999, -65.28613514, -65.2861107909999, -65.285582091, -65.2851663379999, -65.284387883, -65.2834702019999, -65.2813837139999, -65.279443734, -65.277834987, -65.2750788229999, 
-65.2731985619999, -65.2688055529999, -65.2669757159999, -65.2666125169999, -65.2664141769999, -65.2664466289999, -65.266799468, -65.2672746659999, -65.268164944, -65.268772304, -65.269194119, -65.2712208669999, -65.2718307229999, -65.272938189, -65.273496145, -65.2738028719999, -65.2755564079999, -65.276551253, -65.277278908, -65.278944219, -65.28210451, -65.2846663719999, -65.2878896059999, -65.2888011009999, -65.290057776, -65.292242361, -65.2934661739999, -65.2983055259999, -65.299416878, -65.300942296, 
-65.302275506, -65.303381952, -65.304777853, -65.3055503729999, -65.3065214709999, -65.30772003, -65.309298965, -65.3103012869999, -65.311051803, -65.31194121, -65.314384072, -65.316883499, -65.318106467, -65.3190306039999, -65.320390265, -65.3208570859999, -65.321841697, -65.3236312279999, -65.325671151, -65.3270018439999, -65.3298661369999, -65.3314092219999, -65.333858624, -65.334719476, -65.335744679, -65.337395491, -65.3376346619999, -65.337994733, -65.3395206679999, -65.3407722829999, -65.3438294909999, 
-65.347385274, -65.349608845, -65.353724077, -65.3546992219999, -65.3570024429999, -65.358773968, -65.3596565109999, -65.362501321, -65.3626653529999, -65.3643901, -65.3650201849999, -65.3658568419999, -65.366964939, -65.367553048, -65.367746228, -65.3678026209999, -65.3673838509999, -65.366355599, -65.3655257189999, -65.364663486, -65.3636580469999, -65.3601081629999, -65.3576393379999, -65.35464064, -65.353632981, -65.3516625419999, -65.350494687, -65.349579314, -65.348169828, -65.347275787, -65.3469370079999, 
-65.346441576, -65.3461117209999, -65.3456102579999, -65.345023308, -65.344743201, -65.3445561819999, -65.3446560619999, -65.3447474709999, -65.345217174, -65.3458546319999, -65.346334655, -65.3468005889999, -65.3471356829999, -65.34816251, -65.348806175, -65.34941897, -65.349579696, -65.349104777, -65.3482746689999, -65.347059191, -65.344605773, -65.344191403, -65.343548969, -65.343386713, -65.343386515, -65.3436059329999, -65.3446412449999, -65.345273806, -65.3452966259999, -65.345579049, -65.345609722, 
-65.3460300279999, -65.346857583, -65.3475792019999, -65.3482162409999, -65.3487501049999, -65.349667611, -65.3511674899999, -65.351944987, -65.352420578, -65.3543805149999, -65.3555502469999, -65.3566878899999, -65.358336945, -65.359694299, -65.360373927, -65.361795083, -65.3671040129999, -65.3683017769999, -65.37064026, -65.3719658609999, -65.373638776, -65.3757733649999, -65.3782477389999, -65.380412204, -65.386179783, -65.394776763, -65.3972442579999, -65.399538844, -65.401577384, -65.4034680459999, 
-65.404245773, -65.4051334319999, -65.4055829789999, -65.4058049659999, -65.405694068, -65.4058028749999, -65.406387523, -65.409350194, -65.4108887099999, -65.4119981289999, -65.412411479, -65.4125778109999, -65.41330594, -65.4142754489999, -65.415994657, -65.416468911, -65.4167479509999, -65.416609314, -65.4161341919999, -65.4102976419999, -65.409280607, -65.409445762, -65.4100559289999, -65.410078063, -65.4105790019999, -65.410604543, -65.4102462229999, -65.409245165, -65.4086074809999, -65.408271656, 
-65.407497743, -65.4022928369999, -65.399243672, -65.3978282429999, -65.397135909, -65.3971968069999, -65.3976082439999, -65.398088737, -65.3992462939999, -65.401803847, -65.4023804299999, -65.4028337949999, -65.402970614, -65.403492402, -65.4042445319999, -65.404556259, -65.404694608, -65.405713689, -65.408443325, -65.4147751869999, -65.4159693459999, -65.417499794, -65.418471436, -65.4197698889999, -65.420296323, -65.420195812, -65.4198534819999, -65.4193056139999, -65.4180265359999, -65.4174433749999, 
-65.414619025, -65.4141587, -65.413520607, -65.412413908, -65.4116610309999, -65.4105790709999, -65.410331437, -65.410800895, -65.413619551, -65.4149359309999, -65.41538521, -65.415577753, -65.4180556869999, -65.42016668, -65.4211320909999, -65.4234076989999, -65.4238844649999, -65.424606161, -65.425121522, -65.425824405, -65.426642242, -65.4279395199999, -65.4292447079999, -65.4296350549999, -65.429747332, -65.429133995, -65.428348477, -65.426193667, -65.42515681, -65.424772004, -65.424778283, -65.4244167909999, 
-65.42399871, -65.423352586, -65.421718369, -65.419801282, -65.4177719199999, -65.415716146, -65.4126933649999, -65.41182679, -65.4097221099999, -65.406688007, -65.4047963949999, -65.402968188, -65.400938593, -65.3970803719999, -65.396331499, -65.394945325, -65.392915989, -65.390434102, -65.3863048849999, -65.384326725, -65.383611878, -65.3826903199999, -65.381499576, -65.380610721, -65.379802685, -65.3788635, -65.377239196, -10.4311659679999, -10.431928529, -10.4298062049999, -10.4320684219999, 
-10.432313066, -10.431747501, -10.4328502839999, -10.4334760299999, -10.4335407859999, -10.434171524, -10.433401366, -10.4325807939999, -10.432130405, -10.4321482589999, -10.4327297959999, -10.433749316, -10.436184144, -10.436904043, -10.437816419, -10.4396215639999, -10.4406757039999, -10.441049622, -10.4412941449999, -10.441957459, -10.443953504, -10.445014146, -10.447010764, -10.44779318, -10.447924835, -10.4477003639999, -10.448466668, -10.45088615, -10.453510815, -10.455441464, -10.4599283339999, 
-10.4614752499999, -10.463089954, -10.464956514, -10.465814762, -10.466578661, -10.466986737, -10.469840732, -10.470922932, -10.471971604, -10.472881003, -10.473642221, -10.4743674079999, -10.4742402699999, -10.4747418769999, -10.4780501999999, -10.479219819, -10.4799397009999, -10.480394955, -10.4806995239999, -10.4801970469999, -10.478879265, -10.478519558, -10.47995437, -10.480678618, -10.481120769, -10.481929909, -10.4824395119999, -10.4833371159999, -10.483826894, -10.4850488559999, -10.4863170669999, 
-10.486918369, -10.4875811429999, -10.488367964, -10.488934567, -10.4909672249999, -10.4944001779999, -10.4953946119999, -10.4976516649999, -10.499672044, -10.501250073, -10.5013775339999, -10.502230058, -10.5026270879999, -10.5024766779999, -10.5029801429999, -10.504025245, -10.504740834, -10.50475594, -10.504226689, -10.502424422, -10.502071392, -10.502068952, -10.502693877, -10.5053631869999, -10.506308007, -10.5073792859999, -10.507510635, -10.5079973099999, -10.510126417, -10.511117436, -10.511978287, 
-10.512752496, -10.512173629, -10.5113184569999, -10.5109137689999, -10.511732257, -10.512882915, -10.514206694, -10.5168770529999, -10.5191795049999, -10.5198654889999, -10.523024225, -10.5241100249999, -10.5246644339999, -10.525624823, -10.5267580909999, -10.5277486589999, -10.528961387, -10.5296173849999, -10.53058119, -10.5317215659999, -10.533640676, -10.5346802739999, -10.535534174, -10.5355248459999, -10.535016979, -10.533647206, -10.5337302429999, -10.5344065699999, -10.535401296, -10.5362592359999, 
-10.536842813, -10.538936917, -10.5401984979999, -10.5423017889999, -10.543656351, -10.543665353, -10.5428790779999, -10.5428493059999, -10.543251167, -10.544203422, -10.544384991, -10.546778618, -10.5469433349999, -10.5472255449999, -10.546990045, -10.546035626, -10.545134913, -10.5445763499999, -10.545272383, -10.548117979, -10.5493917649999, -10.5497650949999, -10.549595, -10.550088986, -10.5513573309999, -10.5520013769999, -10.551790327, -10.552549546, -10.552996766, -10.552530876, -10.551669159, 
-10.5520237109999, -10.5528054769999, -10.5533603729999, -10.553348158, -10.555197642, -10.554962507, -10.555072142, -10.555941527, -10.556296054, -10.556876515, -10.5574982489999, -10.5584657379999, -10.5590699059999, -10.556883039, -10.554076863, -10.553182637, -10.553424535, -10.55323866, -10.552715844, -10.554031554, -10.553753541, -10.5545058169999, -10.5537832469999, -10.554218383, -10.5537147089999, -10.554806779, -10.5553634579999, -10.554962534, -10.55548285, -10.5545413709999, -10.555254267, 
-10.554425925, -10.5524831009999, -10.5513875329999, -10.551502481, -10.548595899, -10.547727212, -10.5475069949999, -10.5468412979999, -10.547219092, -10.5481479349999, -10.550231562, -10.551457417, -10.552300312, -10.5542267949999, -10.5553395609999, -10.5563549579999, -10.556996538, -10.5572642229999, -10.557471472, -10.556781979, -10.555139337, -10.5542664689999, -10.5544178119999, -10.5538490229999, -10.5541245929999, -10.553827699, -10.555656848, -10.5568801529999, -10.557368268, -10.556907737, 
-10.5576275359999, -10.5587352669999, -10.558335723, -10.559323976, -10.55945187, -10.560126595, -10.560950103, -10.5621700929999, -10.5628917789999, -10.5629676679999, -10.563607367, -10.562947897, -10.562037346, -10.5615862079999, -10.560624763, -10.5605734829999, -10.560831395, -10.5603283089999, -10.559420417, -10.5583580639999, -10.5574231859999, -10.556375407, -10.5555513569999, -10.55535987, -10.5547773959999, -10.55354692, -10.552498107, -10.5520837469999, -10.5519377959999, -10.5498436069999, 
-10.549336527, -10.548472291, -10.547424633, -10.546020602, -10.5449841159999, -10.5438036319999, -10.54306682, -10.5435137309999, -10.5437546659999, -10.5429565999999, -10.5420889179999, -10.5411328529999, -10.540534105, -10.5396729389999, -10.5390284009999, -10.538657863, -10.5387840989999, -10.5385454369999, -10.539034956, -10.539681935, -10.5399689129999, -10.5395870449999, -10.539844905, -10.5398458289999, -10.539400649, -10.538314351, -10.537707673, -10.5375872649999, -10.538583677, -10.538814719, 
-10.5383394129999, -10.539568333, -10.5396940269999, -10.5394861989999, -10.537043828, -10.5364438559999, -10.5360230779999, -10.5347884769999, -10.5323645229999, -10.5317032719999, -10.53148949, -10.5296145229999, -10.528852193, -10.528034921, -10.528083726, -10.527871526, -10.529143608, -10.5292990409999, -10.528320367, -10.528052945, -10.5282659329999, -10.5276242429999, -10.5272906829999, -10.527735313, -10.527677522, -10.527036758, -10.5263812809999, -10.526991295, -10.527921534, -10.5280928899999, 
-10.5270874569999, -10.5265693849999, -10.525486295, -10.525156036, -10.525678806, -10.5256942289999, -10.5269835769999, -10.527468626, -10.529353467, -10.530091811, -10.530258502, -10.530202174, -10.528534071, -10.5280237989999, -10.529565526, -10.528620795, -10.5287954339999, -10.528727213, -10.5268136229999, -10.5260719899999, -10.5243922019999, -10.523790329, -10.5223910039999, -10.5223302139999, -10.5231048009999, -10.5231114789999, -10.5229518659999, -10.521522207, -10.520954377, -10.5215668269999, 
-10.5221474009999, -10.5236236909999, -10.5239789889999, -10.523958197, -10.5232855449999, -10.523197954, -10.5226049289999, -10.5223611639999, -10.5224683009999, -10.521113477, -10.5204987059999, -10.518932007, -10.517765023, -10.5169486899999, -10.515527237, -10.515109335, -10.5147137559999, -10.5139900839999, -10.514065839, -10.5134825329999, -10.5126775239999, -10.512779049, -10.5134781429999, -10.513915324, -10.51469997, -10.5152540389999, -10.515701817, -10.516506874, -10.517056474, -10.516887422, 
-10.517101865, -10.517958576, -10.518491982, -10.519615679, -10.5210969259999, -10.5229915409999, -10.5238556629999, -10.525250162, -10.5270125679999, -10.529096479, -10.5311840419999, -10.533473858, -10.5355754909999, -10.53831971, -10.5391426059999, -10.5397491069999, -10.54048148, -10.540207885, -10.541023851, -10.541474326, -10.541966178, -10.5425486919999, -10.5432356809999, -10.542977242, -10.5428147149999, -10.542354755, -10.5417308119999, -10.5395314, -10.5386424649999, -10.5380713749999, 
-10.53661103, -10.533412879, -10.53056659, -10.530149365, -10.529665596, -10.528976203, -10.5281016399999, -10.52741893, -10.526749212, -10.524617, -10.5243831139999, -10.523874571, -10.5236459299999, -10.5234075449999, -10.5222247789999, -10.520416807, -10.519576094, -10.5188178159999, -10.5171367169999, -10.5157455489999, -10.514129355, -10.5119336659999, -10.510213221, -10.5083141929999, -10.508053603, -10.50566311, -10.5051816369999, -10.5043860239999, -10.5037202519999, -10.502244665, -10.5011831589999, 
-10.50043649, -10.498609512, -10.497392212, -10.4969202669999, -10.4970200399999, -10.497331237, -10.49869314, -10.500445322, -10.5015869199999, -10.505341138, -10.508369095, -10.5093048839999, -10.510065346, -10.5110168039999, -10.5116816089999, -10.5116912259999, -10.511329805, -10.5112050309999, -10.5109235819999, -10.5103331109999, -10.507145739, -10.5044664069999, -10.4986069729999, -10.4928517829999, -10.489816797, -10.488815393, -10.482811497, -10.480999575, -10.4783141569999, -10.47762498, 
-10.4770344789999, -10.476860026, -10.477305105, -10.477650106, -10.4776379029999, -10.477143662, -10.4773547039999, -10.4784330439999, -10.4779770529999, -10.469228287, -10.463968952, -10.4616286109999, -10.4565887819999, -10.4557256569999, -10.455081117, -10.455057089, -10.4564890569999, -10.4584604139999, -10.4612594689999, -10.500408566, -10.5286318889999, -10.5845561289999, -10.639230878, -10.6394616379999, -10.761506734, -10.7625258579999, -10.762964052, -10.763990284, -10.765896917, -10.7677021579999, 
-10.76878123, -10.7692263969999, -10.769193315, -10.769509065, -10.770050392, -10.7702311489999, -10.7719756079999, -10.7737938229999, -10.77386823, -10.7755876269999, -10.777332305, -10.778409374, -10.778970334, -10.7789665669999, -10.7800112939999, -10.780908251, -10.781221993, -10.7821303039999, -10.7830320989999, -10.783985736, -10.784463413, -10.7851540079999, -10.7859698039999, -10.78742104, -10.7880921439999, -10.7865938379999, -10.7860875019999, -10.786467495, -10.7871611209999, -10.7888820419999, 
-10.789836237, -10.790622038, -10.7904859599999, -10.788544939, -10.788048153, -10.7884528029999, -10.789079355, -10.790768719, -10.7900607399999, -10.788995374, -10.7886118559999, -10.7894179539999, -10.7904850419999, -10.7913457489999, -10.791892779, -10.7927576079999, -10.7930495249999, -10.7918149949999, -10.7927315769999, -10.7951080739999, -10.79603436, -10.7957361379999, -10.795101055, -10.79545335, -10.79852606, -10.7994117859999, -10.799850246, -10.798556893, -10.798453628, -10.799040665, 
-10.7990565379999, -10.7996670439999, -10.800462301, -10.800440707, -10.8009778649999, -10.801979907, -10.803922827, -10.804309539, -10.805592069, -10.8054984419999, -10.805905831, -10.8065975539999, -10.808655516, -10.8097458219999, -10.8090085449999, -10.809450151, -10.8086808149999, -10.8090837129999, -10.809078546, -10.808820838, -10.80801572, -10.807356857, -10.807146513, -10.807459743, -10.807931002, -10.8082988409999, -10.8090225419999, -10.8108770749999, -10.8103229509999, -10.8092746369999, 
-10.8096705039999, -10.80916464, -10.8095951359999, -10.808902648, -10.8087180819999, -10.80844339, -10.8074820809999, -10.806491821, -10.8055101059999, -10.8048777979999, -10.804538065, -10.8035908849999, -10.801602642, -10.8006452009999, -10.7994996159999, -10.7987631449999, -10.797104813, -10.796427507, -10.7952211029999, -10.796101621, -10.7966646469999, -10.7965478889999, -10.7933108999999, -10.792715864, -10.792437053, -10.79245297, -10.7928096909999, -10.793262399, -10.7942179639999, -10.7975516529999, 
-10.7990617339999, -10.7999441789999, -10.8005974669999, -10.8008604259999, -10.8007221129999, -10.8003328739999, -10.801254447, -10.802543277, -10.803326877, -10.8059479929999, -10.8079694079999, -10.809163526, -10.809850304, -10.81051287, -10.811472593, -10.812202476, -10.8132164529999, -10.815212234, -10.816660735, -10.8169592099999, -10.816200962, -10.816012069, -10.816961383, -10.8167072559999, -10.8161327609999, -10.816801992, -10.8164154589999, -10.8150433049999, -10.813962218, -10.8138248589999, 
-10.8131163579999, -10.814011341, -10.814870908, -10.8145901659999, -10.814853985, -10.81439317, -10.8146591719999, -10.81556871, -10.81623052, -10.8179878439999, -10.819011456, -10.8195723469999, -10.8203448689999, -10.8213393219999, -10.8220896489999, -10.821640193, -10.8234452349999, -10.823301053, -10.823658693, -10.824363437, -10.826159362, -10.828052857, -10.829306647, -10.830393979, -10.8312440759999, -10.83163861, -10.831924793, -10.832385505, -10.8325727369999, -10.8319024969999, -10.831640316, 
-10.8318962, -10.8325944739999, -10.8324162369999, -10.8324118239999, -10.833003696, -10.832172975, -10.8312610899999, -10.830569088, -10.830906688, -10.8306631039999, -10.8298389029999, -10.829843729, -10.829361965, -10.8282490669999, -10.827623569, -10.8276080889999, -10.828236863, -10.829222044, -10.829593448, -10.829582649, -10.8275241689999, -10.827148962, -10.8273728499999, -10.828023919, -10.8289218309999, -10.82949901, -10.8293322459999, -10.829506237, -10.830311625, -10.8309367199999, -10.831288392, 
-10.832505622, -10.833288516, -10.8334811549999, -10.834872972, -10.834683633, -10.834258543, -10.832693763, -10.832638946, -10.8330774889999, -10.832497288, -10.8324602949999, -10.8354035819999, -10.8358422059999, -10.835392219, -10.8345514459999, -10.8340339329999, -10.8346307259999, -10.8348973679999, -10.8341224189999, -10.832665609, -10.8320907769999, -10.8284645049999, -10.8280266189999, -10.827157811, -10.8269703139999, -10.8266302559999, -10.8267570229999, -10.827382055, -10.8268922849999, 
-10.8271293749999, -10.8269598409999, -10.825664429, -10.8256779159999, -10.824674802, -10.823889207, -10.8240560419999, -10.8245972639999, -10.823992485, -10.823954885, -10.8235824139999, -10.823458898, -10.824424645, -10.823516038, -10.8197141359999, -10.8185071769999, -10.8180379259999, -10.817194819, -10.8162678959999, -10.8151756329999, -10.8143306339999, -10.812267974, -10.810676886, -10.806636383, -10.804688385, -10.803563264, -10.802575815, -10.8016274489999, -10.8003983459999, -10.7992690889999, 
-10.798812423, -10.7980226469999, -10.7969953349999, -10.7959962619999, -10.793652261, -10.792736673, -10.7922300509999, -10.7929271669999, -10.7938235209999, -10.794359813, -10.7939083209999, -10.7950462079999, -10.7946694619999, -10.793201665, -10.7913969269999, -10.790841207, -10.791077199, -10.791523304, -10.791182152, -10.7899427589999, -10.7881248759999, -10.7872878919999, -10.786782939, -10.78590737, -10.784810116, -10.782955472, -10.7822178509999, -10.781218285, -10.780128646, -10.779216368, 
-10.77854417, -10.7773544439999, -10.776574798, -10.775548149, -10.7752695989999, -10.7743572259999, -10.7746216039999, -10.7739729989999, -10.774780779, -10.7748540009999, -10.773844793, -10.772892944, -10.7721265869999, -10.769922388, -10.768990903, -10.768430735, -10.768095596, -10.768821937, -10.7697651489999, -10.7700698879999, -10.7709695229999, -10.770771714, -10.7698280559999, -10.7696751259999, -10.7717265489999, -10.7731819619999, -10.7730351019999, -10.772573631, -10.772642324, -10.7737370869999, 
-10.7746144839999, -10.775536491, -10.7754071099999, -10.7749832429999, -10.7741724579999, -10.7731817639999, -10.771667717, -10.771307021, -10.771937093, -10.771007437, -10.768841581, -10.768145772, -10.7679971229999, -10.767303072, -10.7651376009999, -10.76444874, -10.7647485969999, -10.7653178089999, -10.764170727, -10.7637452329999, -10.7617530489999, -10.7610281549999, -10.7607591149999, -10.760113219, -10.7601568179999, -10.7591585759999, -10.758416984, -10.7575128129999, -10.7572059889999, 
-10.757038916, -10.757104479, -10.757910764, -10.7584518269999, -10.758151902, -10.758232608, -10.7585336249999, -10.759528175, -10.7585485709999, -10.7586515739999, -10.757872854, -10.7583401629999, -10.758481373, -10.758361072, -10.759008873, -10.759290813, -10.75927585, -10.759148259, -10.7586545409999, -10.757833069, -10.757139662, -10.757603384, -10.757528115, -10.756881259, -10.754960621, -10.754265953, -10.7555009109999, -10.7568448709999, -10.756688837, -10.755736918, -10.755705364, -10.7560765959999, 
-10.7569385359999, -10.7572714619999, -10.756843439, -10.756107346, -10.7559628929999, -10.7552712769999, -10.755706425, -10.7564394589999, -10.758202235, -10.758552612, -10.7601654649999, -10.760355753, -10.7601579689999, -10.760511229, -10.760471486, -10.7610818429999, -10.7607974419999, -10.758374051, -10.757746292, -10.7574039309999, -10.757583029, -10.757253712, -10.755652816, -10.7554633079999, -10.7566655219999, -10.7577607149999, -10.758624476, -10.7594022119999, -10.760656252, -10.7609401669999, 
-10.760910649, -10.7612277119999, -10.7593548369999, -10.7584703679999, -10.7570865559999, -10.7552414299999, -10.7545974409999, -10.753113411, -10.752930594, -10.7530914019999, -10.753966996, -10.75518375, -10.7553765989999, -10.7551841659999, -10.7538743179999, -10.7534026819999, -10.7531885989999, -10.7531954199999, -10.7534558319999, -10.7541324139999, -10.7587489969999, -10.7623033159999, -10.7635247709999, -10.7640337519999, -10.764198984, -10.7621456359999, -10.7625179359999, -10.762207343, 
-10.7603465349999, -10.7602329259999, -10.761179038, -10.76216974, -10.762156052, -10.7618214679999, -10.7620418239999, -10.762892474, -10.7639329299999, -10.764756902, -10.765447164, -10.766494588, -10.7676505589999, -10.7689688489999, -10.7690454319999, -10.7694393379999, -10.769833243, -10.771723756, -10.7721972909999, -10.772670825, -10.7734417659999, -10.77444725, -10.775283599, -10.77657331, -10.777431115, -10.77843484, -10.780220831, -10.781262214, -10.780591858, -10.7807327099999, -10.781637978, 
-10.7839442019999, -10.7849437929999, -10.785870628, -10.786573731, -10.787977894, -10.7887115839999, -10.790740322, -10.7917749379999, -10.792738868, -10.794524904, -10.795351249, -10.7972926689999, -10.798186431, -10.798860407, -10.7990006709999, -10.798820016, -10.797988894, -10.798036419, -10.7983155169999, -10.7991678179999, -10.8016639219999, -10.8035037159999, -10.8089462449999, -10.8096376159999, -10.8104949209999, -10.811257904, -10.8121098449999, -10.813591795, -10.815226334, -10.8162005629999, 
-10.8175068989999, -10.8188214489999, -10.8197438919999, -10.820326747, -10.8203473789999, -10.8214879, -10.8232831139999, -10.824685437, -10.825266321, -10.8252488249999, -10.825510176, -10.826761745, -10.829645168, -10.833938955, -10.8347517939999, -10.8353187149999, -10.834810259, -10.833288425, -10.832237341, -10.8310421849999, -10.8310160039999, -10.8316068509999, -10.8325942739999, -10.8358706679999, -10.8392226709999, -10.8413988959999, -10.843440952, -10.8441508719999, -10.8464951889999, 
-10.848375501, -10.850966973, -10.8553653969999, -10.858079497, -10.858746191, -10.8604438349999, -10.860920962, -10.8614840139999, -10.8614325489999, -10.8617107049999, -10.8617011969999, -10.8607915369999, -10.8598923559999, -10.8589378959999, -10.857933912, -10.8574517399999, -10.8576428019999, -10.8586594139999, -10.85923911, -10.862026752, -10.8626043799999, -10.863526385, -10.8650576909999, -10.866806849, -10.8672981129999, -10.8666358339999, -10.8660301749999, -10.8642527089999, -10.8634260669999, 
-10.862379765, -10.8615741959999, -10.861701733, -10.8633913959999, -10.863399591, -10.8629526539999, -10.8621980419999, -10.860019271, -10.859544728, -10.8602733589999, -10.8604301759999, -10.860330566, -10.8613056619999, -10.861682204, -10.8642183809999, -10.864609623, -10.86537247, -10.867228537, -10.868847258, -10.870149422, -10.8698776199999, -10.8694940499999, -10.8677905549999, -10.867194465, -10.867084769, -10.867380045, -10.8682660639999, -10.8688427419999, -10.870452184, -10.8712580259999, 
-10.8716527889999, -10.871682528, -10.8697775429999, -10.869548622, -10.8688581779999, -10.867870643, -10.867123802, -10.8668022109999, -10.8667934809999, -10.867057918, -10.8665402369999, -10.866453054, -10.865339206, -10.863210792, -10.861491888, -10.8596997569999, -10.8577147199999, -10.856058205, -10.851128193, -10.8480585729999, -10.8459385589999, -10.8422394119999, -10.839231146, -10.8382773279999, -10.836586218, -10.836271334, -10.8369759629999, -10.837664962, -10.8388848169999, -10.839140648, 
-10.8389469759999, -10.8385066, -10.8371036449999, -10.8363621259999, -10.836321795, -10.8367358839999, -10.8370234929999, -10.8376339019999, -10.8395482399999, -10.8415026349999, -10.8436166939999, -10.8455535329999, -10.847504036, -10.8481411929999, -10.8484361989999, -10.848525031, -10.8490837319999, -10.850514832, -10.854553493, -10.856622968, -10.8575941449999, -10.8581864139999, -10.8601969219999, -10.8621090879999, -10.863201148, -10.865782833, -10.8681730519999, -10.8687511389999, -10.8690993049999, 
-10.869097425, -10.8678742999999, -10.8657984929999, -10.8637298969999, -10.8630863239999, -10.8624910589999, -10.862401587, -10.8625724029999, -10.863173262, -10.86391468, -10.864732718, -10.865884794, -10.8664351119999, -10.8672272919999, -10.867713939, -10.869553614, -10.870132162, -10.8708521239999, -10.871271045, -10.871510629, -10.8715092879999, -10.8722347209999, -10.873070491, -10.8733081649999, -10.8729745109999, -10.8716904819999, -10.8707127989999, -10.8701059869999, -10.8700590169999, 
-10.870430737, -10.8705675889999, -10.870702219, -10.8704548259999, -10.870649778, -10.8399868619999, -10.8398860149999, -10.8392503179999, -10.83890653, -10.838598597, -10.8379034709999, -10.837081107, -10.8366293839999, -10.8347027079999, -10.8344653399999, -10.8339470029999, -10.8331416659999, -10.8329117179999, -10.832890291, -10.8330088429999, -10.8339209559999, -10.835030548, -10.835314791, -10.83618323, -10.8363406629999, -10.837085903, -10.838321514, -10.838476219, -10.8383114159999, -10.837508877, 
-10.83714939, -10.83699166, -10.837295273, -10.83789766, -10.839836619, -10.841739654, -10.8417261769999, -10.8413909069999, -10.8406674359999, -10.840164609, -10.8388484429999, -10.8338878729999, -10.8325448619999, -10.829286639, -10.82842754, -10.8269029849999, -10.8263907519999, -10.824318505, -10.824160791, -10.824142266, -10.8243933019999, -10.826239033, -10.8278455329999, -10.8282286339999, -10.829521739, -10.831576416, -10.8321839119999, -10.8341697019999, -10.835392002, -10.8364737729999, 
-10.8385215769999, -10.839933856, -10.8444613469999, -10.8468530239999, -10.8503954919999, -10.854235769, -10.8631574789999, -10.86547073, -10.867377951, -10.8687824479999, -10.8707993409999, -10.8731318599999, -10.8755892499999, -10.877198134, -10.877933094, -10.879225386, -10.8808160259999, -10.882614246, -10.8833471639999, -10.8838612829999, -10.8846439819999, -10.8875026199999, -10.887843597, -10.887986873, -10.8880499979999, -10.8875477269999, -10.8865846649999, -10.886372926, -10.886795361, 
-10.8877569389999, -10.8899412879999, -10.890852218, -10.8936478369999, -10.8946528379999, -10.8984817409999, -10.8994459339999, -10.900350088, -10.9022784329999, -10.9031620839999, -10.9045468129999, -10.905496405, -10.9066301519999, -10.9075406209999, -10.9084871069999, -10.9097389729999, -10.91059117, -10.913393921, -10.9143021429999, -10.917421437, -10.9185152799999, -10.920416006, -10.9225106819999, -10.9260039219999, -10.92690957, -10.928295292, -10.9301882739999, -10.9313227719999, -10.9320838959999, 
-10.9331232199999, -10.933976354, -10.935142579, -10.9365967199999, -10.939888461, -10.9418072489999, -10.945242019, -10.9472442689999, -10.949676188, -10.951494908, -10.9555841589999, -10.9565208139999, -10.9569732429999, -10.9571281849999, -10.956136457, -10.955192654, -10.9549786519999, -10.955874466, -10.9569105699999, -10.9576216389999, -10.9579393299999, -10.9602761259999, -10.9622308859999, -10.96391255, -10.9650883819999, -10.9680252009999, -10.969247246, -10.969985022, -10.972666482, -10.973625322, 
-10.978609359, -10.979691869, -10.9807413689999, -10.9824879439999, -10.9830716669999, -10.98620132, -10.9897388749999, -10.9909201579999, -10.9928171, -10.9947792109999, -10.99628483, -10.9978728859999, -10.998649487, -10.999598212, -11.001687021, -11.0034525799999, -11.0039902029999, -11.0043887699999, -11.004368971, -11.003624631, -11.002771478, -11.002127682, -11.002079972, -11.001140766, -11.0013110109999, -11.001846219, -11.002922662, -11.0035970879999, -11.004027525, -11.0046471869999, -11.0050177499999, 
-11.005538671, -11.006724843, -11.0071528589999, -11.0085289459999, -11.0104631409999, -11.012265927, -11.013023061, -11.0130254429999, -11.012837238, -11.0142045, -11.015882362, -11.0163736859999, -11.0169629119999, -11.017239217, -11.0172290089999, -11.017651718, -11.017902066, -11.0182167839999, -11.020027081, -11.021904348, -11.023260231, -11.025948159, -11.028714518, -11.0294706359999, -11.0294739939999, -11.0299708969999, -11.0311517559999, -11.032333362, -11.0352552479999, -11.03741594, -11.039232773, 
-11.0408184279999, -11.0419400429999, -11.0423914799999, -11.0430113419999, -11.0435792239999, -11.0444014809999, -11.045167759, -11.0468254529999, -11.049109507, -11.052500014, -11.054657866, -11.055450176, -11.0573729939999, -11.0579485159999, -11.05842168, -11.059877683, -11.061267323, -11.0633856109999, -11.0673540079999, -11.069176239, -11.0695247409999, -11.0700313439999, -11.069874039, -11.0703587849999, -11.07098266, -11.0730176349999, -11.0745172029999, -11.07513612, -11.0787510669999, -11.0792544749999, 
-11.0793671059999, -11.0796053759999, -11.0804931749999, -11.0859590369999, -11.0867341509999, -11.0877056579999, -11.0892159749999, -11.090977932, -11.0925142799999, -11.0934245949999, -11.094104733, -11.095240724, -11.0988675469999, -11.099879902, -11.102155751, -11.1037967939999, -11.1063491139999, -11.108771369, -11.1105444669999, -11.114399974, -11.116748303, -11.118141655, -11.1216587719999, -11.124383235, -11.1250447379999, -11.125918765, -11.13035903, -11.1314001179999, -11.1319529909999, 
-11.1335511099999, -11.139100033, -11.141667282, -11.142708551, -11.144292021, -11.145701701, -11.148900347, -11.149297336, -11.149792361, -11.1518326229999, -11.1553492439999, -11.1563477249999, -11.1595441659999, -11.160477418, -11.163080857, -11.166089437, -11.169526898, -11.172783644, -11.1793893729999, -11.1814525819999, -11.183354153, -11.18678476, -11.1878045, -11.1889602949999, -11.1895376779999, -11.1904371729999, -11.1919662, -11.1927568919999, -11.194278379, -11.1955770489999, -11.19979196, 
-11.2035934049999, -11.204879738, -11.208338822, -11.2093886809999, -11.2097366699999, -11.2101531579999, -11.2110775009999, -11.21230599, -11.213556626, -11.213907703, -11.2152274539999, -11.2215101889999, -11.2251431449999, -11.226389636, -11.2269042999999, -11.2271756389999, -11.227169139, -11.2274430909999, -11.227929929, -11.2288834039999, -11.2300303699999, -11.2307056259999, -11.232230131, -11.2343829859999, -11.2375037549999, -11.2397945829999, -11.2414637019999, -11.2435496189999, -11.2445959249999, 
-11.2466118409999, -11.247445251, -11.247766453, -11.247906874, -11.247855587, -11.2480612179999, -11.24930773, -11.2506010079999, -11.2548615539999, -11.2561108639999, -11.2574979059999, -11.259307095, -11.2607620679999, -11.2604181589999, -11.2595943669999, -11.2595954799999, -11.259312437, -11.2604296879999, -11.261883788, -11.263271694, -11.265126482, -11.265593633, -11.2675390319999, -11.2700380389999, -11.273627802, -11.276266472, -11.280013325, -11.28159736, -11.282929454, -11.2827229749999, 
-11.281543444, -11.2814078589999, -11.2821723199999, -11.2828421079999, -11.282734433, -11.2822528069999, -11.2827438809999, -11.282816747, -11.286357994, -11.287641006, -11.288639437, -11.290399589, -11.2912458119999, -11.291692123, -11.291290504, -11.2913756469999, -11.291030868, -11.2912406409999, -11.2920745989999, -11.2929062229999, -11.293806591, -11.2941808599999, -11.2945788979999, -11.2951349059999, -11.2959684029999, -11.2965916819999, -11.297670156, -11.298783675, -11.299342892, -11.2997244359999, 
-11.3004897459999, -11.3009758049999, -11.301873605, -11.302990183, -11.3024271089999, -11.3036779279999, -11.3069689339999, -11.3073050559999, -11.307244485, -11.306406816, -11.306635402, -11.307544828, -11.3072471809999, -11.306555186, -11.3064345719999, -11.3065350909999, -11.30596715, -11.3075702709999, -11.308506893, -11.3094582269999, -11.3104614879999, -11.3134936169999, -11.315082036, -11.316268226, -11.319944096, -11.320976237, -11.3219347679999, -11.324553719, -11.325325459, -11.3263285889999, 
-11.327160002, -11.3279207239999, -11.328784334, -11.330024382, -11.3319505459999, -11.3328540969999, -11.333841333, -11.334478259, -11.3346823039999, -11.3363850089999, -11.337253493, -11.3380603109999, -11.3400042009999, -11.34223325, -11.3429166399999, -11.3437805889999, -11.3458646559999, -11.3466364639999, -11.3484097059999, -11.3494505149999, -11.3502267009999, -11.351279797, -11.3543100849999, -11.3550689899999, -11.3559643509999, -11.3561995909999, -11.357996889, -11.359129669, -11.3642092869999, 
-11.3662568079999, -11.3684489999999, -11.369095617, -11.369744824, -11.3700655429999, -11.370105404, -11.3705685099999, -11.371521634, -11.3722692199999, -11.372854802, -11.373729085, -11.37445851, -11.3749595119999, -11.3755441489999, -11.3778202229999, -11.3777973949999, -11.378116958, -11.3786114269999, -11.3784681249999, -11.3780548419999, -11.3780800559999, -11.378942129, -11.3802706979999, -11.381083743, -11.382230733, -11.383406736, -11.3844111369999, -11.3851526939999, -11.38699116, -11.3879265049999, 
-11.388878042, -11.3901926979999, -11.3910858869999, -11.390925336, -11.3906255079999, -11.389829451, -11.388851351, -11.388394391, -11.389486092, -11.3904998629999, -11.392512937, -11.3930582159999, -11.3929704509999, -11.393496236, -11.395280381, -11.3965927569999, -11.3976045499999, -11.399819735, -11.4013557159999, -11.403172042, -11.404171487, -11.4046208679999, -11.405107851, -11.4061780819999, -11.406943291, -11.4098560759999, -11.4115437089999, -11.4124958819999, -11.413490117, -11.4144453629999, 
-11.4147155699999, -11.415397611, -11.416914714, -11.4175235509999, -11.4179305379999, -11.4185577679999, -11.418874547, -11.4189663489999, -11.418372887, -11.4178605499999, -11.417280704, -11.416793293, -11.4161765049999, -11.4141372859999, -11.413266819, -11.412636713, -11.4124268899999, -11.413806769, -11.4142628809999, -11.41439208, -11.4142957469999, -11.41399823, -11.4138162949999, -11.4146407199999, -11.416680544, -11.4166918229999, -11.4161054329999, -11.414947969, -11.4141350269999, -11.4132220509999, 
-11.4122253689999, -11.4116077959999, -11.4114523169999, -11.411737135, -11.412306577, -11.412589544, -11.4132899649999, -11.413541634, -11.4145792159999, -11.4153524489999, -11.4161807879999, -11.4158841199999, -11.414865896, -11.4124044169999, -11.411922332, -11.411741828, -11.412759267, -11.413002868, -11.4135273999999, -11.415665369, -11.416837909, -11.417841209, -11.419210494, -11.419888047, -11.4221406849999, -11.4232118039999, -11.424209278, -11.426385947, -11.4300541019999, -11.431871936, 
-11.434019263, -11.436053505, -11.437016153, -11.4397503229999, -11.4403403079999, -11.4410528739999, -11.4416236019999, -11.4423937349999, -11.444286528, -11.445348778, -11.4461214529999, -11.446115877, -11.4455882419999, -11.444224134, -11.442242669, -11.4419703089999, -11.443149988, -11.444458332, -11.445120574, -11.4460539, -11.449449785, -11.4518462499999, -11.454169769, -11.4570152929999, -11.4591080399999, -11.4604234179999, -11.4627782369999, -11.463941397, -11.4673674509999, -11.4686819469999, 
-11.4693374499999, -11.4693166349999, -11.4712188599999, -11.476927919, -11.4778380339999, -11.481266953, -11.4823547519999, -11.4826939299999, -11.482321226, -11.4817120709999, -11.481660918, -11.482062227, -11.484994032, -11.486823242, -11.4885904329999, -11.489681715, -11.4905948849999, -11.4910938669999, -11.4913999839999, -11.4910218949999, -11.491215644, -11.4928755569999, -11.495069617, -11.496577616, -11.497440602, -11.499639033, -11.5010770469999, -11.50242724, -11.5035352739999, -11.5044697889999, 
-11.5052013109999, -11.505649943, -11.506013211, -11.506072688, -11.5068040169999, -11.5075659899999, -11.508467073, -11.511146521, -11.513371923, -11.51580093, -11.517462493, -11.5182296209999, -11.519139287, -11.520137869, -11.521450613, -11.5249935739999, -11.5261756419999, -11.527548977, -11.5289644339999, -11.5294634729999, -11.530059923, -11.530729548, -11.531685872, -11.532820036, -11.5335889409999, -11.534182877, -11.5350390569999, -11.5371771059999, -11.538222161, -11.5372663979999, -11.5377473799999, 
-11.537725191, -11.537408813, -11.537583775, -11.538222059, -11.5391770259999, -11.540309394, -11.541444827, -11.5421237529999, -11.542238902, -11.54185597, -11.5419948369999, -11.5423470979999, -11.5450550059999, -11.545888953, -11.547384007, -11.5490605439999, -11.55024824, -11.5515563259999, -11.552241452, -11.5532844439999, -11.5544685079999, -11.555189292, -11.5555956939999, -11.556050426, -11.5568622729999, -11.5598110069999, -11.5625854529999, -11.5635343349999, -11.564672403, -11.5659019109999, 
-11.566898375, -11.567579147, -11.568259689, -11.5693024189999, -11.570246797, -11.5717488609999, -11.573770958, -11.575944513, -11.5783050229999, -11.5817052179999, -11.584296913, -11.587291071, -11.591237681, -11.5925117629999, -11.59369065, -11.594781222, -11.5967495379999, -11.598766898, -11.601425065, -11.6020580139999, -11.601209181, -11.6007263989999, -11.6012387279999, -11.600468787, -11.599829175, -11.600774959, -11.601997105, -11.605191773, -11.6058333599999, -11.6056130929999, -11.6067350329999, 
-11.607114709, -11.606618292, -11.606541115, -11.606859756, -11.607590817, -11.6086392609999, -11.609657274, -11.611094472, -11.612438738, -11.6134403779999, -11.6142523719999, -11.6150274619999, -11.617023568, -11.6178751629999, -11.620077082, -11.6222546179999, -11.624572261, -11.626328853, -11.626606199, -11.626075469, -11.624523448, -11.6209607879999, -11.608946489, -11.6087315219999, -11.609994131, -11.6133982129999, -11.615506669, -11.6194302819999, -11.6216823189999, -11.623258045, -11.624105184, 
-11.624879049, -11.629130686, -11.6304969549999, -11.630386675, -11.628555707, -11.6265292559999, -11.624817788, -11.6238980329999, -11.6243513559999, -11.6256180639999, -11.627165818, -11.630473647, -11.6315982199999, -11.632193577, -11.633528613, -11.635496287, -11.638380664, -11.640558755, -11.642135496, -11.6444148469999, -11.64592377, -11.646836256, -11.6490405709999, -11.650649334, -11.650942208, -11.6502929989999, -11.648533402, -11.6464963029999, -11.644142809, -11.6425945819999, -11.641677745, 
-11.641429071, -11.641784811, -11.6421513889999, -11.6426093269999, -11.6446461169999, -11.649205899, -11.650137169, -11.6508377989999, -11.6501323579999, -11.6499475469999, -11.649552156, -11.648320848, -11.6471330589999, -11.640722872, -11.640331221, -11.6407483219999, -11.6421498079999, -11.6435562789999, -11.6445415329999, -11.6459031529999, -11.646750368, -11.647027571, -11.6471569469999, -11.6475335319999, -11.648230866, -11.6491841499999, -11.650368102, -11.651750506, -11.653907031, -11.654816126, 
-11.657498804, -11.6605330679999, -11.6616385959999, -11.662269689, -11.6627110809999, -11.6618296949999, -11.662103817, -11.665989991, -11.6661954999999, -11.6652732389999, -11.6645679639999, -11.66477774, -11.6659496179999, -11.666013732, -11.6656214199999, -11.665385683, -11.6632562979999, -11.662550751, -11.6624725079999, -11.6613477399999, -11.66267824, -11.663133571, -11.6632813079999, -11.6655054469999, -11.666275387, -11.666906081, -11.666273141, -11.665709634, -11.665980626, -11.666015998, 
-11.665652712, -11.6658090409999, -11.6661245929999, -11.6675332239999, -11.6678080649999, -11.6683091759999, -11.6688445409999, -11.669708595, -11.672835245, -11.674423047, -11.674764443, -11.6746087679999, -11.6726117319999, -11.6716577899999, -11.671115775, -11.67102162, -11.6711579009999, -11.6723332779999, -11.674474326, -11.6749217109999, -11.6740586069999, -11.674254369, -11.6748783489999, -11.677781684, -11.6808690419999, -11.683630993, -11.684332125, -11.6845339299999, -11.6844025169999, 
-11.6824960319999, -11.680593673, -11.6803671309999, -11.6804940539999, -11.681368997, -11.683081302, -11.6842184029999, -11.6850738869999, -11.6887250829999, -11.6935622969999, -11.695146247, -11.6956035369999, -11.6971411959999, -11.6984087689999, -11.6992246369999, -11.703451004, -11.704304433, -11.705531863, -11.7061173269999, -11.707528265, -11.707889897, -11.707484211, -11.7075759259999, -11.7080290729999, -11.7088865859999, -11.7097059089999, -11.7110176279999, -11.7162990979999, -11.717260387, 
-11.719023169, -11.7197036389999, -11.7205671519999, -11.7212515099999, -11.7246953989999, -11.7276450649999, -11.728325051, -11.728502161, -11.7278127889999, -11.7258489929999, -11.7251000099999, -11.7231949329999, -11.723049039, -11.7237744509999, -11.723508578, -11.7224981949999, -11.721330549, -11.7206932029999, -11.719325528, -11.7189181299999, -11.7188277729999, -11.7190049079999, -11.719504129, -11.7208181549999, -11.7211841649999, -11.723853219, -11.7243591, -11.726082768, -11.7272577159999, 
-11.728480783, -11.729430727, -11.7300242549999, -11.730379956, -11.7303827519999, -11.7291972959999, -11.7277492069999, -11.7269496559999, -11.7264303689999, -11.7262913659999, -11.7270592339999, -11.727805789, -11.728123904, -11.728498219, -11.728324228, -11.7287774599999, -11.7297813059999, -11.7303184019999, -11.730688018, -11.729278513, -11.7290965559999, -11.7296376379999, -11.731286789, -11.731452454, -11.7313164599999, -11.7308999439999, -11.7314066559999, -11.732305883, -11.7329891349999, 
-11.7333023739999, -11.733617487, -11.734666321, -11.7353517039999, -11.7373417929999, -11.737970654, -11.737293988, -11.7354372799999, -11.7354750559999, -11.736383645, -11.737473048, -11.7383840419999, -11.7403314639999, -11.740662479, -11.741243338, -11.7423309289999, -11.7434187499999, -11.745322302, -11.74608773, -11.7476767149999, -11.7491745209999, -11.753299025, -11.7540349229999, -11.7542969029999, -11.753875733, -11.7512140769999, -11.7492160089999, -11.748257228, -11.747782562, -11.747284817, 
-11.74712191, -11.747204069, -11.7477767339999, -11.747818518, -11.7475718519999, -11.7485667969999, -11.750830659, -11.752825508, -11.7533288279999, -11.753415913, -11.753099427, -11.752446171, -11.7527027609999, -11.7535302439999, -11.7554057889999, -11.7563119499999, -11.758072573, -11.7600257829999, -11.7604486599999, -11.761355818, -11.762263678, -11.7625194569999, -11.762121016, -11.762461024, -11.7631044189999, -11.7637863209999, -11.7637955979999, -11.762757585, -11.760551811, -11.7610037109999, 
-11.760741729, -11.759738065, -11.7583352399999, -11.7572027289999, -11.7560952179999, -11.755496247, -11.754644721, -11.753186409, -11.751985028, -11.750965224, -11.7490238879999, -11.7478886499999, -11.746757283, -11.7457424409999, -11.74540687, -11.745328736, -11.7450178139999, -11.744204857, -11.743757193, -11.744012821, -11.7445486989999, -11.7445851649999, -11.7460204619999, -11.746077026, -11.745695934, -11.746182056, -11.7473097919999, -11.7499922379999, -11.751666399, -11.7525222899999, 
-11.7527887869999, -11.753649385, -11.753642004, -11.7526869699999, -11.7517506259999, -11.7517291179999, -11.7520386139999, -11.753165841, -11.755930024, -11.7579979, -11.759000531, -11.7608685269999, -11.7631756659999, -11.7640934459999, -11.763322157, -11.761467602, -11.760590992, -11.7604125049999, -11.7584531469999, -11.758117951, -11.758642837, -11.760417505, -11.762148886, -11.7635599789999, -11.76563655, -11.766727159, -11.766733242, -11.7665141519999, -11.7676484569999, -11.7672433779999, 
-11.7650309279999, -11.766258773, -11.766949589, -11.767825099, -11.768656846, -11.770195215, -11.7709689579999, -11.770414232, -11.7692567779999, -11.769246729, -11.7700530929999, -11.770063245, -11.7703221749999, -11.771104904, -11.773214689, -11.7743961409999, -11.775495285, -11.7766323159999, -11.7784668539999, -11.7817849789999, -11.7829261409999, -11.7837951229999, -11.7842321479999, -11.784076228, -11.7824482369999, -11.7823539609999, -11.782999332, -11.784457142, -11.786046093, -11.7870452359999, 
-11.7883550999999, -11.789931705, -11.7907311509999, -11.791548378, -11.792580912, -11.793719849, -11.797759209, -11.7996274869999, -11.801492611, -11.8024113689999, -11.803907046, -11.8062146249999, -11.807717585, -11.808805154, -11.811431198, -11.8127465219999, -11.8130071169999, -11.8139591039999, -11.814911566, -11.8164187909999, -11.8187405129999, -11.8194154679999, -11.821695245, -11.823011364, -11.8275086689999, -11.8287460979999, -11.830976051, -11.831539868, -11.831301933, -11.829039801, 
-11.828100555, -11.827964386, -11.828469889, -11.829335321, -11.83205502, -11.833415193, -11.8366326289999, -11.8375454689999, -11.8369116019999, -11.837702342, -11.8388336219999, -11.8397878129999, -11.8408343559999, -11.8414179599999, -11.8414977589999, -11.8408173559999, -11.8404039819999, -11.841584358, -11.8435756119999, -11.8486554259999, -11.8499267139999, -11.854394633, -11.8577649979999, -11.8587671569999, -11.8606654049999, -11.8615337219999, -11.8622566949999, -11.863439495, -11.863991373, 
-11.8629547529999, -11.8619073399999, -11.8611430289999, -11.8629657819999, -11.8635551779999, -11.8638802629999, -11.864791319, -11.8656221599999, -11.8667656929999, -11.8676633559999, -11.868972138, -11.870028307, -11.872331957, -11.873379681, -11.875297064, -11.8778047779999, -11.8783084849999, -11.8801914109999, -11.8810490969999, -11.8832813839999, -11.884278546, -11.8854031079999, -11.885446323, -11.8847312559999, -11.884553556, -11.8856573039999, -11.886798288, -11.8877033529999, -11.888346033, 
-11.891206784, -11.8923438249999, -11.893747623, -11.895921263, -11.89708269, -11.898859504, -11.8998100049999, -11.9029560569999, -11.903409707, -11.90341583, -11.902926742, -11.9031072139999, -11.90427944, -11.9052428029999, -11.9075193609999, -11.910916238, -11.91199448, -11.913113871, -11.912322282, -11.91008132, -11.9099306029999, -11.9110218349999, -11.912379332, -11.9130644759999, -11.912986356, -11.9125320659999, -11.9112260379999, -11.9101322809999, -11.910962343, -11.9118712659999, -11.9130937969999, 
-11.915483685, -11.9169847909999, -11.917764054, -11.9175434619999, -11.9168199959999, -11.9159199759999, -11.9150122829999, -11.9139753459999, -11.9133366139999, -11.912317002, -11.91232087, -11.912713137, -11.9136231179999, -11.916300033, -11.9176546269999, -11.9177093129999, -11.917062659, -11.916133127, -11.9148971849999, -11.91277121, -11.912095392, -11.9117382879999, -11.911266311, -11.912463359, -11.9118378599999, -11.909692451, -11.9093386809999, -11.9094775789999, -11.909941869, -11.910630956, 
-11.910644821, -11.909437483, -11.9087599979999, -11.9083640589999, -11.9083481209999, -11.908695703, -11.9096509149999, -11.9105223, -11.9121150639999, -11.9130205989999, -11.9139265009999, -11.914922423, -11.9159085539999, -11.916312349, -11.9170893339999, -11.918168349, -11.9192545969999, -11.9196686019999, -11.9192132059999, -11.9166535259999, -11.9166982209999, -11.9185167949999, -11.922156296, -11.923103127, -11.923291102, -11.9222555429999, -11.9212122389999, -11.9201271339999, -11.9193844319999, 
-11.917594424, -11.918429895, -11.920726776, -11.9222709369999, -11.923719415, -11.924525345, -11.9254299449999, -11.9246678239999, -11.9228172299999, -11.9226004099999, -11.926640243, -11.9276348779999, -11.928593099, -11.931280767, -11.9330052569999, -11.9336503649999, -11.9337029979999, -11.931935801, -11.9321691339999, -11.9339436599999, -11.934637216, -11.9350040489999, -11.935464046, -11.9371017629999, -11.9413780269999, -11.942740321, -11.945349166, -11.946669701, -11.9473936949999, -11.948816513, 
-11.950044749, -11.950656812, -11.9508236099999, -11.9525147649999, -11.95484183, -11.955748077, -11.958341215, -11.9604577359999, -11.9607295739999, -11.9614068409999, -11.9609428839999, -11.961668324, -11.964238054, -11.964740186, -11.9640978239999, -11.964095185, -11.9645380219999, -11.9642016939999, -11.9650275319999, -11.9661214399999, -11.964790625, -11.9650583399999, -11.966414954, -11.9673216109999, -11.9683174259999, -11.969223959, -11.970369494, -11.97141056, -11.972268383, -11.971903355, 
-11.971040462, -11.9704228509999, -11.971215193, -11.972346586, -11.9728430119999, -11.973605799, -11.974689374, -11.975374837, -11.9775127899999, -11.9777069469999, -11.979654923, -11.980425569, -11.9795965469999, -11.979366914, -11.9796286879999, -11.9803995249999, -11.981579321, -11.982489581, -11.9821707199999, -11.981229425, -11.9814609599999, -11.981056533, -11.9818373969999, -11.9835156609999, -11.9841508279999, -11.984336512, -11.985609296, -11.9868347649999, -11.987741045, -11.9902565779999, 
-11.9912966009999, -11.9922069359999, -11.992752861, -11.9933568229999, -11.993376175, -11.9930465469999, -11.993144743, -11.994062655, -11.9950238369999, -11.995213196, -11.9955372979999, -11.9969990319999, -11.998092384, -11.9990377289999, -11.999047951, -11.998049384, -11.9957418349999, -11.9954653239999, -11.9971950369999, -11.997995111, -11.997981661, -11.9974015379999, -11.996767788, -11.9965039639999, -11.997411779, -12.0004644879999, -12.001783885, -12.0027365739999, -12.0035558889999, -12.0046428709999, 
-12.0049125199999, -12.0047902949999, -12.0052859359999, -12.0073344959999, -12.008511186, -12.009378931, -12.0101057429999, -12.0103882799999, -12.009931639, -12.008222511, -12.008038026, -12.008368752, -12.0089154849999, -12.010003851, -12.0104437489999, -12.0100134629999, -12.009928583, -12.0103863259999, -12.011524653, -12.012198031, -12.0133549079999, -12.0140554309999, -12.0159669009999, -12.0161354049999, -12.015667069, -12.016033582, -12.016807908, -12.0160901579999, -12.014828389, -12.0147475579999, 
-12.0138393409999, -12.0128026259999, -12.012123455, -12.0121334209999, -12.0109033789999, -12.010608002, -12.010076602, -12.0093747939999, -12.0090098679999, -12.009169153, -12.0095615379999, -12.010383517, -12.0099773339999, -12.007844989, -12.008171909, -12.010806473, -12.0105474169999, -12.0100318339999, -12.013190417, -12.014607298, -12.017440325, -12.0178714379999, -12.0215409, -12.0239599589999, -12.024369529, -12.026730373, -12.0283234139999, -12.029714359, -12.0306004709999, -12.0321739119999, 
-12.033064264, -12.0341117209999, -12.0353887159999, -12.036346147, -12.0381615969999, -12.038754658, -12.0386685169999, -12.037721116, -12.0368576749999, -12.035858419, -12.0363968249999, -12.038162128, -12.039685758, -12.041381736, -12.042614085, -12.04348958, -12.0474854149999, -12.0490349109999, -12.052812488, -12.054080552, -12.0546992719999, -12.056599067, -12.0575795719999, -12.0593548749999, -12.06239002, -12.0633022139999, -12.0654365689999, -12.066345175, -12.067117457, -12.067555769, -12.068668897, 
-12.069846222, -12.070474636, -12.0716095719999, -12.072117541, -12.0722577539999, -12.0729853, -12.073868483, -12.074641259, -12.0756326279999, -12.077280054, -12.0783669469999, -12.0795530059999, -12.0796763029999, -12.078949077, -12.078962929, -12.0796141599999, -12.0804795109999, -12.0819244129999, -12.082807637, -12.085944964, -12.088569607, -12.0894279299999, -12.0905192769999, -12.0904805819999, -12.0917355649999, -12.0919933799999, -12.0928080579999, -12.0948068989999, -12.0995190619999, 
-12.100610741, -12.1016544709999, -12.103081352, -12.1061090739999, -12.1079241409999, -12.1087979919999, -12.1111982999999, -12.1120332149999, -12.1121710929999, -12.111498378, -12.1101816689999, -12.1075375679999, -12.1065826769999, -12.1063882029999, -12.1071043979999, -12.1071060949999, -12.106432529, -12.1061184179999, -12.105345745, -12.1059233989999, -12.106689537, -12.109913942, -12.1119080229999, -12.112277713, -12.112417054, -12.111899132, -12.111248273, -12.1094520119999, -12.108589472, 
-12.1082830539999, -12.1083407289999, -12.1085255979999, -12.109118452, -12.111495129, -12.113501339, -12.1141848409999, -12.1134675289999, -12.111590533, -12.1087553099999, -12.108480956, -12.11011679, -12.1111195999999, -12.112112353, -12.113023519, -12.1150670849999, -12.1170627799999, -12.1189757189999, -12.119753088, -12.1206862679999, -12.1220843499999, -12.124977653, -12.1260185339999, -12.1270672389999, -12.1287448209999, -12.1294532649999, -12.130693613, -12.13162456, -12.1324826579999, 
-12.1357076199999, -12.1363956539999, -12.134834975, -12.1338118149999, -12.1327792259999, -12.1316937309999, -12.130739449, -12.130376161, -12.1307041609999, -12.1323138079999, -12.1342024249999, -12.1349410229999, -12.136568862, -12.137532625, -12.139417898, -12.1402632589999, -12.1408600969999, -12.140890362, -12.141139376, -12.141148025, -12.1418774389999, -12.1424258009999, -12.1440328949999, -12.146158253, -12.147061826, -12.1480177019999, -12.15032303, -12.15105594, -12.152166042, -12.15295843, 
-12.1535414859999, -12.1536696799999, -12.1543402179999, -12.154921439, -12.1550510959999, -12.155350829, -12.1559963249999, -12.156958022, -12.1586802419999, -12.1596334829999, -12.160501363, -12.160144107, -12.1591946129999, -12.158288115, -12.1576100579999, -12.1579795719999, -12.1595262049999, -12.160758848, -12.162849993, -12.1638531689999, -12.165982414, -12.166934491, -12.1676876249999, -12.168685829, -12.1693470649999, -12.170415785, -12.17118652, -12.171793938, -12.172635597, -12.1744922779999, 
-12.175981673, -12.1827437749999, -12.1835567789999, -12.184087491, -12.1844816789999, -12.184510444, -12.1841116059999, -12.1838657579999, -12.183363703, -12.182689948, -12.182779998, -12.183356492, -12.184263182, -12.1853762279999, -12.186630651, -12.1886478379999, -12.1895150179999, -12.190279921, -12.190960548, -12.191135647, -12.1906983619999, -12.189586026, -12.1889039509999, -12.188800971, -12.1891181869999, -12.189864517, -12.1927900919999, -12.194831563, -12.195912579, -12.1970025749999, 
-12.198391206, -12.1991926609999, -12.1996949989999, -12.2002068569999, -12.20166722, -12.2022141209999, -12.2027346899999, -12.203503829, -12.204244052, -12.205148525, -12.206791897, -12.209288974, -12.2092761609999, -12.2090101899999, -12.208531943, -12.202790298, -12.2015000549999, -12.201215557, -12.20099081, -12.2000845309999, -12.197216871, -12.1963506399999, -12.1976617609999, -12.1946474359999, -12.1950126119999, -12.194998208, -12.1954269489999, -12.1961537359999, -12.1970917279999, -12.198495656, 
-12.2000683679999, -12.200562619, -12.2014260399999, -12.20242345, -12.20346533, -12.2053732469999, -12.2071423559999, -12.209469238, -12.2113975729999, -12.2123047999999, -12.2130121909999, -12.2134017909999, -12.2133353709999, -12.213083371, -12.2118989329999, -12.2111978209999, -12.2114730049999, -12.2130229559999, -12.2137077989999, -12.2148907119999, -12.21539568, -12.21539651, -12.214905523, -12.214249205, -12.2133597549999, -12.21282156, -12.2119580009999, -12.211049282, -12.2099612919999, 
-12.2081523679999, -12.2071585739999, -12.202681754, -12.2017697319999, -12.1977927279999, -12.196744246, -12.1934837599999, -12.1922999069999, -12.191350626, -12.1904985859999, -12.1895882469999, -12.187641772, -12.1850948709999, -12.1834949569999, -12.1827709569999, -12.180997036, -12.17972798, -12.1789837729999, -12.178490266, -12.1784058869999, -12.1781677999999, -12.1781990579999, -12.178859685, -12.178754232, -12.180530987, -12.1815300239999, -12.182985194, -12.185029195, -12.1874286869999, 
-12.191734528, -12.1987138519999, -12.2046938919999, -12.20559699, -12.207999769, -12.208950586, -12.209751361, -12.210816105, -12.2156989649999, -12.216185703, -12.2159876469999, -12.2159950449999, -12.215860393, -12.215914204, -12.2163737299999, -12.2162365839999, -12.215276383, -12.214717274, -12.213614614, -12.212372701, -12.211965939, -12.2102395229999, -12.2084488919999, -12.207663395, -12.207460037, -12.206561323, -12.2057018159999, -12.2048431199999, -12.203269055, -12.203000652, -12.2022280379999, 
-12.20205033, -12.20207348, -12.201288705, -12.2010171749999, -12.201027527, -12.2005494809999, -12.2003849829999, -12.1993587609999, -12.198455614, -12.197840394, -12.197597797, -12.196018783, -12.1948245099999, -12.194122002, -12.19267906, -12.1920090759999, -12.19171655, -12.191567093, -12.1910462039999, -12.1910370379999, -12.190024708, -12.1896914089999, -12.1893791009999, -12.1888832859999, -12.1877993709999, -12.187162821, -12.1862281159999, -12.1855829749999, -12.1824991019999, -12.1811897539999, 
-12.1799537169999, -12.178305989, -12.1767124489999, -12.17499726, -12.1744407929999, -12.1735798969999, -12.170045742, -12.167452035, -12.1652939109999, -12.164062167, -12.1617655959999, -12.160850305, -12.1571434189999, -12.1539733709999, -12.150485065, -12.148448502, -12.1455035729999, -12.14336471, -12.1424670639999, -12.1361374219999, -12.1330013589999, -12.128533868, -12.1265453769999, -12.1248655779999, -12.1235052329999, -12.120650623, -12.119330658, -12.1178904429999, -12.116705704, -12.115474283, 
-12.114151976, -12.1118005889999, -12.1107118999999, -12.108811336, -12.106950088, -12.106310659, -12.1035940239999, -12.100601518, -12.098378439, -12.096093434, -12.094126546, -12.093260171, -12.092770767, -12.0920159839999, -12.091301394, -12.0908759249999, -12.090169395, -12.089790816, -12.0882519849999, -12.087103359, -12.086382826, -12.0866399639999, -12.087002662, -12.087211578, -12.088095786, -12.0894132629999, -12.090186939, -12.091549685, -12.0928710969999, -12.093775673, -12.098861676, 
-12.0993172189999, -12.0998505229999, -12.1000836319999, -12.1011795819999, -12.1032631639999, -12.106648558, -12.1105412069999, -12.11144896, -12.113214621, -12.115120447, -12.1169293189999, -12.1177872859999, -12.118107528, -12.1208281159999, -12.1246326429999, -12.126853255, -12.1314543179999, -12.1385129629999, -12.1402376339999, -12.1413246129999, -12.1439591619999, -12.1461768749999, -12.1484913269999, -12.150297533, -12.151205244, -12.152888301, -12.1543919119999, -12.155129799, -12.1563606699999, 
-12.1575661759999, -12.1578840139999, -12.1579547639999, -12.157801778, -12.1571026329999, -12.154144239, -12.151302014, -12.149573204, -12.1476700369999, -12.145998973, -12.143684794, -12.139158853, -12.1358535549999, -12.1329185959999, -12.131961544, -12.130142135, -12.1289207469999, -12.1278939389999, -12.12679208, -12.125586631, -12.124808319, -12.122771884, -12.1192365609999, -12.115291251, -12.11230569, -12.109131646, -12.10719087, -12.105329264, -12.102297734, -12.1004429299999, -12.0988749859999, 
-12.096308004, -12.0953318879999, -12.0937085679999, -12.0924974169999, -12.091360229, -12.090348449, -12.0893793529999, -12.088973911, -12.088362246, -12.0876190529999, -12.086266817, -12.085789126, -12.085634509, -12.085897433, -12.0860855889999, -12.087649378, -12.0914110599999, -12.093951539, -12.0961336829999, -12.0973097909999, -12.098217134, -12.099210608, -12.100169524, -12.1013013409999, -12.1037056789999, -12.1061487639999, -12.109277469, -12.111116174, -12.111923323, -12.112581447, -12.1141715219999, 
-12.1151194939999, -12.116978349, -12.11884285, -12.120589825, -12.1216066269999, -12.121971136, -12.122295162, -12.122520346, -12.1217053279999, -12.120845103, -12.1192675679999, -12.1158797819999, -12.1090817709999, -12.1074871669999, -12.105598877, -12.103162078, -12.100236003, -12.0974549089999, -12.0965402779999, -12.094595225, -12.093644633, -12.091917854, -12.09120349, -12.090123961, -12.0867919209999, -12.0834840869999, -12.0825095109999, -12.0810115319999, -12.079313197, -12.0775190529999, 
-12.076153177, -12.0760181829999, -12.075629788, -12.0724282109999, -12.0717057219999, -12.070939114, -12.0703353549999, -12.0679370649999, -12.066847158, -12.065451605, -12.064490788, -12.059092789, -12.054354641, -12.0522649569999, -12.044871465, -12.0439312259999, -12.038782714, -12.036266394, -12.0356296449999, -12.030340002, -12.028072021, -12.024271867, -12.0211946929999, -12.020265652, -12.019702104, -12.017983702, -12.016668531, -12.0157289389999, -12.0140990949999, -12.0132610369999, -12.0106792529999, 
-12.0091954549999, -12.0089032669999, -12.0089103559999, -12.0090527349999, -12.0111547139999, -12.012137744, -12.0123171139999, -12.0122364019999, -12.011859203, -12.0118409379999, -12.0123421549999, -12.0123450899999, -12.012668047, -12.013003676, -12.0133456799999, -12.0136659, -12.0145563149999, -12.0149806709999, -12.0152081989999, -12.015689419, -12.016392808, -12.0189374819999, -12.019595593, -12.0204775939999, -12.020619015, -12.020847466, -12.021255793, -12.0224748919999, -12.023613844, 
-12.024838548, -12.0250236739999, -12.0255370889999, -12.0261572969999, -12.026654207, -12.027159216, -12.028383142, -12.028022526, -12.0268708199999, -12.0259040519999, -12.0245912239999, -12.023099443, -12.0206045879999, -12.01540425, -12.013551476, -12.0068919279999, -12.000246827, -11.998538789, -11.9975214529999, -11.995617084, -11.994354739, -11.993426599, -11.994065067, -11.9943347749999, -11.994422334, -11.996019963, -11.996986715, -11.99896318, -12.0002947239999, -12.0025905309999, -12.0047033579999, 
-12.007917973, -12.008834297, -12.0119062029999, -12.013865665, -12.016579294, -12.0181602549999, -12.018576201, -12.0187299779999, -12.018551234, -12.017580731, -12.016881145, -12.014371159, -12.011656833, -12.0091227589999, -12.0072687309999, -12.00647067, -12.002512778, -12.0002076839999, -11.9958623329999, -11.9951224069999, -11.9933727399999, -11.993053787, -11.9929068669999, -11.9930901999999, -11.9937177569999, -11.9943671169999, -11.9945139069999, -11.9948411989999, -11.996235308, -11.9971934229999, 
-11.9985579969999, -11.998843903, -11.998680819, -11.9991513209999, -11.9985951839999, -11.997637136, -11.996604901, -11.995080262, -11.9924393619999, -11.988890284, -11.986905001, -11.9857718909999, -11.983405215, -11.9815940449999, -11.9809006879999, -11.979717045, -11.978260364, -11.9777058379999, -11.9769702799999, -11.974925198, -11.9731048839999, -11.971648928, -11.9707448209999, -11.969579654, -11.967786842, -11.9671122449999, -11.9664099229999, -11.96628607, -11.966427764, -11.9675852259999, 
-11.9692268689999, -11.9703303779999, -11.970341615, -11.9689947539999, -11.9680010579999, -11.966145207, -11.9627120569999, -11.9616720029999, -11.960859673, -11.958127018, -11.9555144619999, -11.9549175059999, -11.953955134, -11.950246338, -11.9458101559999, -11.944448818, -11.9416292129999, -11.938450262, -11.9353638409999, -11.9283347349999, -11.926784022, -11.922569009, -11.920923584, -11.918081721, -11.915802737, -11.9144876849999, -11.911903657, -11.9105864019999, -11.904154543, -11.9009060279999, 
-11.8982393789999, -11.8966271729999, -11.89495509, -11.894193371, -11.892085912, -11.8899489359999, -11.889340094, -11.8884483759999, -11.88735922, -11.887241309, -11.886059412, -11.885737293, -11.885462541, -11.883956672, -11.8832397309999, -11.8828006059999, -11.8819954859999, -11.8811531769999, -11.878726841, -11.8777419569999, -11.87685163, -11.8717594559999, -11.869109657, -11.864001317, -11.861291537, -11.8563673359999, -11.8530154019999, -11.85120275, -11.849161707, -11.846258147, -11.8441718709999, 
-11.8372266809999, -11.8344675729999, -11.830642548, -11.82429203, -11.8200307729999, -11.816599382, -11.8132422139999, -11.804341568, -11.7990686409999, -11.790678219, -11.7868889439999, -11.781875412, -11.779895843, -11.7771388209999, -11.7733087079999, -11.7708762499999, -11.7674501859999, -11.7646581249999, -11.763269721, -11.75968093, -11.757799414, -11.753558822, -11.7504430329999, -11.7495857649999, -11.7489190899999, -11.74773314, -11.7465628979999, -11.7443583379999, -11.739172292, -11.7381800899999, 
-11.7361550709999, -11.7341627939999, -11.730953046, -11.7270094429999, -11.724803103, -11.723802745, -11.7203673079999, -11.719603308, -11.717373734, -11.7141337659999, -11.712256608, -11.711263151, -11.709379742, -11.7077774119999, -11.7063191409999, -11.7056449979999, -11.705633582, -11.7059015079999, -11.7064282929999, -11.706690807, -11.7071722759999, -11.707801797, -11.708631668, -11.713007982, -11.7139299709999, -11.714983322, -11.715621906, -11.7181217249999, -11.7186713839999, -11.7191414569999, 
-11.7197436619999, -11.720510356, -11.7204216719999, -11.7208741509999, -11.7208134819999, -11.721226681, -11.7212418739999, -11.721148447, -11.72082531, -11.7208483699999, -11.721190961, -11.7217035059999, -11.722436231, -11.7248478999999, -11.726890247, -11.728346087, -11.7303695599999, -11.733196677, -11.7372763649999, -11.7384053069999, -11.741274369, -11.742078238, -11.7443824389999, -11.746681125, -11.748940733, -11.750973013, -11.752022154, -11.753110097, -11.7541195769999, -11.755902241, 
-11.7562589419999, -11.7565705359999, -11.756581963, -11.7562464149999, -11.755028866, -11.753871087, -11.7525406, -11.7513907909999, -11.7509576419999, -11.7504262459999, -11.7494621569999, -11.748567535, -11.7471851709999, -11.744121267, -11.7423452469999, -11.7413125429999, -11.740642115, -11.7396145099999, -11.7378407759999, -11.7365508079999, -11.735704652, -11.735036796, -11.7338317319999, -11.73288938, -11.7320423579999, -11.7308837209999, -11.728970458, -11.728205094, -11.7273691249999, -11.726797812, 
-11.726382674, -11.7254844369999, -11.723476655, -11.7213743029999, -11.720216427, -11.717363025, -11.716193095, -11.715519585, -11.714522595, -11.7126879419999, -11.7108040269999, -11.710080841, -11.706873251, -11.704886274, -11.703347178, -11.701042623, -11.699762744, -11.6964012879999, -11.69552934, -11.69433122, -11.693462181, -11.6916371799999, -11.690618463, -11.6895304159999, -11.685960167, -11.68477431, -11.683037332, -11.681847283, -11.680935421, -11.6797959309999, -11.6790636989999, -11.67792658, 
-11.67705827, -11.67477375, -11.6737234759999, -11.672198815, -11.6707336489999, -11.6689613359999, -11.66664987, -11.665003442, -11.6631319569999, -11.6618533689999, -11.660801761, -11.6598482119999, -11.655940229, -11.652088595, -11.649772141, -11.645338114, -11.6417765309999, -11.640732004, -11.6375409359999, -11.635921344, -11.634616084, -11.6305256779999, -11.6284099249999, -11.6262340789999, -11.624345638, -11.6231694109999, -11.6205608349999, -11.618304022, -11.616137502, -11.614868147, -11.612096214, 
-11.611226782, -11.6069291639999, -11.606135476, -11.6049466239999, -11.603998008, -11.6010531209999, -11.5988290969999, -11.5964413029999, -11.594233226, -11.5922498239999, -11.5905849359999, -11.584745885, -11.5824481249999, -11.5796728779999, -11.576780635, -11.5744732959999, -11.57044706, -11.5660787099999, -11.5628328999999, -11.562238555, -11.5610978089999, -11.560046804, -11.5584387549999, -11.5570717999999, -11.554423748, -11.552682827, -11.548819245, -11.548043718, -11.5471259219999, -11.542862698, 
-11.5376109639999, -11.5328404699999, -11.530489063, -11.528095142, -11.5260247159999, -11.5248991869999, -11.523550631, -11.521536419, -11.5204545839999, -11.5197776249999, -11.519344305, -11.5187053119999, -11.5164466369999, -11.51563015, -11.5150972429999, -11.5150992759999, -11.51449258, -11.5141807729999, -11.514099547, -11.5132281049999, -11.5130994319999, -11.51226925, -11.5116905169999, -11.5112176339999, -11.5102924679999, -11.509146486, -11.507457975, -11.5060513379999, -11.5056390339999, 
-11.5055234459999, -11.504433562, -11.5041718149999, -11.502111366, -11.5015999879999, -11.500407883, -11.499376237, -11.497208681, -11.493640021, -11.4905595389999, -11.486672917, -11.484545344, -11.4795899179999, -11.473262801, -11.4709529259999, -11.460453735, -11.459328609, -11.4563002699999, -11.452092131, -11.4509218819999, -11.4473906289999, -11.440026138, -11.435657324, -11.43470291, -11.4266976759999, -11.420177661, -11.417831183, -11.416744921, -11.414393972, -11.411188723, -11.4087010259999, 
-11.4050349689999, -11.4015970469999, -11.397254262, -11.394540639, -11.3908323629999, -11.3843820899999, -11.379408005, -11.3780542009999, -11.376834871, -11.3742110309999, -11.3647584599999, -11.3633146859999, -11.36222626, -11.3570324569999, -11.354945299, -11.3500558989999, -11.345031774, -11.3442231159999, -11.3427006699999, -11.3404340099999, -11.339211815, -11.338618049, -11.3372454149999, -11.3370623289999, -11.336646067, -11.335959995, -11.3354939719999, -11.335079836, -11.333637193, -11.332946942, 
-11.331137478, -11.329956137, -11.3256187709999, -11.3241623719999, -11.3206964549999, -11.3192429549999, -11.317392802, -11.3168475009999, -11.3160856929999, -11.3157199679999, -11.3156035269999, -11.3153311449999, -11.3153441979999, -11.314849706, -11.3141514309999, -11.313798632, -11.313257753, -11.312448478, -11.3109182089999, -11.3087923109999, -11.3050101259999, -11.302868931, -11.2977536159999, -11.2961985819999, -11.2948806579999, -11.293345012, -11.292171073, -11.290360861, -11.28806516, 
-11.28118462, -11.2772516739999, -11.2761684519999, -11.272233586, -11.270010423, -11.268429586, -11.257804397, -11.251355989, -11.249581486, -11.2456179169999, -11.2403248919999, -11.2298253959999, -11.227147504, -11.2233182559999, -11.221537604, -11.219780498, -11.2168322389999, -11.216148968, -11.215016782, -11.213573534, -11.212070937, -11.2113454939999, -11.2108389759999, -11.210809871, -11.2112288389999, -11.2112041459999, -11.2116255469999, -11.2116869179999, -11.2114823099999, -11.210554197, 
-11.2102135639999, -11.2085416429999, -11.205593701, -11.2031715959999, -11.199417179, -11.19715302, -11.1957496809999, -11.193484263, -11.191500549, -11.190591404, -11.189324384, -11.1876587999999, -11.1870330159999, -11.186620542, -11.185685487, -11.18602399, -11.1862955139999, -11.1887688679999, -11.190314041, -11.190231563, -11.1898295829999, -11.1893251599999, -11.1878908559999, -11.1863923159999, -11.1825559559999, -11.180607417, -11.173278406, -11.1707905559999, -11.169434913, -11.1665879559999, 
-11.164100485, -11.1588188059999, -11.156308261, -11.155491538, -11.1518703259999, -11.150919658, -11.149925868, -11.1472657959999, -11.145123982, -11.1420125959999, -11.137801402, -11.1348656579999, -11.1305079869999, -11.1270703259999, -11.1243909239999, -11.123533492, -11.121723846, -11.1210415629999, -11.1202752989999, -11.1197396289999, -11.1187260029999, -11.11782088, -11.116144054, -11.115324734, -11.1124743999999, -11.1114993059999, -11.1101353929999, -11.1091379589999, -11.107546583, -11.10677382, 
-11.1060048109999, -11.1049558579999, -11.1044634619999, -11.103775877, -11.102730226, -11.102188138, -11.101825237, -11.1011362429999, -11.1009103259999, -11.1004078889999, -11.0998626939999, -11.0994080149999, -11.0985464589999, -11.098146603, -11.097536798, -11.095755952, -11.094252303, -11.0937039799999, -11.0922064909999, -11.089581181, -11.0824273209999, -11.079117417, -11.0749495429999, -11.070886072, -11.0686656419999, -11.0635832169999, -11.060999023, -11.0586140439999, -11.057794546, -11.0554449109999, 
-11.0548158129999, -11.050520467, -11.0485768779999, -11.047457977, -11.0452426479999, -11.044292444, -11.04140586, -11.039328876, -11.038465732, -11.0364761919999, -11.03457808, -11.0321287539999, -11.0302305339999, -11.0259720879999, -11.023614597, -11.022438295, -11.0207972519999, -11.018241974, -11.0165137889999, -11.0158828519999, -11.0144229059999, -11.011048813, -11.01044549, -11.0073064189999, -11.005265396, -11.0044569849999, -11.0039529189999, -11.0030939839999, -11.0024996, -11.000419349, 
-10.9998833019999, -10.9994530389999, -10.998477759, -10.997926765, -10.9963743219999, -10.9948422149999, -10.9930389759999, -10.9912539109999, -10.9902942689999, -10.9878935789999, -10.9856321039999, -10.9845455089999, -10.980704427, -10.9780081509999, -10.9761148739999, -10.974852107, -10.97354031, -10.972865841, -10.9719219629999, -10.9694884399999, -10.9682825479999, -10.966703625, -10.9646387219999, -10.9639142029999, -10.96207142, -10.958321261, -10.9528123299999, -10.9490154629999, -10.945196616, 
-10.9441611579999, -10.9426221989999, -10.9397506989999, -10.938083246, -10.937087717, -10.9362372439999, -10.931692774, -10.9276717819999, -10.925577582, -10.923003399, -10.9209083289999, -10.9200904819999, -10.919363017, -10.919040168, -10.9188413119999, -10.919577499, -10.9207172709999, -10.9223736369999, -10.922804857, -10.9231422589999, -10.922808833, -10.9218078609999, -10.918770942, -10.9165035739999, -10.915195221, -10.909848247, -10.904534258, -10.898063685, -10.895393353, -10.8856668829999, 
-10.884135314, -10.87956578, -10.878161306, -10.876312132, -10.8711608419999, -10.869355275, -10.868273267, -10.866384958, -10.864050333, -10.8616236239999, -10.8590203849999, -10.857984181, -10.857096261, -10.8545935179999, -10.853563837, -10.8477601349999, -10.8469023429999, -10.844876255, -10.8436198049999, -10.842176193, -10.841052455, -10.8401172089999, -10.838531988, -10.8373692019999, -10.835066897, -10.833990212, -10.832765447, -10.831872186, -10.8284884729999, -10.8253895329999, -10.8245810589999, 
-10.8235427409999, -10.8223342599999, -10.822024464, -10.8213710689999, -10.820183522, -10.819105038, -10.8185794639999, -10.8165115589999, -10.815579709, -10.8135995669999, -10.8126550119999, -10.8119415809999, -10.8103542229999, -10.810016782, -10.8095087679999, -10.80800671, -10.8074724559999, -10.807496365, -10.807156046, -10.80667463, -10.805214174, -10.8049899239999, -10.8037892089999, -10.803212213, -10.802833357, -10.8016121429999, -10.801491433, -10.8002222029999, -10.7992753659999, -10.7984187289999, 
-10.796256253, -10.7936784559999, -10.7904179889999, -10.7894661869999, -10.7856508469999, -10.781975518, -10.7800746479999, -10.779560644, -10.7794193039999, -10.779352684, -10.779876522, -10.780976026, -10.7811134839999, -10.7810041599999, -10.7805854269999, -10.779900158, -10.7784425479999, -10.7765828789999, -10.775394807, -10.774539058, -10.773585916, -10.7726673459999, -10.7709901419999, -10.769586884, -10.7673564359999, -10.7646972469999, -10.7622635759999, -10.7589637789999, -10.7569283569999, 
-10.754528395, -10.7533993239999, -10.7519074189999, -10.7487980839999, -10.747433615, -10.744769708, -10.743456297, -10.7388818959999, -10.7350250779999, -10.731208668, -10.7222227299999, -10.721181118, -10.716300113, -10.7138894349999, -10.7073315769999, -10.699581623, -10.6908535859999, -10.6879982199999, -10.686416326, -10.6852433079999, -10.683796963, -10.6815714949999, -10.678767805, -10.6756030419999, -10.6745683259999, -10.6727108049999, -10.670547564, -10.6678664659999, -10.666772619, -10.6656522409999, 
-10.6623626909999, -10.6608758429999, -10.6597523309999, -10.6573909079999, -10.6564193739999, -10.6558128469999, -10.654543444, -10.6511773949999, -10.650194695, -10.6490240269999, -10.64818236, -10.6476514339999, -10.646580345, -10.6459605049999, -10.645660597, -10.6455731169999, -10.6457707279999, -10.645479441, -10.644895192, -10.6441904859999, -10.642983361, -10.642264183, -10.640554105, -10.6386484259999, -10.6365280909999, -10.6345776209999, -10.6335805509999, -10.632858521, -10.631973568, 
-10.6307178239999, -10.628995452, -10.6281446369999, -10.626975129, -10.6247924229999, -10.622973001, -10.621537787, -10.6207744579999, -10.618686789, -10.617699467, -10.616737451, -10.6149750659999, -10.614411304, -10.6124785399999, -10.609489725, -10.608130982, -10.60369315, -10.601474255, -10.60042993, -10.5983886649999, -10.597477636, -10.5965691819999, -10.5958777759999, -10.5927272759999, -10.590881131, -10.5894659879999, -10.5866041369999, -10.5833445399999, -10.5808997399999, -10.5791519119999, 
-10.5749463389999, -10.569129933, -10.567187911, -10.5651047019999, -10.563652235, -10.561491169, -10.555925257, -10.5549201519999, -10.553752552, -10.5519067429999, -10.548614924, -10.5433664129999, -10.5427827429999, -10.5411665199999, -10.5397653419999, -10.5366121879999, -10.5345256529999, -10.5306064119999, -10.528070479, -10.5268375759999, -10.525068724, -10.5238938549999, -10.519710485, -10.518739818, -10.5180523339999, -10.5158273289999, -10.5150027669999, -10.5129499289999, -10.5106919029999, 
-10.508616259, -10.50446827, -10.502531059, -10.5015842029999, -10.500370387, -10.4986677159999, -10.497717289, -10.4971303209999, -10.4951499159999, -10.4941559669999, -10.4934311669999, -10.4924181119999, -10.4915315699999, -10.489631017, -10.4879150239999, -10.4849855809999, -10.482896011, -10.4809484819999, -10.477011067, -10.4752291739999, -10.472755328, -10.471070997, -10.4690752709999, -10.467766006, -10.4659052399999, -10.4650076099999, -10.464319459, -10.463407794, -10.462952469, -10.46272295, 
-10.4629647259999, -10.4637250599999, -10.464067919, -10.464470257, -10.464480992, -10.4640220059999, -10.4627815089999, -10.460593048, -10.455566361, -10.45488967, -10.4531418309999, -10.450954972, -10.447599002, -10.43922182, -10.4355888499999, -10.433822671, -10.432150692, -10.4290741539999, -10.4293075809999, -10.4299242939999, -10.430255341, -10.4311659679999)))"
1100114,Jaru,11,RO,"list(list(c(-62.146833869, -62.1448127159999, -62.1425317389999, -62.141477492, -62.140612816, -62.140006433, -62.1392273059999, -62.1383654639999, -62.137954045, -62.136894197, -62.134639185, -62.135644903, -62.1360390099999, -62.1373615799999, -62.137285537, -62.1368058719999, -62.1371761459999, -62.1368671519999, -62.1380297519999, -62.138170125, -62.138031274, -62.138452097, -62.1389860349999, -62.1408677679999, -62.140140882, -62.1416438309999, -62.142782234, -62.144695841, -62.145863036, -62.146002643, 
-62.145395105, -62.1445863449999, -62.1456673199999, -62.142089287, -62.138143159, -62.133722255, -62.133703869, -62.135171874, -62.134637067, -62.135588158, -62.135338221, -62.139201568, -62.140921313, -62.1398027539999, -62.139221437, -62.139537025, -62.13850767, -62.1395388989999, -62.1402571579999, -62.1399219209999, -62.141062787, -62.141723609, -62.14039815, -62.140033959, -62.141393154, -62.141720435, -62.1417586279999, -62.141227714, -62.140612645, -62.140365927, -62.1406467449999, -62.13847566, 
-62.136614135, -62.135364959, -62.138192509, -62.139834395, -62.140195146, -62.139555548, -62.139007784, -62.1376762569999, -62.138060241, -62.13749827, -62.137252163, -62.135924292, -62.1356196079999, -62.134229375, -62.132480331, -62.132560637, -62.1303962519999, -62.130507363, -62.129890052, -62.124120305, -62.1220040349999, -62.131408014, -62.2596611289999, -62.2937316109999, -62.328076017, -62.354510904, -62.3684332609999, -62.3857479109999, -62.4136266259999, -62.447400054, -62.4744128739999, 
-62.488454242, -62.4999784729999, -62.525258753, -62.554540556, -62.5828833569999, -62.613162728, -62.6392959419999, -62.6643774739999, -62.6905297339999, -62.7070566, -62.7171484609999, -62.7408076359999, -62.747140264, -62.776263387, -62.799022071, -62.8028209809999, -62.830604269, -62.8555250209999, -62.8913964129999, -62.8948197299999, -62.897209214, -62.900516001, -62.902537454, -62.903099987, -62.905845762, -62.9096238969999, -62.911604837, -62.916119696, -62.9194319219999, -62.9232156269999, 
-62.9245438099999, -62.9279586949999, -62.931954083, -62.9340124889999, -62.938570446, -62.9433753579999, -62.947703983, -62.948728766, -62.9520445299999, -62.9549812499999, -62.956014708, -62.9564019199999, -62.958564283, -62.962542399, -62.9662055439999, -62.9692364, -62.973927324, -62.9743189719999, -62.9800681579999, -62.981928808, -62.9846825189999, -62.9882930679999, -62.990847688, -62.9936811, -62.9967057319999, -63.000648718, -63.002126899, -63.002920144, -63.0056787979999, -63.006873982, 
-63.0217814419999, -63.027261158, -63.0305353299999, -63.032876228, -63.0377630419999, -63.0390704149999, -63.0402616379999, -63.041181588, -63.042942211, -63.04551057, -63.046514014, -63.047348458, -63.048346916, -63.0496761959999, -63.0525455209999, -63.056541172, -63.0572093, -63.059850714, -63.061655115, -63.0655162039999, -63.0662887389999, -63.07006686, -63.07563298, -63.0788258429999, -63.0799441229999, -63.0820911219999, -63.083733955, -63.0855403649999, -63.0875067929999, -63.0892159119999, 
-63.0925403859999, -63.09442928, -63.095234572, -63.096873267, -63.0988468729999, -63.100097222, -63.1010108619999, -63.10205494, -63.107207054, -63.110961039, -63.114428261, -63.115210955, -63.11627572, -63.1176975369999, -63.1216952369999, -63.123341796, -63.125403751, -63.12709386, -63.129291592, -63.1312356989999, -63.133152932, -63.135398212, -63.1375683829999, -63.1411277299999, -63.142629948, -63.142955687, -63.1449485119999, -63.143543627, -63.143624109, -63.143182835, -63.1440904369999, 
-63.145394787, -63.1448229419999, -63.143065222, -63.1426800299999, -63.14301852, -63.142898611, -63.141214178, -63.138263252, -63.139729853, -63.138931988, -63.1351541779999, -63.133711894, -63.132650242, -63.1314270569999, -63.130259673, -63.1284492949999, -63.1237038229999, -63.1220128409999, -63.120463425, -63.120317406, -63.119315661, -63.116906821, -63.116131918, -63.113099274, -63.111986171, -63.109843677, -63.1088134679999, -63.105426853, -63.103677164, -63.1012063899999, -63.0989337749999, 
-63.097790072, -63.097820374, -63.098293578, -63.0980138229999, -63.096540445, -63.0953215789999, -63.0936760939999, -63.0919849009999, -63.0903773009999, -63.089043483, -63.0832625249999, -63.081673477, -63.0804812199999, -63.0796835059999, -63.0781782879999, -63.076786643, -63.072903267, -63.0680424139999, -63.0650428559999, -63.063900025, -63.0627605489999, -63.063451646, -63.063819591, -63.0631801219999, -63.05876217, -63.05398496, -63.053202898, -63.052761655, -63.052182187, -63.050923299, -63.049510552, 
-63.049154302, -63.0474840479999, -63.0466554259999, -63.0444593739999, -63.042792143, -63.03743044, -63.0362892599999, -63.033595323, -63.032760304, -63.029347123, -63.028174505, -63.027093282, -63.025681888, -63.0248999909999, -63.023479941, -63.0207882929999, -63.0183235009999, -63.0115416929999, -63.01095406, -63.010124181, -63.0031787089999, -63.0005658599999, -63.000540487, -63.0002599469999, -62.998034253, -62.9972291409999, -62.996489162, -62.9947025109999, -62.9927123399999, -62.9921332289999, 
-62.990402639, -62.988812496, -62.9878465599999, -62.9860353659999, -62.9834582439999, -62.9823514859999, -62.979785126, -62.97928927, -62.979707728, -62.980478811, -62.980704278, -62.980372604, -62.978319976, -62.9780427299999, -62.978451028, -62.9784526879999, -62.977315731, -62.975959277, -62.9748427199999, -62.9743413619999, -62.9728470729999, -62.9711488009999, -62.970539887, -62.9671514109999, -62.9659264529999, -62.964870877, -62.963844734, -62.9623466479999, -62.961344262, -62.961039549, 
-62.9609834899999, -62.959428192, -62.957599087, -62.953539444, -62.95106724, -62.951066965, -62.9517365679999, -62.9519041929999, -62.9515948069999, -62.9510109929999, -62.949405639, -62.9478743039999, -62.9469844349999, -62.946151634, -62.9454580739999, -62.943085358, -62.942208523, -62.939346396, -62.9379253749999, -62.936015461, -62.9354234449999, -62.9350655269999, -62.934233782, -62.93356539, -62.932787397, -62.932514833, -62.933203761, -62.9343119719999, -62.935372062, -62.9344526889999, -62.9347847999999, 
-62.933648439, -62.9313698929999, -62.931175114, -62.932617067, -62.932985221, -62.932398736, -62.9290127329999, -62.92731967, -62.9264532509999, -62.926654546, -62.925319638, -62.923812194, -62.9225661689999, -62.922209447, -62.9225371809999, -62.923539795, -62.922820174, -62.921957435, -62.92159325, -62.9211562169999, -62.920423587, -62.919683576, -62.919007748, -62.9188976549999, -62.918294568, -62.91997792, -62.919565835, -62.9186772589999, -62.917402547, -62.914646182, -62.915035809, -62.916036264, 
-62.9165916979999, -62.91617619, -62.9153194639999, -62.914680148, -62.9135384209999, -62.9119271869999, -62.911366782, -62.9125352509999, -62.911904621, -62.909931768, -62.9079301799999, -62.9074975329999, -62.906873019, -62.90359418, -62.9027353509999, -62.9023158959999, -62.90164845, -62.9010354189999, -62.900152046, -62.8988120669999, -62.896901998, -62.8956175019999, -62.89512229, -62.8957830599999, -62.894483951, -62.893154277, -62.892228049, -62.891846785, -62.8907064839999, -62.889595414, 
-62.8874571829999, -62.886124218, -62.884701861, -62.882224811, -62.880675627, -62.87979113, -62.8795639849999, -62.8786453709999, -62.8776800259999, -62.8762618929999, -62.875643015, -62.87514573, -62.8733927359999, -62.8703140739999, -62.8692063879999, -62.8680145709999, -62.8675037069999, -62.8671817789999, -62.8656746489999, -62.865066912, -62.86440003, -62.8635069279999, -62.863151476, -62.861346751, -62.860207401, -62.8597868909999, -62.8597880969999, -62.858788697, -62.856869463, -62.8562317299999, 
-62.85503822, -62.8530982239999, -62.852643212, -62.850977278, -62.849064323, -62.848264934, -62.8474579689999, -62.846590167, -62.8457031589999, -62.8450650679999, -62.845677556, -62.844204812, -62.844451013, -62.8452339079999, -62.84481636, -62.8440093219999, -62.8417656469999, -62.840011195, -62.8386743149999, -62.83784566, -62.836566176, -62.836122249, -62.836538482, -62.8348397429999, -62.8332574489999, -62.8320369689999, -62.8315077819999, -62.831344185, -62.8312103549999, -62.828925473, -62.827896375, 
-62.828013329, -62.826928992, -62.82687341, -62.8274511059999, -62.826867438, -62.8230404989999, -62.8223403119999, -62.8223951689999, -62.8235665489999, -62.824227439, -62.8226183589999, -62.8220925339999, -62.8210642529999, -62.819730132, -62.8179778459999, -62.8172029139999, -62.817984172, -62.81842701, -62.8180647419999, -62.816870862, -62.8160340459999, -62.815894051, -62.814978261, -62.813978601, -62.813368977, -62.812227084, -62.810979379, -62.809869501, -62.809372702, -62.8080948079999, -62.804924058, 
-62.801509624, -62.800145148, -62.7990144069999, -62.79809373, -62.7975095669999, -62.7965076669999, -62.7944262979999, -62.7935699199999, -62.794315351, -62.7959536659999, -62.796644901, -62.796564047, -62.7979592169999, -62.799093328, -62.798453631, -62.79770245, -62.79631205, -62.794727806, -62.7913434399999, -62.790534479, -62.7913145989999, -62.791672895, -62.7915915599999, -62.7922291199999, -62.791702449, -62.792119311, -62.7919790869999, -62.790560403, -62.7882937309999, -62.7887856129999, 
-62.78851422, -62.788451893, -62.7877354039999, -62.7893113809999, -62.7898428519999, -62.7892275129999, -62.78853567, -62.788401735, -62.7891201589999, -62.7899308649999, -62.7910097349999, -62.791738022, -62.792844756, -62.7939325769999, -62.794651614, -62.7958668299999, -62.795538181, -62.7954537999999, -62.794262698, -62.7929001039999, -62.791508196, -62.7922319739999, -62.792619535, -62.79275969, -62.7900661929999, -62.789564147, -62.787289309, -62.786509505, -62.785287476, -62.784785005, -62.785007088, 
-62.7837327859999, -62.7828943809999, -62.78270607, -62.781726152, -62.780453602, -62.780457082, -62.779561668, -62.7774777549999, -62.775478316, -62.773650153, -62.7726996649999, -62.7717044819999, -62.7706486169999, -62.7686154829999, -62.768200491, -62.766088958, -62.765817746, -62.766587882, -62.7662579159999, -62.764986149, -62.764257506, -62.763015716, -62.7625639899999, -62.762560803, -62.7620350909999, -62.761700695, -62.7605953889999, -62.7608690549999, -62.759864137, -62.760736735, -62.7613939759999, 
-62.7619748719999, -62.7627854969999, -62.762263343, -62.7622294229999, -62.7607554539999, -62.759263822, -62.759148774, -62.7580631969999, -62.756533206, -62.7556188549999, -62.754204452, -62.7525023279999, -62.75117341, -62.75009269, -62.749594173, -62.748675393, -62.7484000299999, -62.747480287, -62.746901067, -62.74626088, -62.74587469, -62.744866838, -62.744341912, -62.743591319, -62.742702752, -62.7420430469999, -62.741506009, -62.7406483029999, -62.739038976, -62.739563603, -62.739093673, 
-62.7377361169999, -62.736728167, -62.736152509, -62.7355148739999, -62.736348064, -62.7362009029999, -62.731948676, -62.7317272369999, -62.7323143069999, -62.731841663, -62.7315608009999, -62.731951935, -62.7318163949999, -62.7308158299999, -62.730255652, -62.729342213, -62.7290055089999, -62.7279205449999, -62.726063314, -62.72347948, -62.7227594019999, -62.724174961, -62.7239733379999, -62.723093824, -62.7226487669999, -62.720818165, -62.7205406779999, -62.717537677, -62.7158971459999, -62.7145096479999, 
-62.7148171559999, -62.714761526, -62.713680207, -62.7106527829999, -62.708813912, -62.7062078499999, -62.7060702579999, -62.705261573, -62.7050390439999, -62.704703374, -62.703563586, -62.6998402729999, -62.69881256, -62.6991456489999, -62.697533788, -62.697476861, -62.696175163, -62.6947619229999, -62.692981651, -62.691702626, -62.689866196, -62.688430161, -62.6862299409999, -62.68567428, -62.683751921, -62.682313424, -62.682738063, -62.6818648729999, -62.678755144, -62.677064054, -62.6761621339999, 
-62.671587187, -62.6706542399999, -62.6709009309999, -62.6718722519999, -62.670620651, -62.6687852049999, -62.667181761, -62.667259403, -62.6681456699999, -62.6675409689999, -62.666316838, -62.664923321, -62.655649897, -62.6545620089999, -62.6549283029999, -62.6549218689999, -62.652921319, -62.6516442589999, -62.6503381199999, -62.6500404339999, -62.650145068, -62.649982844, -62.652142219, -62.653893613, -62.653894686, -62.652178593, -62.651368175, -62.649761187, -62.649591231, -62.649870491, -62.648865798, 
-62.648871371, -62.647458349, -62.645451048, -62.6452303679999, -62.6453669579999, -62.643708067, -62.643809546, -62.6466689619999, -62.647618381, -62.6465894399999, -62.6461793409999, -62.6472613409999, -62.647260983, -62.6480633269999, -62.64939753, -62.64926402, -62.648290575, -62.6444813889999, -62.6446982929999, -62.64439884, -62.6434475309999, -62.643314236, -62.6408991009999, -62.6403696479999, -62.6397858079999, -62.638171761, -62.636426385, -62.6359805209999, -62.6350387159999, -62.63078475, 
-62.6282266699999, -62.625119664, -62.625317475, -62.627145813, -62.627816311, -62.629004498, -62.631037663, -62.631424582, -62.627974315, -62.626645012, -62.6238668869999, -62.621005853, -62.6206162479999, -62.620753569, -62.625836876, -62.62723027, -62.627394924, -62.626589481, -62.6252032229999, -62.623592688, -62.622673643, -62.621619023, -62.620401203, -62.6197822129999, -62.6195933289999, -62.618786348, -62.6184757869999, -62.6175075779999, -62.6162858309999, -62.6161431419999, -62.615455591, 
-62.613847615, -62.613842104, -62.613534108, -62.6122312479999, -62.61039669, -62.608787079, -62.606786846, -62.600842524, -62.59814548, -62.596729262, -62.5958925919999, -62.5952034889999, -62.5945044749999, -62.5941257259999, -62.593120062, -62.592757468, -62.5903125569999, -62.586733258, -62.586008847, -62.583173572, -62.581066575, -62.57986738, -62.580531013, -62.580703085, -62.580409345, -62.579758899, -62.57978673, -62.579591521, -62.5775977829999, -62.576390435, -62.575892522, -62.57523288, 
-62.5735083449999, -62.571920561, -62.5718065889999, -62.57250665, -62.5726177649999, -62.571673624, -62.5715637049999, -62.5727307629999, -62.5739467129999, -62.575062922, -62.574565997, -62.5735365359999, -62.5743072779999, -62.575232516, -62.5762578109999, -62.57711694, -62.577872272, -62.57805789, -62.5799558849999, -62.5818699329999, -62.581844809, -62.5829540009999, -62.583456022, -62.585143795, -62.5867000069999, -62.5869272119999, -62.586982333, -62.588394036, -62.589585824, -62.591588255, 
-62.592316019, -62.59200494, -62.5920345369999, -62.592366768, -62.593591655, -62.5946492689999, -62.5952042969999, -62.5956998039999, -62.5964796949999, -62.597008248, -62.597177991, -62.599423293, -62.600132059, -62.60270524, -62.6048740769999, -62.607367116, -62.609479912, -62.609619589, -62.609954114, -62.611842353, -62.6140927129999, -62.6151991309999, -62.616643717, -62.6183384059999, -62.619924255, -62.6218957419999, -62.622536946, -62.623771834, -62.62740038, -62.6282868229999, -62.629951202, 
-62.631838666, -62.6318485529999, -62.63264064, -62.633788124, -62.635119116, -62.636561597, -62.637779462, -62.639176843, -62.6406534119999, -62.6439207779999, -62.645315642, -62.646625463, -62.6466205979999, -62.650727921, -62.651561387, -62.6526425609999, -62.654086722, -62.6562610499999, -62.6594034499999, -62.6635961379999, -62.665561, -62.6692811129999, -62.672200293, -62.6726774939999, -62.673734389, -62.675169737, -62.678286726, -62.6800405139999, -62.681448223, -62.682706308, -62.688251581, 
-62.6895340809999, -62.6910932179999, -62.6922436019999, -62.6970608449999, -62.698339182, -62.699585385, -62.701677398, -62.7067083579999, -62.7082303279999, -62.7102429239999, -62.713008983, -62.7145358039999, -62.715701138, -62.717402437, -62.718286997, -62.7225908419999, -62.724205738, -62.725337058, -62.727261406, -62.729956579, -62.7332867959999, -62.734782574, -62.735674752, -62.736453591, -62.737925961, -62.74222687, -62.742925961, -62.741928684, -62.74120397, -62.742262501, -62.743289228, 
-62.744265257, -62.7452805329999, -62.746341768, -62.7475646939999, -62.750788847, -62.7509503579999, -62.750653523, -62.7504000279999, -62.750678188, -62.7526464819999, -62.754729648, -62.7560345869999, -62.7572008929999, -62.759983102, -62.761787291, -62.76281468, -62.7654257089999, -62.7688177809999, -62.771514018, -62.772539309, -62.7735208599999, -62.775766988, -62.777443099, -62.777850643, -62.7789167779999, -62.7818188789999, -62.781983233, -62.784023846, -62.7865760549999, -62.78739503, -62.7882111779999, 
-62.7882946619999, -62.7880542629999, -62.78796767, -62.788172296, -62.7884109459999, -62.7633324779999, -62.75207502, -62.693020474, -62.670774691, -62.6699813279999, -62.6699436239999, -62.6200341369999, -62.616034054, -62.585437381, -62.5849934, -62.5603152819999, -62.5581938699999, -62.557719761, -62.513288659, -62.5003736129999, -62.4874137889999, -62.467759396, -62.4674343459999, -62.4668260289999, -62.4660043709999, -62.4638430649999, -62.460515621, -62.4592153069999, -62.458007052, -62.4564198129999, 
-62.4498954629999, -62.446506383, -62.4431132539999, -62.440698486, -62.439447943, -62.436170502, -62.431091619, -62.4274784559999, -62.425591211, -62.422951471, -62.422145003, -62.4178386849999, -62.41706449, -62.4160289129999, -62.414170543, -62.4135301319999, -62.41306359, -62.412874989, -62.4115358129999, -62.4091471999999, -62.408334086, -62.4075928629999, -62.4060867969999, -62.404451158, -62.400731733, -62.3995072549999, -62.3984746949999, -62.3952008909999, -62.3938685479999, -62.3924786489999, 
-62.391898326, -62.3910038079999, -62.391004102, -62.390809607, -62.38986715, -62.3885027379999, -62.387087733, -62.385556819, -62.3839501529999, -62.3839523799999, -62.3857814079999, -62.385618565, -62.383781982, -62.3834186729999, -62.381671459, -62.379399125, -62.377637536, -62.374364908, -62.373785163, -62.3723597649999, -62.372197443, -62.3725346969999, -62.372395942, -62.3719680719999, -62.368668915, -62.367668635, -62.3666685359999, -62.365920143, -62.364864879, -62.364032598, -62.363531428, 
-62.3626990999999, -62.3619502, -62.359120945, -62.3567270619999, -62.354973959, -62.3538430739999, -62.353035478, -62.353945377, -62.3526985989999, -62.3513418609999, -62.350120769, -62.3495332209999, -62.348807838, -62.3470080879999, -62.3453900179999, -62.343315173, -62.3405577879999, -62.340421099, -62.341060896, -62.33894622, -62.339583635, -62.3390474729999, -62.338853953, -62.338228401, -62.336230245, -62.3330361689999, -62.329145217, -62.326755136, -62.3236201129999, -62.321307271, -62.318197046, 
-62.316647412, -62.3129188489999, -62.3118088299999, -62.31089251, -62.3068650069999, -62.3053100169999, -62.303314864, -62.2990828699999, -62.296565075, -62.2949197989999, -62.2918060309999, -62.290696773, -62.2913895139999, -62.292439201, -62.290696682, -62.289559597, -62.2878730939999, -62.2863884659999, -62.284782997, -62.283924605, -62.282451323, -62.279699192, -62.277561537, -62.275447276, -62.273810054, -62.272252577, -62.271978543, -62.269508618, -62.266977797, -62.265784999, -62.263811376, 
-62.2631438799999, -62.26336527, -62.262760008, -62.25947394, -62.256418993, -62.2566708069999, -62.256084207, -62.255316475, -62.254224641, -62.2526980759999, -62.2537542779999, -62.2534279959999, -62.2524468329999, -62.251369439, -62.2512790959999, -62.2503973869999, -62.249336617, -62.248604058, -62.2471480149999, -62.2448102819999, -62.2414784209999, -62.237591905, -62.235556454, -62.233566214, -62.2318632459999, -62.230536456, -62.229898631, -62.22978015, -62.2274566569999, -62.2268446839999, 
-62.226721852, -62.2262845669999, -62.224254049, -62.2221989229999, -62.218041284, -62.21600677, -62.2125882459999, -62.209698281, -62.20231211, -62.199979355, -62.200251672, -62.201642121, -62.198116319, -62.1917829889999, -62.1898000109999, -62.1882303529999, -62.183431059, -62.1815834, -62.179502811, -62.1783679339999, -62.177557216, -62.176310894, -62.17583598, -62.1765149679999, -62.1765834889999, -62.1757245699999, -62.174332194, -62.1733397959999, -62.171725665, -62.171424492, -62.171449136, 
-62.170617972, -62.169365024, -62.166110438, -62.1630904, -62.162313658, -62.161111631, -62.15989098, -62.1594761489999, -62.1579467339999, -62.156583501, -62.1555334889999, -62.151026937, -62.150226664, -62.148472861, -62.147619038, -62.146833869, -10.2236129139999, -10.2241205759999, -10.223539397, -10.22365683, -10.2245093029999, -10.225429718, -10.226057978, -10.225560769, -10.2247192639999, -10.2244400889999, -10.2247295949999, -10.228383729, -10.23061559, -10.235157419, -10.2355031999999, -10.237697575, 
-10.239282516, -10.2422562909999, -10.2430496179999, -10.245671939, -10.2473760609999, -10.2527031999999, -10.255607707, -10.258939073, -10.2605700239999, -10.261456032, -10.262723634, -10.2643794419999, -10.263608027, -10.265483423, -10.2677759109999, -10.269700857, -10.2705444589999, -10.2734732239999, -10.27551379, -10.2747916439999, -10.2761703929999, -10.279277387, -10.2808848019999, -10.2823567689999, -10.2836078299999, -10.284693898, -10.2897298459999, -10.2904419019999, -10.2908110159999, 
-10.291716637, -10.292807092, -10.2934880199999, -10.294851095, -10.2959797949999, -10.2963436359999, -10.2978155969999, -10.299180323, -10.300354527, -10.301674748, -10.3034200999999, -10.3048627939999, -10.3094084749999, -10.3103802769999, -10.311399315, -10.3123702669999, -10.3156099589999, -10.3196255739999, -10.3217873149999, -10.3241168779999, -10.3261544929999, -10.3273536019999, -10.331257238, -10.332641144, -10.334161063, -10.335586173, -10.3368799909999, -10.3382384569999, -10.3391949839999, 
-10.3398438319999, -10.342799957, -10.3433649029999, -10.345018829, -10.3457696929999, -10.347202543, -10.3480884849999, -10.3520729949999, -10.355000763, -10.3633337139999, -10.476848439, -10.506798664, -10.536978684, -10.5601212169999, -10.572294188, -10.587454593, -10.6118366909999, -10.641361349, -10.6649630909999, -10.677228132, -10.6873260449999, -10.7094727229999, -10.7352618909999, -10.7602115639999, -10.7868536279999, -10.8098358569999, -10.831884258, -10.85486585, -10.869382211, -10.8782451349999, 
-10.8990598949999, -10.904630769, -10.9302375519999, -10.950241261, -10.9535818219999, -10.9779881009999, -10.999871094, -11.030610018, -11.0305563119999, -11.0290458759999, -11.0314896959999, -11.0308856789999, -11.028545019, -11.027946788, -11.0327359259999, -11.0339030579999, -11.033735109, -11.033067521, -11.031587015, -11.031067425, -11.03344415, -11.033865891, -11.0323121939999, -11.031696634, -11.029241362, -11.0292134189999, -11.0301846499999, -11.033327221, -11.0363761999999, -11.0360403049999, 
-11.0343592739999, -11.0331859289999, -11.033070549, -11.0324450169999, -11.0306929619999, -11.031075024, -11.032505279, -11.0343184969999, -11.032922401, -11.0316002459999, -11.0332641149999, -11.0362003359999, -11.036940373, -11.0359149439999, -11.0366822179999, -11.0377122, -11.038470034, -11.0398144989999, -11.039975994, -11.039779663, -11.0398426079999, -11.0400848479999, -11.0396628519999, -11.03843118, -11.0380735869999, -11.037482596, -11.037625258, -11.0384866379999, -11.041134697, -11.042735984, 
-11.0449123969999, -11.0467363259999, -11.0485987229999, -11.0515862369999, -11.054072096, -11.054685014, -11.0557167169999, -11.0569501039999, -11.0589875549999, -11.059600019, -11.0604057649999, -11.0598752229999, -11.0588744099999, -11.058736679, -11.057817816, -11.0573526539999, -11.056199056, -11.0553927679999, -11.0544681259999, -11.0536983439999, -11.0547001879999, -11.0555698009999, -11.0567988589999, -11.059286755, -11.060009965, -11.0608584459999, -11.061337589, -11.0623914009999, -11.0639745979999, 
-11.065962085, -11.066749157, -11.0688001479999, -11.0706430139999, -11.0710509109999, -11.0713797159999, -11.0714343219999, -11.0721897729999, -11.073659112, -11.074600817, -11.07474098, -11.0745371749999, -11.07392283, -11.073224049, -11.0713967219999, -11.066968962, -11.0636430119999, -11.057687416, -11.054959161, -11.050475712, -11.0485482949999, -11.047275536, -11.0441209489999, -11.0396964299999, -11.037385897, -11.032327041, -11.029713765, -11.0284845629999, -11.0242750249999, -11.0228912069999, 
-11.0207885829999, -11.018803198, -11.0174961, -11.0157398769999, -11.013203992, -11.011932455, -11.0111803439999, -11.010985337, -11.010480692, -11.0091685969999, -11.00626198, -11.0022692529999, -10.9986854319999, -10.998139247, -10.998440861, -10.998295136, -10.998519423, -10.998389994, -10.9969266159999, -10.9954370839999, -10.993333564, -10.992338366, -10.990342083, -10.9889821319999, -10.9870837, -10.9849019329999, -10.981890479, -10.978611465, -10.9724490669999, -10.9724909059999, -10.973225448, 
-10.974141346, -10.976383921, -10.976235957, -10.9755374719999, -10.97400706, -10.9732811379999, -10.972973625, -10.9726313269999, -10.9713991139999, -10.9697019129999, -10.9697158509999, -10.9692131809999, -10.967395831, -10.9653386669999, -10.9648132519999, -10.9651217489999, -10.9648786449999, -10.9641500589999, -10.962715331, -10.959577824, -10.9568185749999, -10.952381101, -10.9500126849999, -10.948999975, -10.9488106649999, -10.948830293, -10.949351848, -10.9518054899999, -10.9519908089999, 
-10.9518024239999, -10.9523621609999, -10.952658599, -10.951155754, -10.9508468679999, -10.94982642, -10.94822901, -10.947013966, -10.946688626, -10.9471091359999, -10.9456170299999, -10.9449549419999, -10.944602887, -10.942751544, -10.940501243, -10.938192547, -10.91262624, -10.912021471, -10.9111233959999, -10.909928486, -10.909828411, -10.90887086, -10.907789231, -10.905672055, -10.9054419929999, -10.9046101919999, -10.901974222, -10.901182819, -10.901170188, -10.9004919409999, -10.899800205, 
-10.8990819969999, -10.8985859659999, -10.8972655739999, -10.8965860659999, -10.896190536, -10.8951617609999, -10.8941676709999, -10.8924050689999, -10.891088332, -10.8904116309999, -10.890436766, -10.8907131449999, -10.8891984469999, -10.8884136079999, -10.88736936, -10.887886442, -10.8875633989999, -10.8853611169999, -10.8850153339999, -10.883279859, -10.883084432, -10.883631308, -10.884230897, -10.8848487169999, -10.8839709989999, -10.8824970199999, -10.8809852649999, -10.8803068399999, -10.87883951, 
-10.877445639, -10.8765902, -10.8769547239999, -10.8786465469999, -10.877930873, -10.8766067679999, -10.875780682, -10.875781875, -10.8772124179999, -10.876351827, -10.876111483, -10.875106517, -10.8733298689999, -10.872506635, -10.872471335, -10.872807207, -10.8719083919999, -10.871534755, -10.870989267, -10.869583049, -10.865101436, -10.863745355, -10.8623781899999, -10.8606979799999, -10.859691907, -10.8588285529999, -10.857824042, -10.857058612, -10.8561532639999, -10.853739604, -10.851547448, 
-10.8515343069999, -10.8507099339999, -10.849792383, -10.848935838, -10.8495609619999, -10.848647323, -10.8477019479999, -10.8464223119999, -10.844794392, -10.8437065489999, -10.8432485369999, -10.842695797, -10.8430122379999, -10.8442757529999, -10.8448940739999, -10.8437709889999, -10.842504773, -10.8416111249999, -10.8388803089999, -10.8379177279999, -10.837880572, -10.8383630989999, -10.835581351, -10.834810374, -10.8349793309999, -10.8341848429999, -10.831327221, -10.830547171, -10.8311366589999, 
-10.831537582, -10.8305824079999, -10.8296141919999, -10.82860643, -10.8273997499999, -10.8265272799999, -10.8260105049999, -10.8250609689999, -10.8236895979999, -10.8225843419999, -10.822038491, -10.822730752, -10.823051941, -10.822157582, -10.8219244109999, -10.8224265729999, -10.8237245209999, -10.8242161589999, -10.825438027, -10.827168695, -10.828861364, -10.829034256, -10.8302219329999, -10.8318607369999, -10.833510454, -10.8346050729999, -10.83469373, -10.835403103, -10.8350136199999, -10.836015734, 
-10.8373928209999, -10.837184678, -10.836314126, -10.835634911, -10.836062019, -10.837570366, -10.837741756, -10.837879287, -10.8376010809999, -10.8378478279999, -10.8384425819999, -10.8380831129999, -10.837516522, -10.836811344, -10.8363392379999, -10.838274234, -10.8389556829999, -10.8387656139999, -10.837577701, -10.8359553449999, -10.8357910319999, -10.8333640069999, -10.831521333, -10.8305215559999, -10.830281014, -10.829414001, -10.8284080859999, -10.8280527629999, -10.828443864, -10.828105784, 
-10.8271488459999, -10.8272796979999, -10.8278658499999, -10.827354008, -10.827584795, -10.826920698, -10.8249551289999, -10.824033044, -10.823355504, -10.8226359339999, -10.820858703, -10.820792157, -10.8216130029999, -10.8220239029999, -10.8219526789999, -10.8223623909999, -10.821539381, -10.8207570889999, -10.819671491, -10.8169478339999, -10.813890033, -10.8146934779999, -10.8144312649999, -10.8140022459999, -10.8136519599999, -10.8137263809999, -10.8132636979999, -10.811954976, -10.8108590179999, 
-10.8099038759999, -10.8093600249999, -10.808769402, -10.8071133469999, -10.805702498, -10.8051108219999, -10.804783593, -10.804299993, -10.801752422, -10.8003902909999, -10.799703987, -10.80031386, -10.80045358, -10.7992674399999, -10.798770626, -10.797684277, -10.796874562, -10.796995837, -10.7962245249999, -10.795227026, -10.7945384029999, -10.7948249729999, -10.796119888, -10.797107905, -10.797047375, -10.7953251859999, -10.793951436, -10.793765657, -10.794196465, -10.795675821, -10.7959377499999, 
-10.7957477959999, -10.7949224229999, -10.793374916, -10.793242128, -10.79245204, -10.7916346659999, -10.7899138579999, -10.788383469, -10.7882478019999, -10.786112068, -10.786118474, -10.7837706729999, -10.7831358899999, -10.7828171999999, -10.7828482039999, -10.779662869, -10.7784156609999, -10.777277684, -10.7764599609999, -10.7746051779999, -10.77279313, -10.771166589, -10.770296995, -10.7692560859999, -10.7682138059999, -10.767243128, -10.7663319649999, -10.763787585, -10.7622929229999, -10.759907142, 
-10.758799611, -10.757985575, -10.7567653099999, -10.7538576009999, -10.752402423, -10.7512598009999, -10.7498635209999, -10.7487776319999, -10.7462866099999, -10.7453228569999, -10.742721086, -10.740976489, -10.7381897529999, -10.7362976439999, -10.7356907399999, -10.7340191809999, -10.732658441, -10.731783556, -10.729461776, -10.7279661349999, -10.7277389139999, -10.7272440859999, -10.724600061, -10.723595584, -10.722765771, -10.7227133129999, -10.7231784189999, -10.7241403009999, -10.7248584139999, 
-10.7260108419999, -10.7254529969999, -10.7243234919999, -10.7236792699999, -10.7223117309999, -10.720228102, -10.71962711, -10.718756092, -10.7176126409999, -10.7170447529999, -10.717538909, -10.7164926419999, -10.716380748, -10.7171956629999, -10.7157835739999, -10.7139572519999, -10.712424896, -10.7116084859999, -10.710920149, -10.7105522089999, -10.7110017119999, -10.7110371329999, -10.7112911419999, -10.7124439299999, -10.7128904739999, -10.712711976, -10.711523825, -10.709889555, -10.7083775609999, 
-10.707846267, -10.7062254879999, -10.705600357, -10.7047291809999, -10.7037188689999, -10.702230872, -10.702236936, -10.703118076, -10.7044832369999, -10.704922961, -10.704510264, -10.705779585, -10.705853732, -10.705212387, -10.705428125, -10.705055687, -10.7042288899999, -10.704048693, -10.704994441, -10.7051290589999, -10.7044207489999, -10.7040709499999, -10.704599457, -10.703931643, -10.703203037, -10.703178237, -10.703695629, -10.7024162829999, -10.701869544, -10.701998841, -10.701624001, 
-10.7001249139999, -10.6997167129999, -10.69989025, -10.700453859, -10.700469802, -10.69928818, -10.698657869, -10.698026086, -10.694505677, -10.6938661, -10.692310728, -10.6914580959999, -10.6905965789999, -10.690238765, -10.689596811, -10.689241706, -10.687190402, -10.6865896189999, -10.6873134939999, -10.686440203, -10.685803773, -10.685910917, -10.68535574, -10.68115975, -10.679999096, -10.679463515, -10.6802359909999, -10.680492213, -10.681304784, -10.678023975, -10.677606833, -10.676416236, 
-10.6750241819999, -10.6730223469999, -10.6716023829999, -10.6710319969999, -10.671986849, -10.6738661459999, -10.6757642319999, -10.6772184069999, -10.678673435, -10.678798056, -10.678304442, -10.6788514649999, -10.6781204109999, -10.676948529, -10.6765734109999, -10.673309526, -10.672173662, -10.672953984, -10.673370534, -10.672770663, -10.6725349229999, -10.6740850559999, -10.675228659, -10.6733209119999, -10.6729900029999, -10.673143993, -10.6716216379999, -10.6712073399999, -10.6702819789999, 
-10.6705877679999, -10.670255629, -10.6709168799999, -10.6673190129999, -10.664780939, -10.6616496689999, -10.6606928999999, -10.66045605, -10.6594087119999, -10.658315339, -10.6563679819999, -10.6550088499999, -10.6557203559999, -10.6549794069999, -10.656414624, -10.6561312879999, -10.654512087, -10.653321696, -10.652453237, -10.6528477089999, -10.6527662029999, -10.652747498, -10.651249929, -10.648115553, -10.643056366, -10.641980791, -10.641020971, -10.639476495, -10.638336653, -10.637091508, 
-10.635323242, -10.634145621, -10.6332785079999, -10.6325081889999, -10.63197511, -10.6327955049999, -10.6315259449999, -10.631119695, -10.6302980979999, -10.629749681, -10.6260928739999, -10.623786029, -10.6229642649999, -10.621687339, -10.618928748, -10.6166567149999, -10.6143530029999, -10.611686868, -10.610232465, -10.608138974, -10.606660153, -10.6058930299999, -10.6052929009999, -10.605337537, -10.6044707979999, -10.6040542639999, -10.604437187, -10.6055157339999, -10.605658863, -10.6049718509999, 
-10.6034274769999, -10.6018339399999, -10.59939187, -10.5975674819999, -10.594007285, -10.593241558, -10.590973551, -10.5897566969999, -10.5891341119999, -10.587647768, -10.586197081, -10.5805037179999, -10.57867814, -10.5754872789999, -10.573245931, -10.570734696, -10.570416995, -10.569512988, -10.565072369, -10.563125863, -10.5617539219999, -10.561245694, -10.559553757, -10.5590498879999, -10.5595444209999, -10.559174741, -10.5573119739999, -10.556118359, -10.555666011, -10.55639004, -10.5560225479999, 
-10.55717371, -10.559548166, -10.560453233, -10.5601208869999, -10.5583605139999, -10.556764848, -10.555349864, -10.556063089, -10.555997326, -10.554451693, -10.5529987899999, -10.552026467, -10.5507047569999, -10.549286934, -10.5488313179999, -10.5489690949999, -10.549773697, -10.549862462, -10.5482699469999, -10.5479769079999, -10.5465996049999, -10.5471370519999, -10.5461199299999, -10.546274894, -10.5452254469999, -10.5437869429999, -10.5424197829999, -10.541981235, -10.5410092029999, -10.538107118, 
-10.536973466, -10.5359103889999, -10.5355822, -10.534408335, -10.5317590389999, -10.530580436, -10.528699421, -10.524899259, -10.521810944, -10.5198585059999, -10.517325022, -10.516494135, -10.5157382559999, -10.514472904, -10.512841624, -10.512389689, -10.5118813099999, -10.510347843, -10.510394682, -10.511082099, -10.5110519699999, -10.5096880099999, -10.5084752719999, -10.507385839, -10.506907015, -10.505904796, -10.504416874, -10.504099272, -10.5023525419999, -10.5024477989999, -10.501679498, 
-10.5001124249999, -10.4986262699999, -10.498729483, -10.499130382, -10.4999965809999, -10.5029392499999, -10.5042982759999, -10.5053996019999, -10.5058042729999, -10.505321488, -10.505956112, -10.507636337, -10.5090924419999, -10.5096946639999, -10.5105059959999, -10.511026412, -10.511634526, -10.5120486069999, -10.5127427809999, -10.515000019, -10.515453212, -10.516495225, -10.517085611, -10.5182345229999, -10.5192922759999, -10.5189861209999, -10.518321098, -10.5184625069999, -10.51833936, -10.5172674479999, 
-10.5186269199999, -10.5199077959999, -10.5196571889999, -10.517990061, -10.517407647, -10.5185912919999, -10.519825479, -10.521414303, -10.5219218999999, -10.52180285, -10.5224008819999, -10.523495154, -10.522418951, -10.522244072, -10.5238108, -10.5230038989999, -10.5240518009999, -10.5249204909999, -10.5266164979999, -10.5277210479999, -10.5300622359999, -10.5310420339999, -10.530653206, -10.5306290779999, -10.5334683089999, -10.5337550309999, -10.5334083509999, -10.5313642049999, -10.5312385819999, 
-10.5309595159999, -10.531104893, -10.5306653559999, -10.5312457169999, -10.5323229069999, -10.532469471, -10.528560761, -10.527338204, -10.5280811979999, -10.5277476789999, -10.525541066, -10.5239134659999, -10.5230577019999, -10.5233497199999, -10.5260571809999, -10.5259693149999, -10.524550715, -10.526861661, -10.5287859209999, -10.5293364399999, -10.528028227, -10.527571296, -10.525347107, -10.525894299, -10.526857094, -10.5279386879999, -10.528903564, -10.529314506, -10.52891511, -10.528147617, 
-10.5269289089999, -10.525350568, -10.524606377, -10.52280052, -10.52144157, -10.517801891, -10.51716492, -10.517243352, -10.518111921, -10.51946143, -10.5194673619999, -10.519148728, -10.5168250839999, -10.516365494, -10.5140860499999, -10.5121416659999, -10.510961693, -10.5082153819999, -10.50690929, -10.506551767, -10.507009112, -10.510046085, -10.5114991669999, -10.5113119379999, -10.508932604, -10.5086324929999, -10.507001982, -10.5062272929999, -10.505907168, -10.50570718, -10.5047769909999, 
-10.5041327499999, -10.501420987, -10.497456359, -10.4966479819999, -10.4961647839999, -10.495868783, -10.495585288, -10.4943352559999, -10.4936077889999, -10.4924814289999, -10.4920715769999, -10.4912656879999, -10.4911098349999, -10.4478130729999, -10.4283696679999, -10.326273998, -10.2877756189999, -10.2882822999999, -10.288206377, -10.326730792, -10.327775731, -10.350617827, -10.3509489169999, -10.3693716279999, -10.3726304699999, -10.3721625159999, -10.328207312, -10.3156599079999, -10.3020403779999, 
-10.281971602, -10.284559923, -10.286869215, -10.288579097, -10.291481609, -10.2950675679999, -10.2990870429999, -10.299426143, -10.298608991, -10.2990810309999, -10.2989779799999, -10.2991667429999, -10.299059053, -10.2987065119999, -10.3003849789999, -10.3004077109999, -10.299882457, -10.2984302469999, -10.298925159, -10.2987857349999, -10.3006516889999, -10.3025063369999, -10.3033286449999, -10.3031616989999, -10.3037688789999, -10.3051412749999, -10.3069012079999, -10.307811889, -10.308993028, 
-10.309665521, -10.3123454449999, -10.313026834, -10.3133365469999, -10.3125641, -10.3118885349999, -10.310841067, -10.309619396, -10.3079799309999, -10.307846481, -10.3073861259999, -10.3073357109999, -10.3087516529999, -10.3087870809999, -10.3089598669999, -10.3087890519999, -10.3094957779999, -10.309965607, -10.309648835, -10.31079534, -10.311196798, -10.3122830949999, -10.313278118, -10.314553054, -10.316983249, -10.318420889, -10.3169525599999, -10.3169756839999, -10.3161939419999, -10.316649405, 
-10.317928161, -10.32023597, -10.321644803, -10.322794325, -10.3246020249999, -10.3241828319999, -10.322912398, -10.3239958579999, -10.3234321619999, -10.3237658949999, -10.324495719, -10.325205394, -10.3251717869999, -10.324492431, -10.32342415, -10.321447892, -10.320786718, -10.32094972, -10.3249804089999, -10.3251484039999, -10.324305931, -10.321624072, -10.31944605, -10.3182678259999, -10.316181664, -10.3147460689999, -10.3139934839999, -10.31367635, -10.3129297109999, -10.3120182199999, -10.311794742, 
-10.3096211559999, -10.306859888, -10.3058631569999, -10.3040360109999, -10.301311126, -10.2986345939999, -10.2965396989999, -10.2949086999999, -10.2941506269999, -10.2932641709999, -10.29244094, -10.2911286029999, -10.2851360029999, -10.2828635189999, -10.2816693029999, -10.280545074, -10.2795442769999, -10.2789592669999, -10.2781820589999, -10.276159058, -10.2750906309999, -10.274364636, -10.2755914479999, -10.2769696039999, -10.278378107, -10.279762414, -10.27885119, -10.274088152, -10.2708213109999, 
-10.2684814049999, -10.266667813, -10.264805285, -10.2636214129999, -10.2635509369999, -10.264793232, -10.264654598, -10.2648765339999, -10.265885275, -10.2663782209999, -10.2649612289999, -10.263694012, -10.2632611879999, -10.2615133609999, -10.260130803, -10.259017069, -10.256996731, -10.256413769, -10.2532200969999, -10.252049449, -10.252301541, -10.253150906, -10.252385289, -10.249187492, -10.2478088339999, -10.246982932, -10.248702177, -10.249475326, -10.2502943289999, -10.2506540489999, -10.2503635649999, 
-10.248202088, -10.247245474, -10.2465420959999, -10.2466297559999, -10.2480972699999, -10.251585392, -10.2524966129999, -10.252037431, -10.2506834999999, -10.249672905, -10.2468721929999, -10.24549252, -10.2447354179999, -10.243753392, -10.243231188, -10.2435199119999, -10.2429040519999, -10.2431778979999, -10.2433538169999, -10.243208471, -10.2417113659999, -10.238750185, -10.2365343489999, -10.234940707, -10.2302192429999, -10.229312362, -10.229281154, -10.228672817, -10.226175692, -10.225761372, 
-10.225803254, -10.2256613249999, -10.2239254349999, -10.2234262779999, -10.224165213, -10.2266359989999, -10.2268859269999, -10.227249351, -10.22717739, -10.2267892269999, -10.225834432, -10.224419866, -10.2236034569999, -10.222880833, -10.223152829, -10.2230213729999, -10.2237742059999, -10.2247776449999, -10.2252552209999, -10.2250437069999, -10.224178176, -10.223248934, -10.2231376519999, -10.222815316, -10.2226027879999, -10.2220145379999, -10.2219460239999, -10.222508968, -10.2236129139999)))"
1100122,Ji-Paraná,11,RO,"list(list(c(-61.574501898, -61.5741408589999, -61.5730018689999, -61.5715665919999, -61.5687516099999, -61.5667767199999, -61.5646376429999, -61.5640697319999, -61.558808984, -61.555249499, -61.5528615069999, -61.550030573, -61.539390767, -61.5346729899999, -61.5315012509999, -61.5310809819999, -61.5333293139999, -61.533292109, -61.5323332419999, -61.532472152, -61.5326110619999, -61.5393554399999, -61.5420510989999, -61.5430493439999, -61.546217614, -61.5473559819999, -61.547057303, -61.5462216049999, 
-61.544393778, -61.5425587909999, -61.54158497, -61.5383915419999, -61.536496245, -61.528165841, -61.5263022359999, -61.5249133609999, -61.5246118479999, -61.525274401, -61.5278321309999, -61.530856699, -61.5322774709999, -61.532114712, -61.5312801789999, -61.5304440039999, -61.5282549279999, -61.528243605, -61.524986724, -61.5244420449999, -61.5244402029999, -61.5230793, -61.5197445859999, -61.519733438, -61.5189889419999, -61.518244445, -61.516279449, -61.515972917, -61.516521959, -61.5155026349999, 
-61.513114877, -61.5126672369999, -61.509751066, -61.507913556, -61.5077593609999, -61.50827745, -61.508464058, -61.5098879719999, -61.5102840549999, -61.508749095, -61.508419502, -61.5091864619999, -61.5110764669999, -61.518431249, -61.523478912, -61.5249817609999, -61.5260868459999, -61.525583534, -61.523142728, -61.5248179099999, -61.5262101729999, -61.5277633689999, -61.528780415, -61.5287328899999, -61.524566502, -61.523707567, -61.5228182199999, -61.5233429189999, -61.5243987869999, -61.525009346, 
-61.53004413, -61.532422461, -61.535821329, -61.537345666, -61.53942733, -61.5389279469999, -61.5365356359999, -61.535866244, -61.5340558729999, -61.5298929319999, -61.528295144, -61.5279845919999, -61.5286520979999, -61.531202059, -61.532544006, -61.536658692, -61.5386328719999, -61.541593218, -61.541711611, -61.540121313, -61.5402295109999, -61.540398201, -61.541565754, -61.545350312, -61.546041804, -61.545261394, -61.5454701469999, -61.547708774, -61.5519311939999, -61.553983891, -61.555873473, 
-61.557294505, -61.5593165079999, -61.566949436, -61.5717407089999, -61.5741687109999, -61.576197099, -61.5791354769999, -61.580748359, -61.5819263719999, -61.5843748789999, -61.584863918, -61.5836817439999, -61.583097021, -61.581183074, -61.579905778, -61.5784304129999, -61.578710182, -61.5819327629999, -61.583102406, -61.5847872789999, -61.584501094, -61.583296723, -61.583297251, -61.5876758419999, -61.588656604, -61.591103101, -61.592014398, -61.590179893, -61.5924626899999, -61.5955679419999, 
-61.5955359239999, -61.5973489359999, -61.599570219, -61.601236393, -61.601874928, -61.601591935, -61.599822777, -61.5986400799999, -61.5968045209999, -61.593280977, -61.588418258, -61.586226531, -61.5785600779999, -61.5764702239999, -61.575414595, -61.5724487539999, -61.562464289, -61.560643769, -61.558664496, -61.55797422, -61.557750539, -61.5602555399999, -61.560362932, -61.5597775, -61.553671635, -61.5517184699999, -61.5522798599999, -61.556421717, -61.5596662619999, -61.562782992, -61.565721015, 
-61.5673610879999, -61.5716621059999, -61.572971069, -61.574005052, -61.573302884, -61.573593637, -61.5776099559999, -61.5762767799999, -61.5779260199999, -61.5766998449999, -61.57582776, -61.5755252449999, -61.5769416759999, -61.576724395, -61.5719211079999, -61.5695022049999, -61.564302337, -61.5621891219999, -61.5545919529999, -61.5522230639999, -61.552254847, -61.551581793, -61.549495948, -61.5454175279999, -61.5440871859999, -61.5441358759999, -61.5449696969999, -61.546220688, -61.550113451, 
-61.5522165669999, -61.5533347219999, -61.5527979199999, -61.548918324, -61.5491370739999, -61.5481076289999, -61.5408853499999, -61.5376155309999, -61.533737074, -61.5301392149999, -61.5214792049999, -61.519499195, -61.517011096, -61.516164529, -61.514751745, -61.513170432, -61.511888508, -61.5078048539999, -61.5045014889999, -61.5017215529999, -61.502864294, -61.5026392079999, -61.503190464, -61.503111072, -61.5025006669999, -61.4990272929999, -61.497112944, -61.4974759559999, -61.497054403, -61.4956533239999, 
-61.4895522, -61.487609622, -61.4862263319999, -61.485276382, -61.4840533649999, -61.4798026889999, -61.476634273, -61.475332233, -61.4715028499999, -61.4720310179999, -61.476913369, -61.478144894, -61.4771916889999, -61.476170355, -61.4735967839999, -61.469351449, -61.467208667, -61.4643621889999, -61.4630533609999, -61.461792837, -61.462417736, -61.4640563199999, -61.4641986889999, -61.466137486, -61.4641642189999, -61.466119827, -61.4662651589999, -61.467091688, -61.47368574, -61.4760671339999, 
-61.4754896339999, -61.4752373219999, -61.4706816129999, -61.470206259, -61.4725967629999, -61.4735174959999, -61.473797153, -61.473158583, -61.4735107889999, -61.47676612, -61.480815659, -61.4807352189999, -61.4789911809999, -61.480179999, -61.480076944, -61.4809832729999, -61.4791638819999, -61.479069756, -61.477987805, -61.4740104699999, -61.4705688539999, -61.466878657, -61.46632182, -61.468336473, -61.469017159, -61.470121448, -61.4757655099999, -61.4786923679999, -61.479960892, -61.481041913, 
-61.4794914209999, -61.4774621239999, -61.4778731499999, -61.4813504099999, -61.481509492, -61.4780110029999, -61.4763774259999, -61.4762362709999, -61.477539246, -61.4780440389999, -61.48154634, -61.485040312, -61.487221627, -61.489594014, -61.4895978309999, -61.4888699359999, -61.48704131, -61.4817465049999, -61.478957516, -61.4787357769999, -61.4791252599999, -61.4817703919999, -61.482371399, -61.4818756289999, -61.481495965, -61.4807052049999, -61.4804552789999, -61.481710928, -61.482538044, 
-61.484484299, -61.4863871159999, -61.4893391839999, -61.4905851519999, -61.492906056, -61.4932151889999, -61.4946342799999, -61.495855427, -61.495999199, -61.498028459, -61.498556503, -61.498695744, -61.499268073, -61.499393512, -61.49882996, -61.494271568, -61.490178899, -61.4858236269999, -61.4843316299999, -61.4822051149999, -61.480959737, -61.477789401, -61.474015557, -61.4728252329999, -61.4723936899999, -61.476367075, -61.4792645739999, -61.4852859839999, -61.486351152, -61.487096755, -61.488400325, 
-61.4881283909999, -61.4860823209999, -61.48213978, -61.4808740499999, -61.480960364, -61.482123741, -61.4814655069999, -61.481078619, -61.480431112, -61.477615421, -61.476561155, -61.4764167609999, -61.476719199, -61.4773654859999, -61.4773649879999, -61.479196003, -61.479700076, -61.4802779949999, -61.479616235, -61.475391002, -61.473833537, -61.4753616569999, -61.481453495, -61.486029201, -61.4889142909999, -61.490343592, -61.4917728249999, -61.4921705949999, -61.493370769, -61.493297849, -61.4955170299999, 
-61.497792148, -61.5006982799999, -61.505294716, -61.504688038, -61.5053939829999, -61.506658026, -61.5108964529999, -61.511096735, -61.50735197, -61.5060830279999, -61.50461425, -61.5034218009999, -61.505949169, -61.5107618819999, -61.5125226499999, -61.5123204019999, -61.5106718159999, -61.5098527969999, -61.509516863, -61.509446955, -61.5090337789999, -61.508865309, -61.5099966129999, -61.5102116309999, -61.512218729, -61.516088882, -61.520512845, -61.5213698589999, -61.5223212459999, -61.5230099839999, 
-61.5238453419999, -61.52514893, -61.5245162769999, -61.5234375459999, -61.522935371, -61.523787879, -61.5241166549999, -61.5268037969999, -61.5268584139999, -61.525530093, -61.520608464, -61.5193335629999, -61.519116309, -61.520005275, -61.524441357, -61.524303904, -61.523747108, -61.5210652519999, -61.5190862389999, -61.514812046, -61.5143054529999, -61.51472796, -61.5188623179999, -61.520473266, -61.520853356, -61.520914235, -61.520196015, -61.520333512, -61.52183975, -61.5215800409999, -61.523254825, 
-61.5224335459999, -61.5199163659999, -61.519609881, -61.5196063029999, -61.519520868, -61.519785892, -61.5213152169999, -61.524662633, -61.525806009, -61.527608003, -61.5278954409999, -61.5267821239999, -61.526503151, -61.528423174, -61.528554055, -61.5300872969999, -61.531197893, -61.538594425, -61.540697246, -61.54363831, -61.546798062, -61.5493646499999, -61.55069263, -61.5502578729999, -61.6320009289999, -61.747742044, -61.8211027649999, -61.841255201, -61.9421482149999, -61.9429154379999, -61.944920131, 
-61.946533098, -61.951396722, -61.952612697, -61.957670771, -61.958006037, -61.9542298499999, -61.951110858, -61.9498114769999, -61.950007641, -61.948341294, -61.946509986, -61.94611775, -61.945650006, -61.944505063, -61.947013518, -61.948474897, -61.948925719, -61.948269618, -61.948230804, -61.95059235, -61.951172996, -61.952477563, -61.955001983, -61.9565859409999, -61.958307659, -61.9624190909999, -61.9665650339999, -61.969668621, -61.972146382, -61.9745653349999, -61.9764763469999, -61.9767820709999, 
-61.9758942649999, -61.9768369769999, -61.9819947829999, -61.9861137769999, -61.989032833, -61.9924755439999, -61.9942285869999, -61.996785219, -62.0000641889999, -62.0036761869999, -62.004297078, -62.0050610109999, -62.014786406, -62.01735793, -62.021308382, -62.0231453649999, -62.0264473979999, -62.0244199609999, -62.026116685, -62.0233356489999, -62.025286379, -62.023618604, -62.023061624, -62.020313304, -62.021032374, -62.023196642, -62.0260819609999, -62.026061658, -62.029547354, -62.0291835949999, 
-62.027209982, -62.026856884, -62.028706082, -62.033593753, -62.0382095619999, -62.040351263, -62.0417250549999, -62.0412028379999, -62.0451459419999, -62.047177153, -62.046699537, -62.0447595839999, -62.0447033679999, -62.050746487, -62.0496406899999, -62.047253666, -62.046087739, -62.045696969, -62.043451831, -62.044448782, -62.047560625, -62.046256425, -62.043452618, -62.041786082, -62.042148867, -62.0439234319999, -62.048949544, -62.0510886459999, -62.053507328, -62.0563980129999, -62.0573437849999, 
-62.0571204169999, -62.0552602379999, -62.0552343229999, -62.056283575, -62.058565909, -62.061590635, -62.062341152, -62.0613421629999, -62.0611123749999, -62.064370898, -62.0656648129999, -62.0668381449999, -62.066892593, -62.0685675089999, -62.0730918739999, -62.073644378, -62.0772282559999, -62.0787275389999, -62.0794095199999, -62.0791946969999, -62.076200249, -62.080752892, -62.0873854189999, -62.0911241959999, -62.0962570359999, -62.0967296529999, -62.0961200909999, -62.097119785, -62.097757238, 
-62.0965298099999, -62.0912820689999, -62.0912325659999, -62.0895022629999, -62.09358924, -62.093253252, -62.0901471499999, -62.0897276239999, -62.0928114339999, -62.101035645, -62.1038960809999, -62.1055414149999, -62.1080311199999, -62.11017182, -62.111227309, -62.1122293679999, -62.114812956, -62.117759388, -62.118931371, -62.119598276, -62.120425321, -62.120201487, -62.120528412, -62.1224753969999, -62.1236763089999, -62.126535395, -62.1272233169999, -62.1276398199999, -62.1290018829999, -62.13103772, 
-62.131726611, -62.132784181, -62.1345376619999, -62.1403835519999, -62.1412318709999, -62.142421844, -62.1444457599999, -62.148864518, -62.1520068939999, -62.1550010089999, -62.1560149269999, -62.159056655, -62.158643609, -62.1601449879999, -62.1615035839999, -62.164281218, -62.1646488379999, -62.163150054, -62.1645351609999, -62.164948872, -62.1635661599999, -62.162987035, -62.162953486, -62.163750045, -62.1508940419999, -62.1373267069999, -62.124178196, -62.1225803469999, -62.1105423619999, -62.1029030299999, 
-62.095948957, -62.081340653, -62.07298964, -62.0667909689999, -62.054160289, -62.033838491, -62.033775915, -62.020007415, -61.960474867, -61.956859788, -61.9552763189999, -61.949204798, -61.945877836, -61.940833749, -61.9368260179999, -61.9340991999999, -61.9301362089999, -61.9277790769999, -61.926255377, -61.927393886, -61.9263868809999, -61.9217824519999, -61.9168937709999, -61.916083989, -61.91551097, -61.9140278049999, -61.9127806229999, -61.9123275749999, -61.916281891, -61.91603475, -61.9164206709999, 
-61.9149533839999, -61.909996641, -61.9085304769999, -61.9090801259999, -61.910199637, -61.9082849259999, -61.909277672, -61.907112748, -61.904118403, -61.9051106589999, -61.9045860359999, -61.906472532, -61.9066965999999, -61.9084446639999, -61.907313846, -61.9053062139999, -61.902418178, -61.900861512, -61.899257892, -61.8986120049999, -61.900419384, -61.901697727, -61.902867596, -61.9063422549999, -61.906642553, -61.906393188, -61.9047825619999, -61.904974108, -61.907256267, -61.90486433, -61.906424288, 
-61.905508012, -61.9058321809999, -61.9041125409999, -61.905644977, -61.9069423199999, -61.909336387, -61.9095196049999, -61.909645467, -61.906060245, -61.9008653669999, -61.8994192119999, -61.8975602519999, -61.8946443579999, -61.893229317, -61.891365213, -61.889359451, -61.886481695, -61.884360794, -61.8816149409999, -61.8691524859999, -61.866390052, -61.86388952, -61.860752549, -61.858944302, -61.856003344, -61.8539209539999, -61.8520575599999, -61.8483659619999, -61.844002886, -61.840804885, 
-61.8399718069999, -61.836443764, -61.836721982, -61.834501697, -61.832972425, -61.831836473, -61.832197936, -61.829998841, -61.8297257519999, -61.8286842539999, -61.827813409, -61.8290018389999, -61.8324208809999, -61.8355630189999, -61.838031513, -61.843001167, -61.845086832, -61.8451947249999, -61.845834409, -61.848364643, -61.855818396, -61.858888502, -61.863617559, -61.8659837579999, -61.869397943, -61.8733346729999, -61.876805646, -61.880553816, -61.8837824269999, -61.8907794039999, -61.89581319, 
-61.9108623539999, -61.913990031, -61.9161954829999, -61.915166424, -61.912340964, -61.910197235, -61.909891789, -61.910110613, -61.912198314, -61.9125005879999, -61.910568957, -61.910576154, -61.9105820469999, -61.9135000719999, -61.915172822, -61.916332632, -61.9188704839999, -61.9230890509999, -61.9273079469999, -61.93336264, -61.938997947, -61.9441954919999, -61.94875051, -61.952263175, -61.959553417, -61.9642764479999, -61.968560402, -61.9710370129999, -61.972667101, -61.9704144829999, -61.97122653, 
-61.972473871, -61.9766990479999, -61.9801420779999, -61.982138014, -61.9933216549999, -61.994514939, -61.994864804, -61.9942219399999, -61.993111218, -61.986806388, -61.984253758, -61.981853416, -61.977484602, -61.9669666859999, -61.9644344009999, -61.963332382, -61.9620713989999, -61.9616667569999, -61.9605511239999, -61.9564725539999, -61.9555235159999, -61.9544177709999, -61.9530010009999, -61.9520059079999, -61.9514197899999, -61.9505067709999, -61.949445257, -61.9487264249999, -61.9450025929999, 
-61.942729337, -61.940115022, -61.9371435259999, -61.9351963829999, -61.933753103, -61.932752818, -61.9303328759999, -61.9280043109999, -61.9271229549999, -61.9258756139999, -61.92528164, -61.9243353939999, -61.9222206349999, -61.921449791, -61.920942444, -61.918797717, -61.918222507, -61.9173112729999, -61.913359686, -61.9116445029999, -61.911407275, -61.91126681, -61.909054978, -61.9083107579999, -61.906456494, -61.9057978509999, -61.901137208, -61.899073635, -61.8961144219999, -61.8945116899999, 
-61.892220066, -61.889616085, -61.888424432, -61.885089481, -61.8815826169999, -61.879006454, -61.878172465, -61.8774874169999, -61.874300892, -61.872556899, -61.8706930049999, -61.8693068549999, -61.8655668919999, -61.8620291399999, -61.860207034, -61.8586408909999, -61.85829384, -61.8617736779999, -61.8611445239999, -61.861293495, -61.861698533, -61.862697255, -61.863873543, -61.865506935, -61.866439547, -61.8670676799999, -61.868794226, -61.870831648, -61.873775105, -61.876398049, -61.877044121, 
-61.876643279, -61.873526978, -61.870453259, -61.867946124, -61.866138349, -61.8635274649999, -61.862414018, -61.860188732, -61.854139263, -61.8506922059999, -61.8502264499999, -61.849160844, -61.843080777, -61.8396183979999, -61.83725194, -61.837299163, -61.837570767, -61.8435267349999, -61.8447270219999, -61.844710388, -61.8441957579999, -61.841250719, -61.8393105619999, -61.837906879, -61.83682306, -61.830712894, -61.819833078, -61.8135250389999, -61.810721478, -61.8072823969999, -61.806667336, 
-61.806041448, -61.806783103, -61.80828287, -61.807825704, -61.8053055349999, -61.8013971239999, -61.800058032, -61.797778404, -61.7948095159999, -61.7941159939999, -61.7941995719999, -61.795132939, -61.796355349, -61.7982841709999, -61.7983893789999, -61.7975596959999, -61.7966171359999, -61.7921656859999, -61.78844311, -61.7809703079999, -61.7745588969999, -61.767053512, -61.762791778, -61.7619038889999, -61.76036037, -61.7478735879999, -61.744634629, -61.741637538, -61.737961908, -61.733803498, 
-61.7274461109999, -61.7212253159999, -61.7195614109999, -61.712903177, -61.7115541759999, -61.706614776, -61.701536345, -61.7004465879999, -61.6969113709999, -61.696031641, -61.694716606, -61.6902518959999, -61.68786178, -61.685668822, -61.681216934, -61.6747774, -61.6678329589999, -61.662055014, -61.6617623269999, -61.6610766249999, -61.6570014969999, -61.6548955469999, -61.6487853189999, -61.644667451, -61.638129959, -61.6333384209999, -61.6327322369999, -61.6274130239999, -61.62399651, -61.6181350309999, 
-61.6100843189999, -61.608429406, -61.6070270539999, -61.605332214, -61.604365801, -61.604525505, -61.603638974, -61.599762775, -61.595217294, -61.588470983, -61.581895359, -61.574637304, -61.574501898, -9.72063151499999, -9.72144013299992, -9.72399112699996, -9.72566088299992, -9.72742908899994, -9.72938329599998, -9.72984273599998, -9.72970474799993, -9.72842651099995, -9.72907935299997, -9.73159497999992, -9.73250084499991, -9.73808025199997, -9.73948112899997, -9.739911929, -9.74104297099997, 
-9.74598780199992, -9.74821705399998, -9.75488661699991, -9.7564354109999, -9.75798420599997, -9.77079874199994, -9.77956163999997, -9.78128742499994, -9.78478669799992, -9.78754149399995, -9.78840086399991, -9.78889487999993, -9.78874779200002, -9.788599468, -9.78907734800002, -9.793433191, -9.793844371, -9.7936509809999, -9.7942542239999, -9.79573034999991, -9.80209869599996, -9.80763335799995, -9.81189948499997, -9.81535803499996, -9.81853532699995, -9.81975850999991, -9.8215534, -9.82207313199993, 
-9.82238458599994, -9.82238619699999, -9.8213890339999, -9.82133400399997, -9.82133381799995, -9.82139231799991, -9.82153566499996, -9.82153614399991, -9.82227938399994, -9.82302262399998, -9.82792201499999, -9.83325481599998, -9.83819479999998, -9.84341508899998, -9.85069235500001, -9.85354239599992, -9.85763519299999, -9.86108182399997, -9.87004973599991, -9.87261571899994, -9.87296800999996, -9.87565616899998, -9.87898801099997, -9.88490053599996, -9.88880087599991, -9.89159539299994, -9.89556135799999, 
-9.89983654499996, -9.9043958509999, -9.90657571599996, -9.91479432399998, -9.91869663399992, -9.92803262199994, -9.93012069399995, -9.93069231899991, -9.93207461999997, -9.93489203199994, -9.9360777269999, -9.939381957, -9.94133904599993, -9.94669293799998, -9.94848556299997, -9.94878395399997, -9.94955053099998, -9.95071964099999, -9.95263133899989, -9.95951423799998, -9.96196595099997, -9.96409847499994, -9.96487099699991, -9.96595671099994, -9.96600624299996, -9.96613954299997, -9.96722628399992, 
-9.96858923899989, -9.97043008799997, -9.97891298299992, -9.989850276, -9.9918199799999, -9.99446907399998, -9.99537263099995, -9.99564423099995, -9.99764221899998, -9.99952525099999, -10.0002093889999, -10.0013546809999, -10.0086584769999, -10.011296756, -10.0131392419999, -10.0145772489999, -10.018848218, -10.023226785, -10.0291387939999, -10.0353543159999, -10.0389514399999, -10.0403361459999, -10.0413933989999, -10.044142183, -10.046522002, -10.048781331, -10.050261497, -10.0536596089999, -10.0565237459999, 
-10.056951609, -10.059609312, -10.061589698, -10.062890735, -10.0648426289999, -10.0680513949999, -10.06922728, -10.0758810099999, -10.0792443729999, -10.080929424, -10.082471077, -10.090161997, -10.0918443949999, -10.093909086, -10.0956755179999, -10.102527042, -10.1040617159999, -10.1112051119999, -10.1172142959999, -10.121460688, -10.130229761, -10.1365625089999, -10.144186566, -10.147086869, -10.148342288, -10.1500901329999, -10.154379331, -10.156645365, -10.1591733129999, -10.160875429, -10.1623764629999, 
-10.1627533249999, -10.16220237, -10.1631592139999, -10.163200599, -10.1644518709999, -10.1660901159999, -10.1688194979999, -10.1718971119999, -10.1733861059999, -10.1764991149999, -10.17899885, -10.1823137859999, -10.1892947469999, -10.191129665, -10.1930818049999, -10.196217804, -10.1977762739999, -10.1994313329999, -10.200511943, -10.2027097739999, -10.202251715, -10.203033406, -10.205244658, -10.2076376849999, -10.207438989, -10.2089593039999, -10.213673258, -10.219290641, -10.226578736, -10.228483568, 
-10.235312364, -10.236650733, -10.2387861609999, -10.240991837, -10.2463204429999, -10.2485761579999, -10.259247575, -10.2613793619999, -10.2695609989999, -10.2719933289999, -10.2795561709999, -10.2842084939999, -10.28779203, -10.290195614, -10.2934721259999, -10.2985433969999, -10.300994502, -10.30226677, -10.303529845, -10.3043277089999, -10.3051585719999, -10.306036207, -10.307005689, -10.3082323099999, -10.311690349, -10.314302887, -10.3163892599999, -10.3202233869999, -10.327833749, -10.3318837329999, 
-10.3333140089999, -10.330781841, -10.3313917039999, -10.3334410239999, -10.3344363199999, -10.336846424, -10.348631279, -10.3504034539999, -10.352459261, -10.352733836, -10.353776538, -10.362986661, -10.367664397, -10.3708892239999, -10.37592591, -10.3775166909999, -10.382753991, -10.384744493, -10.388038284, -10.3895816649999, -10.390235647, -10.390264841, -10.392643458, -10.3951858199999, -10.398544179, -10.4001509969999, -10.4027337619999, -10.403210688, -10.4040749229999, -10.4051420179999, 
-10.406256307, -10.410631371, -10.415096257, -10.4167069149999, -10.4184326929999, -10.418044761, -10.4150998649999, -10.4153046109999, -10.4166046079999, -10.417760508, -10.4199045939999, -10.4225019639999, -10.4256938379999, -10.4282431609999, -10.435151117, -10.4374400249999, -10.443403109, -10.4456518819999, -10.4484938499999, -10.4536441169999, -10.454726928, -10.456128745, -10.4586288739999, -10.460555488, -10.461418595, -10.464699491, -10.4672701119999, -10.468942598, -10.472436528, -10.474957584, 
-10.4822632029999, -10.487748316, -10.4956140839999, -10.5005805129999, -10.50590806, -10.511316905, -10.516405273, -10.525423002, -10.5298719859999, -10.531646258, -10.533750217, -10.5377493449999, -10.540392798, -10.5412112569999, -10.5463563259999, -10.5521514649999, -10.5565303029999, -10.561852863, -10.5660766729999, -10.569153698, -10.576463938, -10.5851903819999, -10.5896840439999, -10.59195876, -10.5955639819999, -10.596763858, -10.6054744099999, -10.6067057879999, -10.607663415, -10.610561065, 
-10.613151054, -10.619594182, -10.6238579499999, -10.627783149, -10.6298032999999, -10.631077667, -10.631851853, -10.632697825, -10.6400878519999, -10.643043616, -10.6444031729999, -10.6464926909999, -10.651327356, -10.653338944, -10.655637756, -10.6562754609999, -10.657603666, -10.6593773619999, -10.669142547, -10.6719561999999, -10.673766567, -10.674033508, -10.6731380279999, -10.6732369309999, -10.6757403139999, -10.676073752, -10.677604419, -10.683337733, -10.6840141349999, -10.686289606, -10.688420528, 
-10.692875499, -10.6951685829999, -10.698617601, -10.6999377569999, -10.7052589859999, -10.7069681949999, -10.7080423629999, -10.7094994579999, -10.7133681559999, -10.714778131, -10.7152581149999, -10.713885073, -10.7141546569999, -10.7149730379999, -10.7225039639999, -10.724599159, -10.726290647, -10.727171092, -10.7288475149999, -10.736476661, -10.7383836459999, -10.740917781, -10.742242462, -10.744198313, -10.748053798, -10.7537428059999, -10.76017223, -10.7612407139999, -10.7621629589999, -10.7648294989999, 
-10.7666467189999, -10.767794621, -10.7719131479999, -10.774369552, -10.7787715639999, -10.7799484089999, -10.780726506, -10.7855810259999, -10.787696523, -10.791726203, -10.7975127109999, -10.79867794, -10.80037227, -10.800611326, -10.7990765329999, -10.7979614619999, -10.795889426, -10.7919928119999, -10.7881424139999, -10.7845154149999, -10.7825060749999, -10.7821196179999, -10.7843735919999, -10.7847564059999, -10.787533292, -10.7894337839999, -10.790826681, -10.7936806789999, -10.794814844, 
-10.796825138, -10.7992314339999, -10.8053564149999, -10.808445196, -10.8125815779999, -10.8180062419999, -10.8222031089999, -10.823733514, -10.827268305, -10.829757542, -10.830778543, -10.830991013, -10.832246779, -10.8344310789999, -10.8368279179999, -10.837011956, -10.838727531, -10.84049846, -10.8419169059999, -10.8425293149999, -10.843766311, -10.8457997589999, -10.8519890869999, -10.855803927, -10.8647964059999, -10.869877955, -10.8788843579999, -10.881778308, -10.8828787849999, -10.884581077, 
-10.8856935909999, -10.8870782939999, -10.8903018629999, -10.891991987, -10.894513769, -10.898665985, -10.9033811279999, -10.9047485369999, -10.905526188, -10.9070120609999, -10.907163375, -10.9064324349999, -10.9073873349999, -10.9116164069999, -10.91723574, -10.919424207, -10.920522524, -10.9213371509999, -10.9242334759999, -10.9277125049999, -10.931759008, -10.936027061, -10.9402550479999, -10.9439547769999, -10.947648423, -10.948373374, -10.948426639, -10.9496983729999, -10.950513393, -10.952392537, 
-10.954329433, -10.954991117, -10.9571890629999, -10.959424064, -10.962393774, -10.964775376, -10.968729936, -10.974267245, -10.9790195219999, -10.9790438, -10.975860272, -10.975881279, -10.977153322, -10.977597598, -10.9791486939999, -10.980974144, -10.986094651, -10.986294254, -10.9865389569999, -10.986671859, -10.9866927979999, -10.9867742449999, -10.9894683969999, -10.9921941219999, -10.9935940229999, -10.996058341, -10.9997729399999, -11.011190879, -11.016110038, -11.024398317, -11.0268635909999, 
-11.031655971, -11.036470418, -11.0459324579999, -11.049334727, -11.050063526, -11.054764478, -11.0580557369999, -11.0641988089999, -11.074663615, -11.0803064949999, -11.0828816929999, -11.0844184489999, -11.083684798, -11.086485743, -11.0870851319999, -11.087289762, -11.089306437, -11.089655653, -11.087749905, -11.089263122, -11.0892159189999, -11.090494958, -11.09119493, -11.0910642119999, -11.0962598319999, -11.1013030879999, -11.1029636259999, -11.107110808, -11.108693208, -11.1125334349999, 
-11.1142597849999, -11.1156435199999, -11.119515498, -11.121542534, -11.121355938, -11.1248908689999, -11.125398396, -11.1280030909999, -11.132929582, -11.138174269, -11.142355865, -11.1442025499999, -11.1470952, -11.152093859, -11.1595341579999, -11.164139045, -11.1667902209999, -11.170164448, -11.174082401, -11.1776288309999, -11.181665414, -11.1856729209999, -11.1864609109999, -11.192989385, -11.1957260089999, -11.2010201319999, -11.20440419, -11.2080924029999, -11.2114496249999, -11.21332688, 
-11.212570979, -11.2108833159999, -11.198459709, -11.194367302, -11.1820558249999, -11.1806881129999, -11.178145521, -11.175789246, -11.1658874069999, -11.163233026, -11.1610749419999, -11.1586603989999, -11.1554637999999, -11.151776289, -11.149082086, -11.146034311, -11.140900159, -11.1335572749999, -11.132535453, -11.1310817839999, -11.1296829549999, -11.1283403179999, -11.124261448, -11.1223143309999, -11.120813334, -11.1189518849999, -11.116502475, -11.111483466, -11.108389217, -11.1060628279999, 
-11.104819011, -11.104264064, -11.102660442, -11.09891304, -11.096260479, -11.0962171229999, -11.095756442, -11.095339263, -11.0904460739999, -11.0886630199999, -11.086815187, -11.0852043189999, -11.0813642059999, -11.0789597099999, -11.0762356169999, -11.0756841649999, -11.068000146, -11.0651296689999, -11.056313838, -11.0499009309999, -11.044975644, -11.0418640129999, -11.0366233089999, -11.033767343, -11.0300243839999, -11.027073298, -11.0243287869999, -11.024159911, -11.0181300349999, -11.015622493, 
-11.011726108, -11.0116191189999, -11.010009855, -11.007607691, -11.0048297389999, -11.0009663379999, -11.000449954, -11.0042400309999, -11.003828747, -11.003232985, -11.0018271639999, -11.00051387, -11.0021054179999, -11.003744787, -11.005125238, -11.0078977559999, -11.0107348229999, -11.012000666, -11.015249518, -11.015577729, -11.014991404, -11.0157702719999, -11.0192163629999, -11.020174368, -11.0205699339999, -11.023004758, -11.024867329, -11.02564382, -11.02656675, -11.027051999, -11.0290972499999, 
-11.030413666, -11.0302772309999, -11.0284489499999, -11.0277781149999, -11.0259823429999, -11.02059506, -11.0188059699999, -11.0185125369999, -11.0153159079999, -11.0148317539999, -11.012904576, -11.008404911, -11.006824992, -11.005238697, -11.004890413, -11.002919478, -11.002600656, -11.0006584909999, -10.9690512889999, -10.9356755689999, -10.9033144379999, -10.8993878289999, -10.869787607, -10.850994941, -10.8338880039999, -10.797932048, -10.777369813, -10.762103256, -10.7309824089999, -10.6808818, 
-10.6807284189999, -10.646763916, -10.498037596, -10.4977501229999, -10.495872963, -10.493444016, -10.4929153859999, -10.49284406, -10.490853786, -10.488069268, -10.4872497049999, -10.4861941959999, -10.4844272559999, -10.478642286, -10.4761036479999, -10.471057029, -10.466786033, -10.465129495, -10.4619366989999, -10.4597411659999, -10.456801474, -10.4541531709999, -10.4452945749999, -10.443482602, -10.438939212, -10.4249272529999, -10.4216303599999, -10.4185390799999, -10.416474578, -10.414798452, 
-10.4128928439999, -10.4098560529999, -10.4055004709999, -10.4059401639999, -10.4039634129999, -10.4006339649999, -10.3993755129999, -10.397401422, -10.3946087489999, -10.3928433899999, -10.391118243, -10.389977276, -10.3873709929999, -10.386014044, -10.38109249, -10.3795600809999, -10.37740706, -10.374177841, -10.369221344, -10.367439855, -10.362227361, -10.361056019, -10.3574232559999, -10.35523512, -10.3527055449999, -10.3460691169999, -10.344864709, -10.3414160119999, -10.33986194, -10.337969888, 
-10.3354464679999, -10.3351669749999, -10.3318866079999, -10.3296291189999, -10.328373014, -10.32473476, -10.3246085399999, -10.3251733259999, -10.323944708, -10.3207262589999, -10.3210491869999, -10.3230072929999, -10.3218403679999, -10.3195690329999, -10.317612964, -10.3116878299999, -10.3087667939999, -10.3087993, -10.3067851169999, -10.306453194, -10.3046062659999, -10.3049261289999, -10.3060454549999, -10.304160926, -10.3052363719999, -10.309167676, -10.307654342, -10.308232006, -10.3070074099999, 
-10.3069245129999, -10.3056536899999, -10.306245558, -10.307267502, -10.3073023639999, -10.3050953119999, -10.304011703, -10.303106818, -10.296204475, -10.2922697719999, -10.2870037299999, -10.2791728839999, -10.270425456, -10.2639481949999, -10.258685131, -10.2550941309999, -10.249532064, -10.238972739, -10.232946249, -10.2210938559999, -10.206021896, -10.2023209449999, -10.199448977, -10.1976428479999, -10.1963784909999, -10.1970289209999, -10.193876716, -10.1887929609999, -10.1758065519999, -10.170991687, 
-10.1662777919999, -10.163427105, -10.159873881, -10.155130498, -10.1509345279999, -10.147193762, -10.1390357869999, -10.133865692, -10.1170449849999, -10.1162625829999, -10.1156495619999, -10.113027311, -10.1100933429999, -10.10460094, -10.1007746029999, -10.095378815, -10.09218631, -10.0864252289999, -10.0830198239999, -10.080888139, -10.079828959, -10.079835681, -10.080155368, -10.0796564349999, -10.077897546, -10.0740908039999, -10.067527928, -10.05919161, -10.053195692, -10.0497158459999, -10.043477352, 
-10.03545775, -10.0320685569999, -10.0220012249999, -10.018923301, -10.0146086149999, -10.011845903, -10.0096085409999, -10.0069626239999, -10.006413249, -10.0050064599999, -10.0001963539999, -9.98997998899998, -9.98686218199994, -9.98485096899998, -9.97902422299997, -9.97340476199998, -9.96956077199998, -9.95988167699991, -9.95065989999993, -9.94967983199993, -9.95057420199995, -9.95428799499992, -9.95501765899999, -9.95524703199996, -9.95510987899998, -9.95447277899993, -9.94989170199997, -9.94816404700002, 
-9.94730270499998, -9.94784653499995, -9.95143047899992, -9.95326351799998, -9.95665947399994, -9.96113443799992, -9.96437799799997, -9.96471052799995, -9.96627468599996, -9.9702112909999, -9.97068960899995, -9.97075906099992, -9.97132284999994, -9.97334450199997, -9.97533478199998, -9.97865545599993, -9.98038736299996, -9.98415932999995, -9.98524532199992, -9.98539426399999, -9.98562067599989, -9.98916986199992, -9.98775283199992, -9.98675793499993, -9.98615874199992, -9.97914206799996, -9.97831507099992, 
-9.97907714699991, -9.98032530799998, -9.98066579499991, -9.98389084599994, -9.98407112099994, -9.98352295299997, -9.98555768099992, -9.98575334499995, -9.98604887499997, -9.98707032799993, -9.98809481099997, -9.98807112599996, -9.98648475299998, -9.98609243699994, -9.98815046899995, -9.98585401299993, -9.98278347899998, -9.97852225799992, -9.97207558199996, -9.95911358999995, -9.95291189299992, -9.95011881100002, -9.94867917499992, -9.94806716599991, -9.94615344999993, -9.93829058899994, -9.93603040599989, 
-9.93305684799997, -9.93020469999989, -9.92184240599997, -9.91721283799999, -9.91127799599992, -9.90775839399994, -9.90481421899997, -9.90185872799994, -9.90033414100001, -9.89645574599992, -9.89149919799997, -9.887735999, -9.88682624299996, -9.88293574799993, -9.88105938699993, -9.87839688499999, -9.87534913399998, -9.87230984699995, -9.86744962799998, -9.86021769699997, -9.85300342599992, -9.8493083669999, -9.84849557699997, -9.84051995899998, -9.833537377, -9.83325905799997, -9.82451554399995, 
-9.81520672799997, -9.81151514699997, -9.81018694699994, -9.80989184899995, -9.80822508299998, -9.8042716649999, -9.80274967799991, -9.8027957329999, -9.80074925099995, -9.79983568899994, -9.79594153899997, -9.78913219499994, -9.78288277899996, -9.779837985, -9.77683921399995, -9.77384953599994, -9.77234113500002, -9.76648672199994, -9.76226020599992, -9.75899747799996, -9.7550861739999, -9.74353130299997, -9.7409520379999, -9.73934533799993, -9.73834634499996, -9.73525608699989, -9.72798921799992, 
-9.71968395100001, -9.71796920199997, -9.71652086999995, -9.71708657099995, -9.72212510099993, -9.72757553399997, -9.72816377899997, -9.72866460199993, -9.728309031, -9.72747649599995, -9.72594740499991, -9.72550552999994, -9.72570905899991, -9.72755736799998, -9.72782311899994, -9.72911352999995, -9.73128215599997, -9.73132758, -9.72944891499999, -9.72540927199997, -9.7250337999999, -9.725223877, -9.72490376099998, -9.72226350999993, -9.71945051399997, -9.71909140699992, -9.720807668, -9.71835009599996, 
-9.71805410199989, -9.71338266399991, -9.71251582699995, -9.71247211799989, -9.71206328699999, -9.708526391, -9.70807191799997, -9.70797597299994, -9.70667212399997, -9.7016239189999, -9.69666511699995, -9.69622214899998, -9.6930213109999, -9.69196335699994, -9.68795293799994, -9.68433922499999, -9.68423034999995, -9.68436696699998, -9.68499058899997, -9.686870503, -9.69118598899993, -9.69357433599992, -9.69741010999995, -9.70123730199997, -9.70520790599997, -9.71173202199994, -9.71779325699989, 
-9.72063151499999)))"
1100130,Machadinho D'oeste,11,RO,"list(list(c(-62.2205525339999, -62.210529143, -62.2031398879999, -62.195252765, -62.1883884359999, -62.1837005359999, -62.174691534, -62.1766424689999, -62.1870542239999, -62.195805326, -62.200530607, -62.1948068149999, -62.188308552, -62.181441579, -62.1747524829999, -62.1698092319999, -62.1650870079999, -62.1692768629999, -62.1717726589999, -62.167805926, -62.160413714, -62.1566198359999, -62.154192948, -62.1488018309999, -62.153300913, -62.1570317759999, -62.1550309029999, -62.143664617, -62.1404146999999, 
-62.1326652829999, -62.1293917079999, -62.124971743, -62.116469567, -62.10968466, -62.109684466, -62.1070279269999, -62.0980028869999, -62.0900282939999, -62.083191515, -62.0743019379999, -62.066555358, -62.0589397919999, -62.050522132, -62.0407994229999, -62.0310610329999, -62.026500523, -62.0240588309999, -62.0213332449999, -62.012943978, -62.0039715979999, -62.00226896, -61.997028935, -61.9944412509999, -61.992948638, -61.9907745369999, -61.990221113, -61.985221897, -61.979139979, -61.971362894, 
-61.962582761, -61.954079932, -61.9458858129999, -61.9381065849999, -61.93013903, -61.922885413, -61.9139745789999, -61.9058859279999, -61.903000893, -61.9030006899999, -61.8793008899999, -61.872967059, -61.8600492569999, -61.860048949, -61.8597486209999, -61.862862581, -61.863744958, -61.862583555, -61.8568624689999, -61.8592456259999, -61.861024851, -61.857359801, -61.8556878529999, -61.848161224, -61.8433013279999, -61.8439751729999, -61.8448266349999, -61.844108322, -61.8412499339999, -61.836500815, 
-61.8281080039999, -61.821333899, -61.815025305, -61.806246306, -61.802489383, -61.8024886849999, -61.790022014, -61.7824089969999, -61.774605628, -61.767249042, -61.762113292, -61.763611075, -61.756026145, -61.7488815469999, -61.744386769, -61.740129527, -61.7444419259999, -61.7418540059999, -61.733936786, -61.7259712589999, -61.7132741629999, -61.7090255259999, -61.705361689, -61.697523764, -61.689553577, -61.6735811549999, -61.6654957659999, -61.658101334, -61.650416061, -61.646081115, -61.637883106, 
-61.630554879, -61.626469061, -61.628834539, -61.6295527159999, -61.623298085, -61.619733288, -61.613217665, -61.608636821, -61.6060277859999, -61.590105535, -61.583134785, -61.5818975809999, -61.580101227, -61.5743267559999, -61.571416848, -61.5683676239999, -61.5666027239999, -61.56546359, -61.564880693, -61.564104947, -61.563201643, -61.557602662, -61.5531685089999, -61.546887581, -61.544958633, -61.5430782649999, -61.5393061879999, -61.537111909, -61.533151449, -61.527194793, -61.52608596, -61.523588041, 
-61.5208395119999, -61.520544262, -61.518038404, -61.5150107969999, -61.5137215079999, -61.514023014, -61.514654851, -61.5141886629999, -61.514440505, -61.5123313839999, -61.512465365, -61.5115045269999, -61.509958288, -61.505229784, -61.5027056169999, -61.501486613, -61.500551128, -61.4978104209999, -61.492149837, -61.489104552, -61.4870516009999, -61.4845780059999, -61.482861116, -61.4827032869999, -61.4804190329999, -61.476787787, -61.4722585989999, -61.4702598119999, -61.468504952, -61.4692140489999, 
-61.476784633, -61.47978296, -61.4827576019999, -61.485170346, -61.4895398319999, -61.492816843, -61.4930382089999, -61.4977202869999, -61.499367069, -61.501589295, -61.503395747, -61.505734336, -61.510254577, -61.511061946, -61.512001835, -61.512154197, -61.513657444, -61.514928513, -61.518511003, -61.5189673679999, -61.520610175, -61.521232855, -61.5217994759999, -61.522646461, -61.524762606, -61.526898849, -61.527977475, -61.528564622, -61.5298792009999, -61.530673958, -61.531711092, -61.5371226519999, 
-61.540337269, -61.5416192699999, -61.542921435, -61.546115378, -61.546493397, -61.547568267, -61.5494053089999, -61.5522092549999, -61.554674172, -61.5557549599999, -61.5557588, -61.556352007, -61.556928443, -61.5585070319999, -61.558866033, -61.5589022519999, -61.5574819079999, -61.5571543459999, -61.556038797, -61.555381903, -61.551721022, -61.5499654189999, -61.5431865309999, -61.539485567, -61.538817119, -61.534402298, -61.532777908, -61.5319035169999, -61.524276371, -61.5236432879999, -61.5224820099999, 
-61.520311361, -61.519631648, -61.5195942869999, -61.5200837079999, -61.520481429, -61.5222358359999, -61.524178509, -61.5274294909999, -61.5280945, -61.5273348929999, -61.525269507, -61.524865085, -61.5262070089999, -61.52930317, -61.532714958, -61.537316725, -61.5391054309999, -61.544947786, -61.546503976, -61.5519857209999, -61.558067555, -61.564790361, -61.5683872089999, -61.574108045, -61.5750542959999, -61.5769802119999, -61.584694438, -61.589093267, -61.595299621, -61.596959942, -61.5996169359999, 
-61.602598663, -61.608731274, -61.6121730189999, -61.6164306469999, -61.6184778449999, -61.625453669, -61.628343418, -61.629926344, -61.632474863, -61.633156679, -61.6333459489999, -61.633382982, -61.6328358879999, -61.630839952, -61.628635181, -61.627406514, -61.6263031329999, -61.625302575, -61.6154248049999, -61.614057369, -61.612473505, -61.611992459, -61.6118607, -61.612801745, -61.612697388, -61.615411385, -61.6139938279999, -61.6115218319999, -61.611333552, -61.613306493, -61.6162106329999, 
-61.619404463, -61.6232415279999, -61.6297787459999, -61.6321701219999, -61.633143695, -61.6587577019999, -61.6673926779999, -61.670774527, -61.6727772179999, -61.674607019, -61.67988954, -61.6835998349999, -61.680086068, -61.680446163, -61.682236631, -61.682804886, -61.683556574, -61.683281752, -61.680542095, -61.680306284, -61.680967891, -61.683019639, -61.6837971849999, -61.686632509, -61.690055889, -61.693221641, -61.694502052, -61.6974409549999, -61.7033019609999, -61.7062816579999, -61.707474757, 
-61.7086574179999, -61.7101907599999, -61.7126389439999, -61.7136662039999, -61.7139943979999, -61.7134222989999, -61.7088377729999, -61.708260809, -61.706084691, -61.705218782, -61.7036977549999, -61.702863258, -61.7013878489999, -61.6978026649999, -61.6973355419999, -61.697250519, -61.698637152, -61.700966267, -61.710470912, -61.718858998, -61.720447296, -61.72805427, -61.732554791, -61.7352704499999, -61.742312585, -61.7445792659999, -61.747353668, -61.749335365, -61.749628459, -61.7530091069999, 
-61.8290248089999, -61.830130765, -61.8501737989999, -61.8598732889999, -61.918335146, -61.918608443, -61.946383806, -61.920945596, -61.962734447, -61.974833366, -61.9995089669999, -62.0004994999999, -62.002359626, -62.006586864, -62.008920753, -62.0101784349999, -62.014082177, -62.014676406, -62.0101376359999, -62.010504366, -62.012920398, -62.0130348349999, -62.0125848309999, -62.010175435, -62.00772911, -61.998724132, -61.996977324, -61.996072277, -61.992537733, -61.992122471, -61.991749812, -61.991754053, 
-61.992287333, -61.993617704, -61.99494512, -61.9993598779999, -61.9991943209999, -61.9988454319999, -61.9979900749999, -61.991000256, -61.989085674, -61.988029747, -61.9885569969999, -61.992110264, -61.993733273, -61.995066653, -61.9987845589999, -62.0002294439999, -62.0023336119999, -62.0035785209999, -62.0052245139999, -62.0051944069999, -62.0062523839999, -62.0083908359999, -62.0103295229999, -62.0171082729999, -62.018654107, -62.019812694, -62.021570033, -62.0236468659999, -62.0248190509999, 
-62.0244762679999, -62.022250905, -62.017491941, -62.015113216, -62.0139547169999, -62.010638259, -62.004199722, -62.000478782, -61.9965241279999, -61.9948955609999, -61.992836952, -61.9912469429999, -61.987501955, -61.9855583079999, -61.985559306, -61.9874672229999, -61.987747679, -61.9864741769999, -61.981699362, -61.9814189809999, -61.980413292, -61.980468793, -61.981970516, -61.983110715, -61.9856938949999, -61.988930635, -61.994222883, -61.9967252829999, -61.9997847, -62.003227056, -62.004235869, 
-62.005913364, -62.0053788209999, -62.0034478439999, -62.0031902259999, -62.0051674529999, -62.006273828, -62.0125525649999, -62.01381968, -62.014530215, -62.0138720679999, -62.0135885509999, -62.0155586229999, -62.0163366669999, -62.015921799, -62.016137546, -62.0160077529999, -62.015025791, -62.015035044, -62.0172671189999, -62.0173936589999, -62.017267739, -62.016739027, -62.013662992, -62.0126676809999, -62.0110016849999, -62.01061257, -62.0116466169999, -62.0130593689999, -62.015067364, -62.0173619049999, 
-62.0217544929999, -62.022527283, -62.0241063209999, -62.027560972, -62.0297226129999, -62.033332881, -62.0345603429999, -62.036086911, -62.0367759489999, -62.038889407, -62.040055115, -62.0408346299999, -62.0415876379999, -62.042171789, -62.04249929, -62.042869546, -62.044084616, -62.0464898719999, -62.0476106459999, -62.0473401619999, -62.049138689, -62.049448911, -62.049924614, -62.05263411, -62.05301821, -62.0539440439999, -62.053521517, -62.049816883, -62.04856993, -62.048530889, -62.049341564, 
-62.051225229, -62.055256321, -62.057079031, -62.058719166, -62.058721203, -62.0571139189999, -62.05810831, -62.0611297069999, -62.065832842, -62.066478429, -62.066338295, -62.0643731879999, -62.0638402919999, -62.064583476, -62.066327854, -62.067247653, -62.068527149, -62.0713370189999, -62.072834086, -62.079669865, -62.0808093159999, -62.083082079, -62.084279981, -62.084949292, -62.0903899939999, -62.091612116, -62.094291345, -62.095352001, -62.0958269479999, -62.097476213, -62.099580229, -62.0997719069999, 
-62.100725922, -62.1030822719999, -62.1059121469999, -62.107005042, -62.108113124, -62.108553316, -62.1099042399999, -62.1137470229999, -62.1165282469999, -62.1162557139999, -62.115587853, -62.1170287359999, -62.1173344089999, -62.117191684, -62.1161384709999, -62.116164171, -62.1169264019999, -62.117993487, -62.118090659, -62.1150287759999, -62.114197253, -62.1141378859999, -62.1161022709999, -62.119669547, -62.121390901, -62.1227296859999, -62.1229155869999, -62.123639445, -62.1258051709999, -62.1257235539999, 
-62.124610996, -62.1263343159999, -62.1267528119999, -62.1305542029999, -62.132140063, -62.1347526129999, -62.135527038, -62.13639197, -62.136586154, -62.137637401, -62.138141011, -62.140090123, -62.143810698, -62.147559545, -62.1484087749999, -62.149178938, -62.153616675, -62.1554420149999, -62.16233182, -62.164498581, -62.1662827379999, -62.166891246, -62.167367062, -62.172256336, -62.173008328, -62.1740837889999, -62.176780723, -62.177803878, -62.1799186969999, -62.181998945, -62.1835375959999, 
-62.1861623479999, -62.190364077, -62.1904352139999, -62.190027128, -62.19011822, -62.191004951, -62.1933887989999, -62.1939906699999, -62.1980267449999, -62.1982278729999, -62.199088015, -62.1998615129999, -62.2001290739999, -62.202327989, -62.202573513, -62.2037335489999, -62.206558352, -62.2095668339999, -62.210166143, -62.20997498, -62.209368478, -62.209699389, -62.210896107, -62.212084287, -62.212441121, -62.2169843509999, -62.2189236299999, -62.2188959469999, -62.223433217, -62.225895277, -62.2273324359999, 
-62.2297742769999, -62.2310552719999, -62.232471107, -62.2333553029999, -62.2353939979999, -62.237028134, -62.2380856899999, -62.240249436, -62.241611991, -62.2432708309999, -62.2438624229999, -62.246371575, -62.2476944919999, -62.2509935289999, -62.253443567, -62.255271969, -62.2567589219999, -62.2584485029999, -62.2596379919999, -62.2611664119999, -62.261385203, -62.2605836359999, -62.26338916, -62.265840697, -62.267530542, -62.267916883, -62.269917979, -62.271923759, -62.2754475559999, -62.276578962, 
-62.277004715, -62.2782676069999, -62.282122795, -62.2829080859999, -62.28408704, -62.2863903469999, -62.288146826, -62.2890876069999, -62.289498329, -62.290946516, -62.291668865, -62.295608503, -62.2961393529999, -62.295561694, -62.2957796969999, -62.298029377, -62.300617192, -62.3026667999999, -62.309838235, -62.3098594929999, -62.3170030739999, -62.317814125, -62.3208320889999, -62.3244183469999, -62.325947721, -62.3277536359999, -62.3297739559999, -62.3300573479999, -62.3297203939999, -62.3314744139999, 
-62.333470677, -62.336276389, -62.3371697329999, -62.3401673259999, -62.3417226239999, -62.34263989, -62.3446262039999, -62.346386491, -62.349003758, -62.3488633979999, -62.3493657759999, -62.353876523, -62.356645456, -62.3595635339999, -62.361974139, -62.363222115, -62.367449662, -62.3696162529999, -62.375337469, -62.377350168, -62.3783565499999, -62.380651297, -62.38275272, -62.3837597359999, -62.3883069509999, -62.3909458489999, -62.3928239919999, -62.3960529399999, -62.397543625, -62.400895432, 
-62.4032038, -62.4060139079999, -62.4084947259999, -62.411029293, -62.4114198509999, -62.4097888579999, -62.40998216, -62.412915511, -62.414331708, -62.4145049939999, -62.4140670389999, -62.415783727, -62.416422249, -62.4172163759999, -62.4187019129999, -62.422616686, -62.422733352, -62.4242506519999, -62.425334429, -62.4260787369999, -62.428043673, -62.4297811459999, -62.432173234, -62.433727463, -62.435813611, -62.4412251809999, -62.4493166679999, -62.451804373, -62.453446872, -62.4560034469999, 
-62.458663661, -62.459529021, -62.4604535139999, -62.463054098, -62.466171791, -62.469495326, -62.471639012, -62.4749359979999, -62.477696523, -62.479946822, -62.4836349559999, -62.489479427, -62.493727325, -62.495593168, -62.498058401, -62.50092345, -62.5056753949999, -62.506656695, -62.5077235309999, -62.5077789859999, -62.508344235, -62.5120622749999, -62.513647986, -62.5160406699999, -62.5196718939999, -62.521979347, -62.527651522, -62.536478405, -62.5374779059999, -62.5380355329999, -62.5375062099999, 
-62.5386450709999, -62.539698846, -62.5410860159999, -62.54397956, -62.5471704879999, -62.548893945, -62.5508396649999, -62.555195093, -62.5547556339999, -62.551813166, -62.5482889149999, -62.541921783, -62.539561728, -62.537089078, -62.5354142139999, -62.533339698, -62.5194841269999, -62.512450397, -62.5096995859999, -62.507696843, -62.5069750819999, -62.507558388, -62.5124540629999, -62.5134210739999, -62.514204515, -62.5148651889999, -62.511998327, -62.5073257509999, -62.505780171, -62.503728522, 
-62.5033530869999, -62.50259299, -62.500796381, -62.493116479, -62.491224721, -62.4902798359999, -62.489558049, -62.4889205529999, -62.484650393, -62.4800698819999, -62.478118198, -62.475093921, -62.470425683, -62.465391266, -62.459278078, -62.457254603, -62.45579445, -62.455835377, -62.457202189, -62.459392548, -62.4597820459999, -62.4597938889999, -62.458664879, -62.455449741, -62.449983785, -62.4443114849999, -62.443275986, -62.436545379, -62.4341650259999, -62.425532609, -62.4231408289999, -62.422540964, 
-62.422463853, -62.4227241249999, -62.423227362, -62.427476315, -62.4282310769999, -62.4281930299999, -62.427135821, -62.420381237, -62.4170849889999, -62.417081637, -62.41794569, -62.424752756, -62.426580766, -62.4267508859999, -62.4252296639999, -62.423453457, -62.421889344, -62.416781913, -62.4164991599999, -62.417277949, -62.4179194419999, -62.4201661819999, -62.420893274, -62.4210573009999, -62.416480239, -62.4149168869999, -62.4140267609999, -62.412989564, -62.411708017, -62.412223288, -62.4117662509999, 
-62.409840273, -62.4080060859999, -62.4004126089999, -62.398677178, -62.3934799309999, -62.392560943, -62.3912515049999, -62.3904784269999, -62.3879177059999, -62.3855868429999, -62.386025467, -62.386255376, -62.3881888889999, -62.3894557529999, -62.389499813, -62.389811449, -62.389753459, -62.3894719199999, -62.3881462969999, -62.38733395, -62.38511113, -62.3809336529999, -62.3772207459999, -62.375321211, -62.3741151769999, -62.3731185519999, -62.373113495, -62.372783288, -62.3726916539999, -62.37249903, 
-62.371557991, -62.370473804, -62.367973605, -62.3651690059999, -62.361915777, -62.35963664, -62.3542348519999, -62.349029091, -62.343727413, -62.3401122539999, -62.3355404019999, -62.334201349, -62.332683679, -62.3299231059999, -62.3263873299999, -62.3255723989999, -62.326171011, -62.324856893, -62.31587544, -62.312083988, -62.3084687209999, -62.307535909, -62.307447739, -62.3083660459999, -62.315174858, -62.315532866, -62.3161097549999, -62.316479838, -62.3165877979999, -62.321443497, -62.322054474, 
-62.32319615, -62.326723532, -62.3279682409999, -62.327726378, -62.328284697, -62.3308087949999, -62.333170695, -62.3337200519999, -62.333224801, -62.3349760589999, -62.335864471, -62.335501414, -62.3345989429999, -62.3340023859999, -62.332755173, -62.332451114, -62.33300364, -62.3326412169999, -62.331163344, -62.328646069, -62.3280038859999, -62.3279961739999, -62.327891558, -62.3294348199999, -62.330832865, -62.3323640899999, -62.3337809009999, -62.334563231, -62.337419543, -62.3377509629999, -62.33758582, 
-62.3328086449999, -62.3283698939999, -62.328044516, -62.3286154529999, -62.330554966, -62.3305798389999, -62.331878464, -62.3331071039999, -62.333791656, -62.336615803, -62.337694497, -62.341226882, -62.34208188, -62.342497972, -62.343807529, -62.3448535589999, -62.346506152, -62.346861916, -62.346358092, -62.346388089, -62.348445035, -62.3491204969999, -62.349281123, -62.3487107669999, -62.349778509, -62.34963593, -62.347911745, -62.341935494, -62.3414012499999, -62.3374364389999, -62.335505589, 
-62.333859172, -62.3317781169999, -62.330116978, -62.329102418, -62.3297198079999, -62.327445102, -62.327667251, -62.3259718709999, -62.325140266, -62.325467571, -62.324670558, -62.3241974439999, -62.3251944729999, -62.325220967, -62.3240870619999, -62.329278313, -62.3324179779999, -62.3378903669999, -62.340364089, -62.344256636, -62.345141873, -62.3451124839999, -62.344117785, -62.342752358, -62.3400040949999, -62.3379438049999, -62.333933887, -62.333677578, -62.333452012, -62.329698584, -62.328890803, 
-62.329143667, -62.328556384, -62.3293346509999, -62.329724036, -62.3312499349999, -62.330394752, -62.3299468999999, -62.3326357639999, -62.3339422269999, -62.333749429, -62.332044681, -62.3273621239999, -62.3268646299999, -62.326894281, -62.325721068, -62.3245599489999, -62.324473643, -62.325366241, -62.3228041039999, -62.319671972, -62.317306126, -62.3149731599999, -62.314137489, -62.31324859, -62.309528999, -62.309577284, -62.3081908309999, -62.3047215679999, -62.302918978, -62.301197048, -62.301464314, 
-62.3004076609999, -62.2991386729999, -62.297912282, -62.2964723929999, -62.295251233, -62.2938337699999, -62.292275817, -62.2915823119999, -62.2917760009999, -62.292639343, -62.293446535, -62.292762247, -62.2898899679999, -62.2897842849999, -62.290279024, -62.295465957, -62.296720061, -62.2984463709999, -62.297668734, -62.300890908, -62.302855657, -62.303978132, -62.3048923909999, -62.307845006, -62.308808227, -62.311415304, -62.3116655269999, -62.3112849579999, -62.31284392, -62.312664602, -62.3124891429999, 
-62.3119751509999, -62.3117260259999, -62.315336724, -62.315920364, -62.315532802, -62.317216237, -62.3215542469999, -62.326252451, -62.328193722, -62.3296420729999, -62.3326431209999, -62.333946974, -62.336292965, -62.3369434139999, -62.339060794, -62.3389187749999, -62.3406661219999, -62.3408359739999, -62.3423342089999, -62.343033039, -62.341860878, -62.340919592, -62.342256805, -62.342232429, -62.340476801, -62.3399455489999, -62.3425253619999, -62.344365045, -62.345308158, -62.343677047, -62.344004296, 
-62.34607576, -62.351888369, -62.3527732869999, -62.354955406, -62.357306235, -62.3586951249999, -62.3607792769999, -62.366030423, -62.367030556, -62.367446398, -62.3670270739999, -62.3681423729999, -62.36980668, -62.3691269019999, -62.370917599, -62.369498573, -62.367552614, -62.366610403, -62.366891169, -62.369833496, -62.3738164609999, -62.375193143, -62.3722258269999, -62.3708895019999, -62.372122248, -62.3756899129999, -62.377826753, -62.3744993289999, -62.3728892539999, -62.372417989, -62.36995057, 
-62.3691072559999, -62.373112989, -62.3738348369999, -62.373327505, -62.3719755079999, -62.3676127799999, -62.3668928239999, -62.3667750319999, -62.3657034329999, -62.362914222, -62.3634664659999, -62.365557074, -62.3647508139999, -62.3668069779999, -62.3671985359999, -62.367109222, -62.365412943, -62.364836539, -62.363007925, -62.3619432499999, -62.3642489709999, -62.3645110399999, -62.367677481, -62.3672193399999, -62.3659724, -62.3634160259999, -62.3583633029999, -62.35588712, -62.347972134, -62.3452229549999, 
-62.34374643, -62.3457491639999, -62.345030473, -62.3432813029999, -62.3377475769999, -62.333111634, -62.33078446, -62.3269342369999, -62.3188310679999, -62.312167992, -62.3027474099999, -62.300252168, -62.292389381, -62.28963944, -62.2774415769999, -62.274466038, -62.2721423729999, -62.269217931, -62.267169896, -62.265607786, -62.2581134059999, -62.2538837509999, -62.2517996009999, -62.245861809, -62.244586453, -62.2439397039999, -62.2441102609999, -62.2455874449999, -62.2452547499999, -62.2446360659999, 
-62.243639311, -62.2429469299999, -62.241832222, -62.240831731, -62.241220008, -62.2386089329999, -62.238500921, -62.237447263, -62.2370555909999, -62.239446474, -62.2428340659999, -62.244994109, -62.2447795, -62.242696058, -62.2413599399999, -62.240806574, -62.240693237, -62.2425278259999, -62.243776976, -62.2436451, -62.24099813, -62.238502894, -62.238557701, -62.242583624, -62.2410347319999, -62.2411950659999, -62.243027641, -62.244335065, -62.2456118329999, -62.246941856, -62.250831871, -62.2519956679999, 
-62.254801185, -62.256093688, -62.257773521, -62.2602198989999, -62.2613340299999, -62.2632745879999, -62.268888514, -62.2506128969999, -62.2428104749999, -62.234670691, -62.2286045339999, -62.2284529169999, -62.2205525339999, -8.59088264699995, -8.59209608499999, -8.59494689699996, -8.59448637099996, -8.59055873999997, -8.59896651299993, -8.62820296599992, -8.63691973899995, -8.63730052599992, -8.63682797299999, -8.6442927529999, -8.64937524899997, -8.653911018, -8.65787889099995, -8.66493305799999, 
-8.67165665699995, -8.67939377299992, -8.68648802999999, -8.69507492999993, -8.70322784499994, -8.70606403899995, -8.70873207699999, -8.71043878299998, -8.71830885099994, -8.72495783699994, -8.73221219599994, -8.739642283, -8.762738675, -8.77078676199995, -8.7867773909999, -8.79469912899996, -8.80167114899995, -8.80404775699995, -8.80509443899996, -8.80509361099998, -8.80550308899993, -8.80892142999997, -8.80720974900001, -8.80264351099994, -8.79857020799998, -8.79812561299996, -8.796556703, -8.79627015399992, 
-8.79734469599992, -8.79971009499997, -8.80703493199993, -8.81634838599995, -8.8235978939999, -8.82912655199993, -8.83008389299992, -8.83269791099993, -8.84073901599992, -8.84886659599996, -8.857130538, -8.865078416, -8.87265878199997, -8.87860629899993, -8.87324461899995, -8.87556812, -8.87542135199993, -8.87623696699992, -8.87829210299996, -8.88141169799997, -8.88049547000001, -8.87735014899992, -8.87734120199998, -8.87451038199996, -8.86289264299998, -8.86289264399998, -8.86244025499995, -8.85791391599998, 
-8.85308532999996, -8.85308555599998, -8.85297330399993, -8.83911806299992, -8.83146347900002, -8.82346781999997, -8.8182360079999, -8.8110180539999, -8.80361553199998, -8.79666436199994, -8.78902939799998, -8.78563444299992, -8.77940905999997, -8.76396433599998, -8.75519911799994, -8.74738107499994, -8.73941064099993, -8.7327225999999, -8.73262550499994, -8.73720169899995, -8.74243872700001, -8.74778184299997, -8.747175688, -8.74717522699996, -8.74516265699997, -8.74820449399994, -8.74822893499992, 
-8.74421995099995, -8.73715237499995, -8.72879660499995, -8.72728326399997, -8.72377014999991, -8.71740948299996, -8.70986519899995, -8.70255220899999, -8.69519286099992, -8.69334452999993, -8.69360243499996, -8.68785275100002, -8.70002190399989, -8.70752640099997, -8.70958406999996, -8.708703183, -8.70501680099999, -8.70693543199993, -8.71077654999995, -8.71355753200001, -8.72069943099994, -8.71984004199989, -8.72195842400002, -8.72885346699995, -8.74500754099993, -8.7529561819999, -8.75825419699995, 
-8.76737160699999, -8.78003667899995, -8.78717625099995, -8.79471397799994, -8.79449532899997, -8.79868905399995, -8.80153723299998, -8.80269214599997, -8.80231511099995, -8.80094839099993, -8.80108243099992, -8.80231493099993, -8.80494063599993, -8.80569020699996, -8.80630105499996, -8.80667593399998, -8.80741069299994, -8.80953716199993, -8.8159291979999, -8.81665716399992, -8.81909775999997, -8.819907448, -8.81976810000001, -8.82023682699998, -8.81685797099992, -8.81683555399993, -8.8185966369999, 
-8.821585361, -8.827580601, -8.83141467699998, -8.83449779999999, -8.83695184499992, -8.84157493299998, -8.84353344699994, -8.84697910499993, -8.84902857299995, -8.85532905799998, -8.86055542299996, -8.86364060599997, -8.86499862999997, -8.87206884999992, -8.87416470299996, -8.87578616500001, -8.87557343099999, -8.87797672299998, -8.88483340999993, -8.89302992799999, -8.90168026299994, -8.9059413699999, -8.90747259099994, -8.90761335199995, -8.90842120699991, -8.91140113800001, -8.91365370199996, 
-8.91508275099998, -8.91736791899996, -8.920114294, -8.92724739499991, -8.92972732699993, -8.93118260499991, -8.93377524199993, -8.93727170099995, -8.94221584599993, -8.94254982899994, -8.95127088899997, -8.95650737699999, -8.95929926099997, -8.96283214199999, -8.96618837099995, -8.97541749999991, -8.97619306899996, -8.98020688399988, -8.98536830399999, -8.99013744399998, -8.99199675799998, -8.99552481099995, -8.99621325599998, -9.00055078999996, -9.00215054299998, -9.00704788499992, -9.01007070199991, 
-9.01397437599996, -9.01652440999992, -9.01935056099999, -9.02417026499998, -9.039384484, -9.04202353899995, -9.043722353, -9.04700259299998, -9.05145558499992, -9.05398056999994, -9.05928762199993, -9.06525448599998, -9.06730139799988, -9.07477734399992, -9.08114036099997, -9.08562552999999, -9.088999412, -9.09240257099993, -9.1007354139999, -9.10693815799993, -9.10876898899998, -9.11113154099997, -9.11313451199996, -9.11760014199997, -9.12272078399999, -9.12530102499996, -9.12809747899997, -9.13149692399996, 
-9.13750944199997, -9.13986093299993, -9.14697803999994, -9.1519648029999, -9.1532304149999, -9.1615947029999, -9.16915361999996, -9.17104747899998, -9.17792889599994, -9.17901806799991, -9.18832974099995, -9.19181774699998, -9.19519772999996, -9.19733907399994, -9.19896403499992, -9.20028452799993, -9.2124044889999, -9.21872691799997, -9.2264881209999, -9.23116520099999, -9.23617586399997, -9.24013937199991, -9.24285507499999, -9.24584743899995, -9.24867415099989, -9.24889099299998, -9.24495088399993, 
-9.24401690799993, -9.24441349499997, -9.2442892459999, -9.24385157199993, -9.24162012699995, -9.23808404099994, -9.23708803599995, -9.23695862199999, -9.23714285399996, -9.23752532899989, -9.24048151999997, -9.24367372499995, -9.252628998, -9.25435597799998, -9.25603509499991, -9.2565641759999, -9.25563542799997, -9.25620807599993, -9.25555583999996, -9.256015696, -9.25640391399996, -9.25709696699993, -9.259288682, -9.26429151099995, -9.26797893199996, -9.27058432399997, -9.27428670099998, -9.27647094999996, 
-9.27986460999991, -9.28172535299995, -9.28349872299995, -9.2840842009999, -9.28412329299993, -9.27865940499993, -9.27857171199996, -9.27979579799999, -9.28070163699998, -9.283062436, -9.28992653599995, -9.29459366500001, -9.30623395299991, -9.31037388899997, -9.31354544899992, -9.31572814199995, -9.32145228, -9.32682576599998, -9.32911328399998, -9.32900042199996, -9.32741357999994, -9.32805846400001, -9.32936106199996, -9.39036071199993, -9.38929753699998, -9.38710198299995, -9.38628706199994, 
-9.38630149899998, -9.38748860099997, -9.38622899399993, -9.40625254499997, -9.41225819499994, -9.41926655199993, -9.43150516699994, -9.43695814399993, -9.43933968499989, -9.444857503, -9.44600559099996, -9.44871827899997, -9.45258324799992, -9.45310067500001, -9.45346500299996, -9.45173411900001, -9.44886855999997, -9.44706584799993, -9.44061058099988, -9.43355952999992, -9.42930240099994, -9.42832364599996, -9.42797887199994, -9.42857397799997, -9.43138929699995, -9.4333005029999, -9.43698022199989, 
-9.44027254399998, -9.45030516099999, -9.45297194999993, -9.45878226099991, -9.46408183399999, -9.46770416399994, -9.46871375999999, -9.46945404299996, -9.46920934799996, -9.46974481399995, -9.47180485299995, -9.47441911899999, -9.47588155899993, -9.47809381099992, -9.48176699899991, -9.4830894199999, -9.49602527499996, -9.5004461099999, -9.50109647699998, -9.50143943799993, -9.50120771999995, -9.49998336299998, -9.50012089299999, -9.50047298299991, -9.50047757299993, -9.50056439899992, -9.50056673999994, 
-9.54569173699996, -9.56751890999993, -9.55198649799996, -9.55304296799998, -9.66021247699992, -9.69029477399991, -9.764923422, -9.7865157869999, -9.78689527299995, -9.78691069099998, -9.78313172199995, -9.78299727999993, -9.77947155799997, -9.77846667999996, -9.77697991999996, -9.77621447599995, -9.75896863999997, -9.75416217399992, -9.74878129799995, -9.74644866299995, -9.74570397499997, -9.74449156199993, -9.74481628999998, -9.75265260799999, -9.75527140499995, -9.75569914699999, -9.75915680199991, 
-9.75830196499997, -9.75443341799998, -9.75210054599996, -9.75008327099994, -9.74773663999994, -9.74271781099999, -9.73608744399993, -9.73397086599995, -9.73253488699989, -9.7304289259999, -9.72685706699995, -9.72535875599997, -9.72393371699992, -9.72143016299999, -9.71734620399994, -9.71683026499997, -9.71689704799999, -9.71840822099997, -9.71825829399991, -9.720556587, -9.72043008599993, -9.71839874299999, -9.71096598699997, -9.70767356299996, -9.70569088299996, -9.70499920699993, -9.70578806699992, 
-9.70566891399992, -9.70487077599996, -9.70315401499994, -9.69955320199999, -9.68694132699991, -9.68445991799994, -9.67940372999992, -9.67167569699999, -9.67122184899992, -9.67022471899993, -9.6713440079999, -9.67202561399999, -9.67434203599989, -9.675341605, -9.67691998299994, -9.67701133799995, -9.67649435699999, -9.67496632499994, -9.67333584299995, -9.67222675699993, -9.66751905299997, -9.66574240699996, -9.66242929799993, -9.65858745399993, -9.64713765799999, -9.63856854399992, -9.63286064599989, 
-9.6257211949999, -9.622757575, -9.62096853099995, -9.61957302099995, -9.6183176239999, -9.61735457999989, -9.61435958099997, -9.61098942899993, -9.60825557799994, -9.60169833699998, -9.59901420799994, -9.59360922099993, -9.59087931100001, -9.57890192099994, -9.57419515599996, -9.56557206199996, -9.56320151700002, -9.55979204399991, -9.55780588899998, -9.557334908, -9.55548760100001, -9.55297060099994, -9.54808014199996, -9.54454852599996, -9.54391100199997, -9.54329918499997, -9.5426853619999, -9.54121016299997, 
-9.54097347899992, -9.5402292709999, -9.53932583999993, -9.53698898799994, -9.53677697099989, -9.53450288699994, -9.53232601499995, -9.53155000599995, -9.53114966599996, -9.53103495799997, -9.53148342499995, -9.53076433499996, -9.53135494399989, -9.53403579299993, -9.5365484029999, -9.53812126500001, -9.53776022899998, -9.53866017599992, -9.54080820999993, -9.54108984399996, -9.5406930799999, -9.54179325299998, -9.54166166499993, -9.54075408399998, -9.54076042799997, -9.54351983699993, -9.54384367899999, 
-9.54386871799993, -9.542980638, -9.54503124899993, -9.55128328199995, -9.55263221300001, -9.55519400799997, -9.55581457699997, -9.55638480099999, -9.55702268899993, -9.55856803199989, -9.56031002299996, -9.56319861899996, -9.56452422999995, -9.565299921, -9.56659801399994, -9.56961182799999, -9.57280734299998, -9.57570422699995, -9.57631946499996, -9.57751875399989, -9.58047660399993, -9.58175516999994, -9.58447390399991, -9.5866002829999, -9.58884162099999, -9.59057351399993, -9.59200713299998, 
-9.59320172499996, -9.59701542899994, -9.60054805499993, -9.60389099299995, -9.60446871299997, -9.60410643899992, -9.60513321399997, -9.60664108299994, -9.60814538999998, -9.60975063199992, -9.61232653599998, -9.61284035899995, -9.61517996999991, -9.61636431699993, -9.61678491699992, -9.61720005999998, -9.617435336, -9.61887393499993, -9.619855941, -9.62009688799995, -9.62362761999996, -9.62536318499994, -9.63361125499992, -9.63426468499998, -9.6337293, -9.63391966599994, -9.63726997299995, -9.64096788099994, 
-9.64447908799993, -9.64557536499996, -9.64592320399996, -9.6486479709999, -9.65044094799993, -9.65125029899992, -9.65179431899999, -9.65543246100001, -9.65597439899991, -9.65536287499994, -9.65727624299998, -9.65982672699997, -9.660796363, -9.66177393599997, -9.6644685219999, -9.66635539699997, -9.66668142699994, -9.66769613099997, -9.67086387899997, -9.67324705199998, -9.67638095599993, -9.67786770899993, -9.68029298899996, -9.68148758199995, -9.68375249399994, -9.68667240099995, -9.688811372, 
-9.68844465799995, -9.689520826, -9.68993126799994, -9.6907219459999, -9.69088441799993, -9.69139199800001, -9.69463548599997, -9.69661666299993, -9.69975858499993, -9.70117052099996, -9.70525204599998, -9.70455643599998, -9.70509906499993, -9.707809281, -9.70769813599995, -9.70688679499997, -9.70754313799992, -9.710046398, -9.70996042099991, -9.70824126399995, -9.70860805800001, -9.70825864799997, -9.70726736399993, -9.70689588599992, -9.70734813099995, -9.7076824399999, -9.70907898899998, -9.70905829399996, 
-9.71006575599992, -9.71246174000001, -9.712772893, -9.71580179399997, -9.719006409, -9.72295884799999, -9.72569166599989, -9.72935628899997, -9.73104788099995, -9.73128916899993, -9.73186482599996, -9.73754672699997, -9.74000682899995, -9.74095163299996, -9.74256774099992, -9.74397796599989, -9.74377028599994, -9.74300390999995, -9.74258588399991, -9.74217776299998, -9.74279662199994, -9.74232778599996, -9.742565515, -9.74036564499997, -9.74059698299993, -9.74247075599989, -9.74827639200001, -9.74829998400001, 
-9.74964540199995, -9.74925579099995, -9.750330934, -9.75103306700001, -9.75202455899998, -9.75229096999991, -9.75311946299998, -9.75312012799995, -9.75221242499989, -9.75356040599996, -9.75520210599999, -9.75700364399993, -9.75844766699995, -9.75782416699996, -9.75471808, -9.75307647099989, -9.75298608899996, -9.75206678800001, -9.75178275799996, -9.75052232199994, -9.74969513599998, -9.7486647929999, -9.747221123, -9.74517529199993, -9.74547371499993, -9.74648869899998, -9.74578201799995, -9.74559881799998, 
-9.74417108699988, -9.74363081899995, -9.74308172399999, -9.74209031099994, -9.74129276399994, -9.74191099599993, -9.74071400199993, -9.74175010899994, -9.74191677299997, -9.73919067299992, -9.73900602699992, -9.73821820800001, -9.73779845400001, -9.73572030399993, -9.73394260199992, -9.73406411999994, -9.734920399, -9.73562236999991, -9.735210184, -9.73545498399991, -9.73733480299993, -9.73680672599993, -9.73513402399991, -9.73605130599996, -9.73823384499998, -9.74099331699994, -9.74135254199991, 
-9.7441863399999, -9.74495013199995, -9.74644989899996, -9.74775800099993, -9.74883046199993, -9.74970466899988, -9.75155226899998, -9.75102518499998, -9.75273383199996, -9.75444522199998, -9.75702843399993, -9.75761488199996, -9.75709502299994, -9.75610533899994, -9.75798871799999, -9.75933565899997, -9.75962780599998, -9.75910572899995, -9.75805662100001, -9.75920844499992, -9.75935665699993, -9.75996809999998, -9.75993159399998, -9.76306529999992, -9.76796427199998, -9.76838335899993, -9.76935412099996, 
-9.76974930199997, -9.77220414799996, -9.77269244099995, -9.78296454999997, -9.78492280299999, -9.78776776199993, -9.78803337999997, -9.79058881499993, -9.79257241299992, -9.79220085799991, -9.79371076699996, -9.79352378899994, -9.79383844699996, -9.79460569999993, -9.79544130799997, -9.79641208199991, -9.79670260999997, -9.79742769099992, -9.79825574899996, -9.79914265699998, -9.79970731099998, -9.80244630299994, -9.80380771499997, -9.80438874599999, -9.80461564499993, -9.80368114599997, -9.80249834399999, 
-9.80065410099998, -9.79478027699999, -9.78961213799995, -9.78722746199999, -9.78555966199993, -9.78285375599995, -9.78052140599997, -9.778988876, -9.78022898699994, -9.77884786399997, -9.77596177399992, -9.77395614099988, -9.77416095099995, -9.77445196599996, -9.77506008999992, -9.77800635499998, -9.77834388299993, -9.77627635299992, -9.77613941499996, -9.77521343399999, -9.77516774199994, -9.77434986299995, -9.77421145599996, -9.77204049799992, -9.77268633499998, -9.77206042899997, -9.76773950499995, 
-9.76425877099999, -9.76290571199995, -9.76238219099997, -9.76142438999995, -9.75535391799994, -9.75460447299993, -9.75275535699996, -9.75119691699998, -9.74761076299991, -9.74340262899998, -9.74208406899995, -9.73669285700002, -9.73221504899989, -9.72927008499994, -9.72426664999993, -9.71782099899997, -9.71604735499994, -9.71540400799991, -9.70696785300001, -9.70122692799992, -9.69320807699999, -9.69041092699992, -9.68228065299993, -9.67181244499994, -9.67076937699996, -9.67108158399995, -9.67310256900001, 
-9.67250947699997, -9.67425576199995, -9.67472900199994, -9.67352655699992, -9.672844781, -9.67261676999996, -9.67020970199993, -9.66830150299996, -9.66515808999993, -9.66238861699994, -9.66166749499996, -9.66139288499997, -9.66103189599995, -9.66026024499996, -9.65831145199992, -9.65407973, -9.65102480900001, -9.64886686699998, -9.64391799699996, -9.63965828999994, -9.63101918399994, -9.62811206399993, -9.62604786499993, -9.62402607099998, -9.62225681099996, -9.61906567499998, -9.61828481699994, 
-9.61684418499994, -9.61636218299994, -9.61561318599996, -9.613083568, -9.60771419699991, -9.60409037999993, -9.59765940599993, -9.594684618, -9.59029036799995, -9.5827251769999, -9.57906983599997, -9.57591902899996, -9.57472933199993, -9.56990225399995, -9.56840017999992, -9.56647676999994, -9.56520167799995, -9.56321105300001, -9.56169049899996, -9.55681222899992, -9.55411219899998, -9.54022164999998, -9.53269534099995, -9.525891271, -9.52501877500001, -9.52098271999994, -9.51963010699993, -9.51541467799993, 
-9.51410260799999, -9.51304036399995, -9.51132411499996, -9.50502576099993, -9.49994415799994, -9.49791900499998, -9.49604770699995, -9.49494586799991, -9.49400738699998, -9.49277640799991, -9.49041070699993, -9.48893612899996, -9.48448891999996, -9.48034429099996, -9.47906767899994, -9.47750630499998, -9.47673484099992, -9.47537752599997, -9.47434539799993, -9.47215788699994, -9.46046248299993, -9.45088707299991, -9.44920241699997, -9.44358708499996, -9.43217381399993, -9.42716160399991, -9.42257509799994, 
-9.41754267499993, -9.41492886399994, -9.40745688599996, -9.40518874199997, -9.4015628949999, -9.40092222299992, -9.40029162099997, -9.39992137199997, -9.39794008799991, -9.39349123199996, -9.39261278899993, -9.39244181799991, -9.38940088899992, -9.38331298599998, -9.3831016299999, -9.382206492, -9.37450382299994, -9.37250207599996, -9.369839231, -9.36938481299997, -9.36931157799995, -9.37091746799995, -9.37479295899989, -9.37607881099996, -9.37621623299997, -9.37567301099996, -9.37180395499993, 
-9.36936558699998, -9.36760543299991, -9.36641508299992, -9.36488958599991, -9.36312934699993, -9.36102804399997, -9.35236870999999, -9.34920093699999, -9.34836974299996, -9.34862623999996, -9.35291397599999, -9.35017310299996, -9.34937013999996, -9.35089781799997, -9.35042141099999, -9.34891261299994, -9.34481803199999, -9.341695552, -9.33903087899997, -9.33417082499993, -9.33027437599995, -9.31790197899996, -9.31460769699989, -9.31236195499997, -9.30981526899993, -9.30534061799998, -9.30387018999991, 
-9.29871738499997, -9.29795989699992, -9.29135658399996, -9.29068565399996, -9.29043968899995, -9.27938036999999, -9.27332420599992, -9.26764702099995, -9.26291394399993, -9.25977658699995, -9.25337404499992, -9.247774831, -9.23553625999999, -9.23271529799999, -9.23123383499998, -9.2268037219999, -9.22202492299991, -9.21647735799992, -9.21262782899991, -9.20682322799996, -9.20441475599999, -9.19868960599995, -9.1954804709999, -9.18697784800001, -9.17698610199992, -9.16753981599992, -9.15873652999993, 
-9.15424697499999, -9.13011870599997, -9.11246425999993, -9.10212044299993, -9.09580970799993, -9.09353644999996, -9.08998402099993, -9.08106200199997, -9.07430315999994, -9.07126045999998, -9.06775636799996, -9.05589588499996, -9.05319775499992, -9.05289805899999, -9.05009160699995, -9.04847349499992, -9.04832972099992, -9.04716641899995, -9.04529936599992, -9.03513904899992, -9.02220968099995, -9.01944383799998, -9.01829939099997, -9.01675857599994, -9.01193198399991, -9.01045706299991, -9.01072716499996, 
-9.010948738, -9.0098890579999, -9.00899009499994, -9.00788670999995, -9.00706542299995, -9.00633779799996, -9.00238343499998, -9.00053273299998, -8.99477061299999, -8.99210029499994, -8.99019040599992, -8.98695970399995, -8.98667091799995, -8.98526216700001, -8.983615436, -8.98124357099995, -8.97978721699998, -8.97752393499994, -8.97299503599994, -8.96779509699993, -8.96490901199996, -8.96337165599995, -8.96143126799998, -8.95788818700002, -8.95613545299994, -8.95386173599993, -8.95047893099999, 
-8.94774459399997, -8.94651771699998, -8.94422461799996, -8.94265912399993, -8.94114819299997, -8.93736556699999, -8.93696143799994, -8.93413500799994, -8.93271811699995, -8.92750238199996, -8.92290421799991, -8.922095901, -8.91872171099998, -8.91472532699989, -8.90890141899995, -8.90743290499994, -8.90727231499998, -8.90638701599991, -8.90534064999994, -8.90362632200002, -8.90139981200001, -8.89919498199992, -8.89596672999998, -8.89352607599992, -8.89263201099993, -8.88893625799994, -8.88568940299997, 
-8.883116698, -8.88111688, -8.88009120299996, -8.87968176399992, -8.87855777299992, -8.87706052199993, -8.87585298099994, -8.87601913699992, -8.87502121699995, -8.87380209099998, -8.87157610899992, -8.87184209599999, -8.87089171999996, -8.87070950099998, -8.86954635299993, -8.86643389999998, -8.86239728299994, -8.86095416699991, -8.85992034599999, -8.86011208599996, -8.85921269599997, -8.85705293999997, -8.85519769699995, -8.85571949699996, -8.85565694799993, -8.85494357799997, -8.85484269699997, 
-8.85319196399999, -8.84944815699994, -8.84810196699993, -8.84601620899993, -8.84492702199996, -8.84413915899996, -8.83884001099991, -8.83631272899997, -8.83150586899998, -8.82983868799997, -8.82810466800002, -8.82829467999994, -8.82867005899991, -8.82821066199991, -8.82193475399996, -8.82087871799998, -8.8184904619999, -8.81839161099998, -8.81760537099995, -8.81354131899995, -8.81076862099995, -8.81022106499994, -8.80877444399998, -8.80604190199993, -8.80562469899996, -8.80533233599992, -8.80525203099994, 
-8.804712771, -8.80374163999994, -8.80339325799998, -8.80298664299991, -8.80160053199997, -8.80053344599997, -8.80091296099993, -8.79927952899996, -8.79702616999994, -8.79634194999991, -8.79310677999992, -8.79085039899993, -8.78997915999996, -8.78991658599993, -8.79149028599993, -8.78998790199997, -8.78841192199996, -8.78755700200001, -8.78670790099992, -8.78580649299995, -8.78377442799994, -8.77745533899997, -8.76871631199997, -8.76856200099999, -8.76693555899998, -8.76534142899997, -8.76468628199994, 
-8.76337780099995, -8.75963111299992, -8.75872961799994, -8.75771643599995, -8.75624539599992, -8.75458881999998, -8.75484963099998, -8.75688914799998, -8.7535315449999, -8.75299907899999, -8.753106561, -8.75179240299998, -8.750991873, -8.74967607799993, -8.74554050799997, -8.74363573299993, -8.74209307199992, -8.74355692899998, -8.74072182199997, -8.739830103, -8.73939648999992, -8.73795912199991, -8.73710363399992, -8.7352753239999, -8.73202362999997, -8.73204366899994, -8.73008582699995, -8.72805653199991, 
-8.72782019099999, -8.72862383599996, -8.72829075899993, -8.723287109, -8.72246485499991, -8.72046052499998, -8.71991291299997, -8.71886805099994, -8.71663362199998, -8.71477421299996, -8.71322710899994, -8.71170914899993, -8.70969022599995, -8.70871245699997, -8.70551987899995, -8.70373351199994, -8.70350331499999, -8.70149365199998, -8.69816263499997, -8.69266785099999, -8.69190448399998, -8.69063492399992, -8.68834477999997, -8.68727361799998, -8.68425208299991, -8.68535504199995, -8.68419763799993, 
-8.67991333799992, -8.67813375899994, -8.674707036, -8.67286880999997, -8.67233916199993, -8.67353302899994, -8.67474072199995, -8.67459836299998, -8.67661352499992, -8.67894912499999, -8.68697295399997, -8.69523466499992, -8.70013898399998, -8.70285223299994, -8.70733032399992, -8.70894623399995, -8.7093010249999, -8.70832471199995, -8.7052626519999, -8.70437742199993, -8.70419521699995, -8.70357058799996, -8.70034673599994, -8.70003900799997, -8.70253883999995, -8.70197625799994, -8.70084548999991, 
-8.69683430299993, -8.6962874829999, -8.694736518, -8.69071671199993, -8.69060868699997, -8.68928543699999, -8.68990505399992, -8.68894668899994, -8.68644306299991, -8.68378317299992, -8.68032182499997, -8.67792069899998, -8.67714610399993, -8.67682721999993, -8.67344092099996, -8.67321317499995, -8.67193641699991, -8.67016444699994, -8.66879852199999, -8.66677393299998, -8.66559854599998, -8.663485103, -8.65799890499993, -8.65465893399998, -8.65162180299995, -8.65053685099998, -8.64752574199997, 
-8.64406894699995, -8.64012455299999, -8.63780822699992, -8.6348882259999, -8.63087773899998, -8.62854302199999, -8.62472191800002, -8.62197901099991, -8.6199500619999, -8.61237838199994, -8.60814443000001, -8.60457429999993, -8.600264156, -8.59854529899998, -8.59374742699993, -8.59260823599991, -8.59194298499993, -8.59281086599998, -8.59195729799996, -8.59101585299996, -8.58933479399996, -8.58780488899994, -8.58551634999994, -8.58454326799999, -8.57575858499994, -8.58062191799998, -8.5806616899999, 
-8.58454200899997, -8.59056836899988, -8.59057425999993, -8.59088264699995)))"
1100148,Nova Brasilândia D'oeste,11,RO,"list(list(c(-61.9568963969999, -61.958010954, -61.9570350899999, -61.9585855459999, -61.9572009729999, -61.95905775, -61.9578688089999, -61.9597004319999, -61.9609464869999, -61.962058092, -61.963060489, -61.9644467109999, -61.964925226, -61.966313023, -61.967754856, -61.969590808, -61.9722798229999, -61.973616095, -61.9779187189999, -61.9761206149999, -61.977704373, -61.9781999469999, -61.9792260469999, -61.981841516, -61.9843715469999, -61.9867050379999, -61.9885118979999, -61.990535622, -61.9892541999999, 
-61.991088592, -61.991528785, -61.9908680159999, -61.991865717, -61.9927595939999, -61.9938918909999, -61.992313043, -61.993173295, -61.9941194859999, -61.994283952, -61.9937844549999, -61.9960393069999, -61.994980902, -61.9957542219999, -61.995259392, -61.9966688679999, -61.997396277, -61.9960860299999, -61.99609277, -61.997213718, -62.00131197, -62.0047531009999, -62.0052016339999, -62.0045104639999, -62.00583861, -62.008703614, -62.0098699119999, -62.009034771, -62.00939564, -62.008811363, -62.009479007, 
-62.008480688, -62.014538162, -62.0132030989999, -62.0133159869999, -62.0152279289999, -62.018372845, -62.0206134119999, -62.019842794, -62.021032388, -62.019867734, -62.0193388649999, -62.021509153, -62.0242277399999, -62.0232841249999, -62.0250951189999, -62.0239539909999, -62.021619931, -62.0212564019999, -62.021311344, -62.0223938449999, -62.022038048, -62.023336407, -62.023845989, -62.024843277, -62.0261747159999, -62.025838415, -62.028892516, -62.0295870999999, -62.0290882729999, -62.027039276, 
-62.0266973499999, -62.028642011, -62.029092744, -62.032203923, -62.0319014959999, -62.0326703979999, -62.0341173579999, -62.0363077069999, -62.037423135, -62.0399516589999, -62.0388395719999, -62.039894582, -62.039921936, -62.0407266499999, -62.0408873849999, -62.0439780359999, -62.045002487, -62.0475012979999, -62.0498400079999, -62.0529208199999, -62.053032259, -62.0550624649999, -62.0565857029999, -62.058619611, -62.062641701, -62.062844237, -62.06148206, -62.061503732, -62.0658111899999, -62.066954501, 
-62.068400103, -62.069371979, -62.072450566, -62.07470373, -62.0786150339999, -62.078646802, -62.079643408, -62.07945176, -62.081310188, -62.079984472, -62.0820104469999, -62.0835122129999, -62.0860912539999, -62.0836680549999, -62.083587685, -62.0845651059999, -62.084309262, -62.082675217, -62.0825320179999, -62.084258601, -62.0848198569999, -62.08234355, -62.082039758, -62.0832555379999, -62.083507413, -62.084983563, -62.086120245, -62.0918427, -62.0931806089999, -62.096065466, -62.099725004, -62.099758132, 
-62.100923942, -62.102502323, -62.103512746, -62.1081154629999, -62.1081989859999, -62.110091621, -62.113756111, -62.116394482, -62.117340767, -62.1202028059999, -62.122728422, -62.127831767, -62.132313022, -62.1375905669999, -62.140399199, -62.1454555449999, -62.1495606269999, -62.1531182229999, -62.1533144789999, -62.157401684, -62.1608426889999, -62.1630786149999, -62.167117224, -62.1714546199999, -62.172705917, -62.16803844, -62.166206952, -62.1637590779999, -62.164780965, -62.165340127, -62.170698929, 
-62.1731166849999, -62.173618555, -62.175979855, -62.175651385, -62.172399425, -62.174535232, -62.1724510079999, -62.172590917, -62.171591305, -62.173398333, -62.1796461929999, -62.184284379, -62.1845424139999, -62.1862887619999, -62.1897838129999, -62.190095955, -62.190729164, -62.195454673, -62.195810815, -62.20100947, -62.203673211, -62.1972561709999, -62.199367635, -62.199421803, -62.19409115, -62.193592158, -62.197870273, -62.1978393439999, -62.200151045, -62.2032568589999, -62.206647531, -62.207364657, 
-62.2089827899999, -62.210255463, -62.2129546159999, -62.212919675, -62.2097590079999, -62.20498233, -62.204240506, -62.202755986, -62.2049218959999, -62.203565443, -62.204064469, -62.1991441759999, -62.196421903, -62.1967562429999, -62.1936459989999, -62.193540478, -62.1944010369999, -62.1934264499999, -62.189897293, -62.191733793, -62.1930946209999, -62.195925744, -62.196040467, -62.1912008429999, -62.1908361159999, -62.18850837, -62.1896220289999, -62.188153389, -62.191430372, -62.193366939, -62.1962892369999, 
-62.199928299, -62.205591048, -62.2067011729999, -62.226301292, -62.2322377799999, -62.2324861139999, -62.236011404, -62.241341382, -62.243900718, -62.241510806, -62.243982177, -62.2461999929999, -62.249063856, -62.250029695, -62.2535931639999, -62.257816565, -62.25823838, -62.2622647429999, -62.2626231399999, -62.2642062349999, -62.267650703, -62.268930429, -62.2700053469999, -62.271627547, -62.2706211029999, -62.2736162469999, -62.273704883, -62.2765326679999, -62.2784841539999, -62.279179347, 
-62.2811221239999, -62.280340778, -62.2827565119999, -62.282094931, -62.283731875, -62.284456717, -62.286179799, -62.2881510859999, -62.2915957209999, -62.292148098, -62.290673056, -62.2969522719999, -62.2993844599999, -62.300258711, -62.3028981729999, -62.301173423, -62.301511815, -62.3048291679999, -62.307061074, -62.30723016, -62.308154401, -62.309704033, -62.311378543, -62.312122055, -62.312543671, -62.314036478, -62.315899835, -62.315845197, -62.318040481, -62.319568514, -62.318789583, -62.320258228, 
-62.321175307, -62.3213754049999, -62.322096957, -62.323374736, -62.3244860279999, -62.323929693, -62.3254554179999, -62.325513277, -62.330430553, -62.3330921729999, -62.3351451839999, -62.3372281339999, -62.3379769749999, -62.3392310769999, -62.341259332, -62.342041307, -62.3433705899999, -62.344708203, -62.347042147, -62.3459850139999, -62.347482333, -62.34942625, -62.3505385669999, -62.3503981419999, -62.3535361679999, -62.35795955, -62.358175919, -62.361652489, -62.362979794, -62.364427889, -62.364512244, 
-62.367459918, -62.3680082189999, -62.3710698519999, -62.374151113, -62.374542256, -62.376766003, -62.374958161, -62.377985243, -62.3787051479999, -62.379787536, -62.3805952379999, -62.3829035339999, -62.3860111279999, -62.384706369, -62.3862299769999, -62.3890126419999, -62.3907884779999, -62.3916135099999, -62.392062451, -62.393958123, -62.3953459809999, -62.396348804, -62.399342054, -62.4000697339999, -62.401486521, -62.4024789239999, -62.4039890499999, -62.40407127, -62.4056259659999, -62.4072878039999, 
-62.407544403, -62.406037306, -62.4065333849999, -62.4057613809999, -62.407535803, -62.406592874, -62.406154305, -62.408622753, -62.408207674, -62.408817369, -62.4101220569999, -62.4117595449999, -62.413394393, -62.413623035, -62.414955044, -62.415597068, -62.4168740229999, -62.418014913, -62.418786221, -62.419729609, -62.4207929659999, -62.4220651929999, -62.4232295409999, -62.4233716819999, -62.4283179989999, -62.427264123, -62.4288547869999, -62.431178201, -62.431119071, -62.433009445, -62.4353438629999, 
-62.436431715, -62.436515045, -62.4382872539999, -62.438012591, -62.439037761, -62.4393677849999, -62.4394281239999, -62.4384297279999, -62.4396770649999, -62.441259475, -62.444676363, -62.445205952, -62.448182033, -62.448313702, -62.449901271, -62.451429703, -62.4530682119999, -62.4524823309999, -62.4527895119999, -62.452792227, -62.4527971549999, -62.4528272399999, -62.4528342729999, -62.4528409979999, -62.4528884139999, -62.453002517, -62.4530966959999, -62.4533123759999, -62.453785527, -62.4539461809999, 
-62.454349579, -62.4549638569999, -62.455474048, -62.4570959859999, -62.460960828, -62.461408848, -62.462642288, -62.462834287, -62.463493555, -62.46395948, -62.464788056, -62.464904998, -62.464222026, -62.4646917519999, -62.465475166, -62.4774881769999, -62.478621311, -62.479907741, -62.476761654, -62.476778481, -62.476066715, -62.4773291779999, -62.476608657, -62.4778026449999, -62.4755145129999, -62.47476009, -62.471147862, -62.4675395189999, -62.466984399, -62.4653957689999, -62.4642304119999, 
-62.4618461459999, -62.462287564, -62.4637942809999, -62.463286368, -62.4648173949999, -62.4637366719999, -62.461984214, -62.4598164069999, -62.456489099, -62.4544865519999, -62.452790202, -62.450900708, -62.448007755, -62.442903385, -62.4412875599999, -62.4396761669999, -62.439233162, -62.437261497, -62.4329131119999, -62.430262472, -62.4258411449999, -62.425619925, -62.4250651829999, -62.424695676, -62.4236494239999, -62.420899865, -62.417734185, -62.4142095029999, -62.410928463, -62.4006229889999, 
-62.392821521, -62.388617961, -62.385480693, -62.3810331929999, -62.3736759319999, -62.3716751059999, -62.3701832759999, -62.369675172, -62.369537385, -62.36164926, -62.3565395079999, -62.351035013, -62.3479818009999, -62.3462588689999, -62.345761199, -62.3419651619999, -62.3405644049999, -62.3398044459999, -62.33958948, -62.3401423269999, -62.336535026, -62.3333670809999, -62.331297649, -62.3309256409999, -62.330675624, -62.328536939, -62.327038329, -62.3262059409999, -62.325041534, -62.3217012489999, 
-62.321729062, -62.3201179709999, -62.3190641419999, -62.318828439, -62.318775901, -62.3165329279999, -62.3157580039999, -62.31545467, -62.3131717599999, -62.3113116749999, -62.3109486829999, -62.3099794919999, -62.307609094, -62.305814808, -62.306081215, -62.3064571209999, -62.306121455, -62.306984876, -62.3071811959999, -62.30625974, -62.300677762, -62.2981798059999, -62.2960608509999, -62.2953687499999, -62.294012436, -62.290838001, -62.2906476139999, -62.2881497539999, -62.2866437179999, -62.286648478, 
-62.285930213, -62.2832535899999, -62.278314602, -62.277531458, -62.276392882, -62.27573398, -62.273341247, -62.2712521619999, -62.268395249, -62.266568948, -62.2656447509999, -62.264697859, -62.2642828309999, -62.261898906, -62.2613430719999, -62.261511254, -62.260647671, -62.259895901, -62.2582865089999, -62.254619697, -62.254706798, -62.2531714529999, -62.252231996, -62.252256522, -62.2490917929999, -62.246670103, -62.243563453, -62.2432633769999, -62.24170409, -62.240034927, -62.239039694, -62.239124158, 
-62.236948879, -62.236760611, -62.237233158, -62.235315769, -62.2317032829999, -62.227619296, -62.227370352, -62.2255656019999, -62.223256785, -62.222926168, -62.219896475, -62.2174589019999, -62.2172591719999, -62.212564379, -62.2109812699999, -62.209588848, -62.2100390789999, -62.209315974, -62.207840093, -62.2061156779999, -62.20495486, -62.203036252, -62.201425489, -62.2009275879999, -62.199421858, -62.1988792069999, -62.198109061, -62.197338916, -62.196625545, -62.197643528, -62.19478724, -62.194402268, 
-62.1952296799999, -62.1930966389999, -62.190369511, -62.1890122139999, -62.187483302, -62.187192265, -62.1866227029999, -62.185067609, -62.183425611, -62.1826443189999, -62.181036839, -62.179893997, -62.178478044, -62.180122631, -62.1787541729999, -62.1787325079999, -62.178064335, -62.176365092, -62.174482916, -62.173873768, -62.173202147, -62.1710374159999, -62.169838563, -62.1677848019999, -62.166342455, -62.16631258, -62.16505973, -62.1636859649999, -62.1638408309999, -62.162728273, -62.1619224, 
-62.1622037189999, -62.162007826, -62.160615682, -62.1572580279999, -62.156169556, -62.15528368, -62.1562323459999, -62.155426877, -62.155121681, -62.153613567, -62.150952182, -62.150981283, -62.1510946399999, -62.148254153, -62.147258408, -62.1446796069999, -62.1428978059999, -62.140756503, -62.1395895129999, -62.139673981, -62.1389315549999, -62.1370024419999, -62.1358965279999, -62.134902289, -62.133569171, -62.1325592359999, -62.131651608, -62.130120764, -62.129005928, -62.1294483569999, -62.129010951, 
-62.1279195709999, -62.1266693289999, -62.12729042, -62.1239242, -62.1217004009999, -62.1200633919999, -62.120366529, -62.121644249, -62.120759122, -62.121590142, -62.1211450129999, -62.1192023559999, -62.1177885969999, -62.116091843, -62.115063111, -62.115648138, -62.113175516, -62.112865749, -62.114758541, -62.114258671, -62.1145038869999, -62.1133721099999, -62.112675554, -62.11117327, -62.1100081979999, -62.108947407, -62.106897905, -62.1065331579999, -62.1079227399999, -62.106367796, -62.106004007, 
-62.106170168, -62.1051434669999, -62.104502925, -62.1054266369999, -62.1056726189999, -62.10506058, -62.102981714, -62.1029761759999, -62.1022822099999, -62.101317507, -62.100316795, -62.0983817249999, -62.094943035, -62.094337616, -62.093289526, -62.0910640549999, -62.0909836619999, -62.089028959, -62.087507406, -62.0849782239999, -62.081174316, -62.073012316, -62.071423311, -62.0712062589999, -62.0702794699999, -62.07109406, -62.070532468, -62.06852923, -62.068702533, -62.065477541, -62.0645022249999, 
-62.062760534, -62.062759634, -62.061785141, -62.061090743, -62.059813043, -62.0584472889999, -62.057507204, -62.056528552, -62.054063996, -62.0535619899999, -62.0520029779999, -62.0511744119999, -62.0462514319999, -62.0447595429999, -62.0425344229999, -62.042510143, -62.0419834749999, -62.0425030689999, -62.040511636, -62.038005287, -62.0263099709999, -62.0229200779999, -62.0195632579999, -62.018115937, -62.0172564699999, -62.0148167599999, -62.0134511029999, -62.0115102719999, -62.010695587, -62.00808998, 
-62.0077035099999, -62.001340769, -61.9972631799999, -61.995234544, -61.99264735, -61.9916741909999, -61.9925360329999, -61.991618719, -61.990563997, -61.9880341019999, -61.9870942599999, -61.985701658, -61.982561488, -61.978871737, -61.9778983459999, -61.977672995, -61.973286488, -61.9713695679999, -61.96814993, -61.9680086799999, -61.9670071979999, -61.9657814719999, -61.9643655119999, -61.96328901, -61.9623930189999, -61.96128143, -61.960194647, -61.960256604, -61.961761618, -61.96128242, -61.9576447099999, 
-61.956148657, -61.9546739149999, -61.952483076, -61.9545380199999, -61.954869055, -61.956228928, -61.9568963969999, -11.2959802659999, -11.296818825, -11.298304366, -11.298703929, -11.300650141, -11.300563978, -11.302559642, -11.302887187, -11.3029158249999, -11.303316288, -11.3027869379999, -11.3038699779999, -11.306580999, -11.3090706529999, -11.310833106, -11.312532163, -11.314623253, -11.3168695869999, -11.3187893539999, -11.319669747, -11.321258057, -11.323913851, -11.323905228, -11.324731221, 
-11.3247280349999, -11.326580195, -11.32630873, -11.327633366, -11.3292624439999, -11.329975736, -11.3312988699999, -11.3331989209999, -11.3338450199999, -11.332744158, -11.333877605, -11.334799731, -11.3363633469999, -11.3357896699999, -11.336787794, -11.338227498, -11.338865827, -11.340112673, -11.340926023, -11.3424336939999, -11.3423680929999, -11.343210438, -11.3435143839999, -11.3453588969999, -11.347817656, -11.3491535669999, -11.349670295, -11.350598931, -11.352390501, -11.3537362619999, 
-11.355862192, -11.3572194339999, -11.358190663, -11.359651107, -11.360417594, -11.3615750299999, -11.366198739, -11.367836257, -11.3692160699999, -11.370916103, -11.371471959, -11.3708961959999, -11.3725764209999, -11.373624782, -11.3745333379999, -11.374868474, -11.381440535, -11.381338026, -11.3818925859999, -11.3851593209999, -11.387915317, -11.390677657, -11.3924178239999, -11.3938601479999, -11.396814137, -11.3974952829999, -11.398496633, -11.399063531, -11.4004571469999, -11.4004570339999, 
-11.4024537049999, -11.4035279879999, -11.406214374, -11.410387256, -11.411224066, -11.412284745, -11.413872515, -11.415538956, -11.417829084, -11.422197074, -11.4250800629999, -11.4260105829999, -11.4266064539999, -11.4256152949999, -11.4264808389999, -11.427102832, -11.427939302, -11.4289686139999, -11.4299004339999, -11.4311219759999, -11.431132836, -11.4313390449999, -11.431936467, -11.435059393, -11.4356756549999, -11.4360495199999, -11.4373893009999, -11.439824326, -11.4398096839999, -11.440408169, 
-11.44289537, -11.4454992759999, -11.446566609, -11.4483567059999, -11.4508458389999, -11.453322796, -11.45289811, -11.4554701979999, -11.4563346479999, -11.4578943559999, -11.45876549, -11.4601333379999, -11.460133821, -11.461062593, -11.466447127, -11.4680510209999, -11.468489959, -11.4731953679999, -11.476807035, -11.479659295, -11.48190983, -11.4843086879999, -11.487281533, -11.488141528, -11.4895428319999, -11.4905980879999, -11.4928704109999, -11.494512265, -11.4966435439999, -11.4974709599999, 
-11.4992179179999, -11.4986058599999, -11.500541673, -11.504231466, -11.5050939559999, -11.5080277509999, -11.5102835669999, -11.5085996, -11.5079736119999, -11.509605986, -11.508074231, -11.5089773629999, -11.511588714, -11.5164834229999, -11.517662167, -11.5200792759999, -11.523314302, -11.527183302, -11.526011737, -11.5244257659999, -11.523875331, -11.524348879, -11.5228200819999, -11.525501074, -11.5285477729999, -11.5288430309999, -11.5298854429999, -11.5364440909999, -11.538339275, -11.5397279009999, 
-11.5422377079999, -11.544391601, -11.547392702, -11.5568556949999, -11.5616703989999, -11.5654464319999, -11.5671490929999, -11.5680810199999, -11.5710211409999, -11.5749764989999, -11.581507309, -11.586001482, -11.592610119, -11.5952974369999, -11.6018236629999, -11.6048885029999, -11.6090051259999, -11.613458194, -11.61751911, -11.6190722169999, -11.6257830859999, -11.631750066, -11.638096069, -11.6465232589999, -11.6482733099999, -11.65182599, -11.653429185, -11.6583454569999, -11.6606784, -11.666085503, 
-11.672142379, -11.6746618199999, -11.677113133, -11.679297576, -11.6845147519999, -11.6863549759999, -11.6918176839999, -11.693033741, -11.6990272529999, -11.7004812769999, -11.70145496, -11.7065036109999, -11.711348894, -11.7126235599999, -11.716725943, -11.724929917, -11.7272157699999, -11.7285944499999, -11.731353635, -11.734747894, -11.7394350979999, -11.7444823879999, -11.7466085949999, -11.752032337, -11.757064696, -11.7611114629999, -11.764008859, -11.7694471739999, -11.7725018559999, -11.775738542, 
-11.7797332329999, -11.784764149, -11.7864019879999, -11.789936098, -11.7920801249999, -11.79892447, -11.8020975419999, -11.8064647329999, -11.812335821, -11.8163447749999, -11.820039998, -11.822528453, -11.8244858819999, -11.8286840919999, -11.8319934789999, -11.890368265, -11.908036513, -11.9087761559999, -11.9103424409999, -11.908279959, -11.9057353149999, -11.903270361, -11.901792086, -11.901491491, -11.9003895619999, -11.9007448399999, -11.9025712669999, -11.9033872549999, -11.901010222, -11.903259148, 
-11.902029202, -11.903686341, -11.906093497, -11.904148246, -11.904736649, -11.9043582429999, -11.9026405569999, -11.903620878, -11.901977952, -11.9028905749999, -11.9042476659999, -11.9035550299999, -11.9030893669999, -11.9006838279999, -11.9004604959999, -11.898911041, -11.899138333, -11.899238133, -11.9009348789999, -11.9008327679999, -11.899327731, -11.895791142, -11.895000481, -11.8925274899999, -11.892665308, -11.894050004, -11.894509436, -11.895135368, -11.8968642439999, -11.900784014, -11.9006759719999, 
-11.8983065059999, -11.898530249, -11.8999256239999, -11.9010496389999, -11.9015490169999, -11.9035932379999, -11.9007590059999, -11.901331335, -11.904646439, -11.9022617279999, -11.902979003, -11.9009336199999, -11.900971311, -11.9032391559999, -11.9029960589999, -11.90211819, -11.9040486979999, -11.9028532499999, -11.9011505609999, -11.901822206, -11.900683509, -11.8960276199999, -11.8956794479999, -11.896147625, -11.8954958369999, -11.8984130539999, -11.899449766, -11.900276698, -11.897988833, 
-11.8990510699999, -11.8978122809999, -11.8990241219999, -11.9004247989999, -11.901365697, -11.9030624959999, -11.9033978329999, -11.904834316, -11.9041487739999, -11.9039008569999, -11.9038891369999, -11.9070716249999, -11.9063352889999, -11.9065094039999, -11.9053422709999, -11.9056925519999, -11.9079887269999, -11.908400054, -11.907601376, -11.9089684509999, -11.9067188199999, -11.90604689, -11.9050707529999, -11.905812264, -11.9048485529999, -11.9057566609999, -11.907289287, -11.9077608569999, 
-11.9062515439999, -11.905688395, -11.9083357669999, -11.9087131209999, -11.9084865089999, -11.9083631779999, -11.9087548809999, -11.909385323, -11.911521982, -11.910313892, -11.91130392, -11.9122745029999, -11.91407216, -11.913904056, -11.9159953109999, -11.915160806, -11.915442919, -11.916877364, -11.9177364339999, -11.9189561429999, -11.919560773, -11.9213701819999, -11.9226529939999, -11.92388152, -11.9241397519999, -11.9252368959999, -11.9262983729999, -11.927173698, -11.927852092, -11.927587113, 
-11.926076582, -11.9269143679999, -11.928365117, -11.9289968519999, -11.9302448469999, -11.931421429, -11.9307758799999, -11.9327493769999, -11.9313959159999, -11.931683649, -11.9338920739999, -11.9336998009999, -11.937051762, -11.937549683, -11.938277362, -11.9405078249999, -11.9410433529999, -11.9404719209999, -11.942723793, -11.9444836769999, -11.9453520329999, -11.9471771449999, -11.947622844, -11.948515243, -11.9504198989999, -11.9528053479999, -11.955747871, -11.958770802, -11.959091571, -11.9613125, 
-11.9610180169999, -11.961997733, -11.963123819, -11.9650016789999, -11.9666095209999, -11.9678182609999, -11.9681642119999, -11.9681672689999, -11.9681728189999, -11.968206702, -11.9682146229999, -11.9682221969999, -11.9682755969999, -11.968404101, -11.968510167, -11.968323476, -11.9679139289999, -11.967774871, -11.9674257009999, -11.966893999, -11.966475288, -11.965144171, -11.9619723149999, -11.961604627, -11.960592349, -11.9604435739999, -11.9599327239999, -11.95957169, -11.958929648, -11.9588390319999, 
-11.9300187419999, -11.880952113, -11.864474553, -11.8639413239999, -11.8598696659999, -11.742348636, -11.706725306, -11.6977592019999, -11.655487385, -11.6147762539999, -11.577568471, -11.574928703, -11.575455889, -11.5778609819999, -11.579431545, -11.5799208659999, -11.582790076, -11.584850642, -11.587893268, -11.5893683099999, -11.592461084, -11.596167362, -11.5985349589999, -11.5998956829999, -11.6021286389999, -11.6036284039999, -11.6035936879999, -11.601774832, -11.602046736, -11.6029478919999, 
-11.605376135, -11.605599512, -11.6042274919999, -11.6068805209999, -11.610649526, -11.615709377, -11.610916282, -11.6045762829999, -11.601496945, -11.597586126, -11.591444408, -11.587986713, -11.5836438339999, -11.5793356579999, -11.574233347, -11.5708417479999, -11.568013539, -11.5662389109999, -11.5636516969999, -11.56280307, -11.5637192889999, -11.564040994, -11.5609476179999, -11.5520059979999, -11.5479373649999, -11.539072195, -11.537504042, -11.5374659, -11.535279186, -11.533042633, -11.5290016969999, 
-11.525291946, -11.52409657, -11.5203409699999, -11.5136558429999, -11.5130223809999, -11.509815762, -11.508906044, -11.506552043, -11.5045782629999, -11.5035042109999, -11.502365881, -11.5021588709999, -11.498978886, -11.497946317, -11.498464095, -11.49664253, -11.496368391, -11.4978343759999, -11.4966348349999, -11.4951772269999, -11.493648349, -11.492777647, -11.492582173, -11.4917404099999, -11.4893763909999, -11.4884502899999, -11.487869232, -11.485737231, -11.4824447729999, -11.481262575, -11.480634654, 
-11.4797048759999, -11.4776050709999, -11.4746462859999, -11.473242075, -11.47267163, -11.4712425899999, -11.468563864, -11.465506825, -11.463839284, -11.463836179, -11.4622798799999, -11.4599283939999, -11.4501672169999, -11.4480515399999, -11.447315809, -11.4462925969999, -11.4442332029999, -11.443186101, -11.441634278, -11.4442258519999, -11.442589595, -11.4411817449999, -11.438118383, -11.438088626, -11.436622256, -11.4379314689999, -11.436641254, -11.436386829, -11.4375844379999, -11.4365573989999, 
-11.436169141, -11.4350287269999, -11.4336290259999, -11.432309168, -11.430736369, -11.430530577, -11.4311343009999, -11.4341224929999, -11.4336898719999, -11.4341378119999, -11.432462728, -11.4321131219999, -11.4314016169999, -11.4315034029999, -11.430233104, -11.430204901, -11.428952119, -11.4293738149999, -11.4304182179999, -11.431590006, -11.4335643039999, -11.4344295659999, -11.434697854, -11.4325060659999, -11.433899265, -11.4348285039999, -11.433893693, -11.4332791209999, -11.4345849389999, 
-11.433738752, -11.4350681929999, -11.4350092679999, -11.433584199, -11.433620085, -11.431758502, -11.4304654619999, -11.4295551099999, -11.4299372319999, -11.4289552369999, -11.427839395, -11.427400052, -11.4268276869999, -11.425461508, -11.425413668, -11.424908406, -11.424191831, -11.4234752559999, -11.424452312, -11.4251324759999, -11.4259011089999, -11.4270759419999, -11.428488549, -11.4292246239999, -11.4306254989999, -11.4296878329999, -11.430392836, -11.430726864, -11.4313838269999, -11.4317859639999, 
-11.432734093, -11.4313935819999, -11.4312517619999, -11.431707852, -11.4305791969999, -11.428545615, -11.4281087959999, -11.4270723459999, -11.4255200089999, -11.424769906, -11.4233979469999, -11.4203617959999, -11.418401141, -11.417082593, -11.415243026, -11.414529463, -11.414451904, -11.412840689, -11.412276073, -11.412574539, -11.410660892, -11.4114993539999, -11.4108579229999, -11.4095157539999, -11.4084733139999, -11.407175428, -11.4077523569999, -11.40432441, -11.4034809409999, -11.4026488129999, 
-11.401444891, -11.400392895, -11.397669634, -11.39720809, -11.396592904, -11.394217328, -11.3932940419999, -11.394019063, -11.3917352669999, -11.3919623849999, -11.392631046, -11.3900648319999, -11.3876040129999, -11.3836002969999, -11.381591404, -11.3813807689999, -11.3837617359999, -11.3826894429999, -11.382277335, -11.3829112229999, -11.3825850179999, -11.3820620179999, -11.380544323, -11.376461378, -11.377111917, -11.3772706069999, -11.372666977, -11.371969017, -11.370481174, -11.3686458789999, 
-11.3651964469999, -11.3646528249999, -11.3631812269999, -11.362110615, -11.3613166659999, -11.360974691, -11.3583172909999, -11.353442725, -11.346917095, -11.344284889, -11.3427032769999, -11.340573719, -11.338746961, -11.336699613, -11.3352983689999, -11.33542769, -11.333197587, -11.3328971919999, -11.329623792, -11.3284425519999, -11.328847568, -11.327327635, -11.3255611969999, -11.318840059, -11.316413648, -11.314482502, -11.3138215729999, -11.312234759, -11.310196179, -11.308235103, -11.3040589539999, 
-11.3021886569999, -11.299107603, -11.2979288519999, -11.297740013, -11.3000063749999, -11.300271959, -11.300052454, -11.29785463, -11.2958147769999, -11.2958221269999, -11.297454517, -11.29676393, -11.2935616329999, -11.29218785, -11.2918149589999, -11.295501847, -11.2943891889999, -11.295435026, -11.295745778, -11.2979273789999, -11.2988750239999, -11.2983468259999, -11.3003047789999, -11.2996026019999, -11.299589491, -11.301030289, -11.30301805, -11.3031975079999, -11.3019979669999, -11.304396393, 
-11.3047718229999, -11.305881968, -11.306239793, -11.30625247, -11.3049859, -11.304321112, -11.302225749, -11.3031851179999, -11.3031804779999, -11.3018957209999, -11.3003116649999, -11.2992409889999, -11.2971845429999, -11.298447449, -11.2979146179999, -11.305648188, -11.305240211, -11.3048348849999, -11.303279065, -11.3001020609999, -11.299952457, -11.2976767939999, -11.295113708, -11.2934691799999, -11.294004801, -11.29230489, -11.2888825429999, -11.289170715, -11.291373327, -11.290925502, -11.2918438349999, 
-11.2935409829999, -11.294095876, -11.29376389, -11.295769354, -11.297424155, -11.297166583, -11.2972307079999, -11.2963794689999, -11.296961822, -11.298446154, -11.299163445, -11.301733113, -11.2999616029999, -11.2965266299999, -11.297780795, -11.2961738139999, -11.2963280019999, -11.2967948029999, -11.2948851309999, -11.296464774, -11.296000014, -11.2938739809999, -11.2932972319999, -11.2922079249999, -11.291212495, -11.2894683579999, -11.288459249, -11.29040804, -11.29053172, -11.291599011, -11.2920663989999, 
-11.2959802659999)))"
1100155,Ouro Preto Do Oeste,11,RO,"list(list(c(-61.8907794039999, -61.8837824269999, -61.880553816, -61.876805646, -61.8733346729999, -61.869397943, -61.8659837579999, -61.863617559, -61.858888502, -61.855818396, -61.848364643, -61.845834409, -61.8451947249999, -61.845086832, -61.843001167, -61.838031513, -61.8355630189999, -61.8324208809999, -61.8290018389999, -61.827813409, -61.8286842539999, -61.8297257519999, -61.829998841, -61.832197936, -61.831836473, -61.832972425, -61.834501697, -61.836721982, -61.836443764, -61.8399718069999, 
-61.840804885, -61.844002886, -61.8483659619999, -61.8520575599999, -61.8539209539999, -61.856003344, -61.858944302, -61.860752549, -61.86388952, -61.866390052, -61.8691524859999, -61.8816149409999, -61.884360794, -61.886481695, -61.889359451, -61.891365213, -61.893229317, -61.8946443579999, -61.8975602519999, -61.8994192119999, -61.9008653669999, -61.906060245, -61.909645467, -61.9095196049999, -61.909336387, -61.9069423199999, -61.905644977, -61.9041125409999, -61.9058321809999, -61.905508012, 
-61.906424288, -61.90486433, -61.907256267, -61.904974108, -61.9047825619999, -61.906393188, -61.906642553, -61.9063422549999, -61.902867596, -61.901697727, -61.900419384, -61.8986120049999, -61.899257892, -61.900861512, -61.902418178, -61.9053062139999, -61.907313846, -61.9084446639999, -61.9066965999999, -61.906472532, -61.9045860359999, -61.9051106589999, -61.904118403, -61.907112748, -61.909277672, -61.9082849259999, -61.910199637, -61.9090801259999, -61.9085304769999, -61.909996641, -61.9149533839999, 
-61.9164206709999, -61.91603475, -61.916281891, -61.9123275749999, -61.9127806229999, -61.9140278049999, -61.91551097, -61.916083989, -61.9168937709999, -61.9217824519999, -61.9263868809999, -61.927393886, -61.926255377, -61.9277790769999, -61.9301362089999, -61.9340991999999, -61.9368260179999, -61.940833749, -61.945877836, -61.949204798, -61.9552763189999, -61.956859788, -61.960474867, -62.020007415, -62.033775915, -62.033838491, -62.054160289, -62.0667909689999, -62.07298964, -62.081340653, -62.095948957, 
-62.1029030299999, -62.1105423619999, -62.1225803469999, -62.22594753, -62.3053547499999, -62.3066421469999, -62.3308933549999, -62.3315666469999, -62.3524352859999, -62.500562665, -62.525258753, -62.4999784729999, -62.488454242, -62.4744128739999, -62.447400054, -62.4136266259999, -62.3857479109999, -62.3684332609999, -62.354510904, -62.328076017, -62.2937316109999, -62.2596611289999, -62.2358030889999, -62.23624132, -62.236723167, -62.2340918159999, -62.2163541369999, -62.21443687, -62.2161621459999, 
-62.215971536, -62.241502175, -62.240091571, -62.206518804, -62.1884924359999, -62.1708816109999, -62.137153221, -62.100629391, -62.100523689, -62.0397186959999, -62.016064855, -61.9578336399999, -61.957412944, -61.914618932, -61.9126230899999, -61.911858297, -61.911540621, -61.910568957, -61.9125005879999, -61.912198314, -61.910110613, -61.909891789, -61.910197235, -61.912340964, -61.915166424, -61.9161954829999, -61.913990031, -61.9108623539999, -61.89581319, -61.8907794039999, -10.193876716, -10.1970289209999, 
-10.1963784909999, -10.1976428479999, -10.199448977, -10.2023209449999, -10.206021896, -10.2210938559999, -10.232946249, -10.238972739, -10.249532064, -10.2550941309999, -10.258685131, -10.2639481949999, -10.270425456, -10.2791728839999, -10.2870037299999, -10.2922697719999, -10.296204475, -10.303106818, -10.304011703, -10.3050953119999, -10.3073023639999, -10.307267502, -10.306245558, -10.3056536899999, -10.3069245129999, -10.3070074099999, -10.308232006, -10.307654342, -10.309167676, -10.3052363719999, 
-10.304160926, -10.3060454549999, -10.3049261289999, -10.3046062659999, -10.306453194, -10.3067851169999, -10.3087993, -10.3087667939999, -10.3116878299999, -10.317612964, -10.3195690329999, -10.3218403679999, -10.3230072929999, -10.3210491869999, -10.3207262589999, -10.323944708, -10.3251733259999, -10.3246085399999, -10.32473476, -10.328373014, -10.3296291189999, -10.3318866079999, -10.3351669749999, -10.3354464679999, -10.337969888, -10.33986194, -10.3414160119999, -10.344864709, -10.3460691169999, 
-10.3527055449999, -10.35523512, -10.3574232559999, -10.361056019, -10.362227361, -10.367439855, -10.369221344, -10.374177841, -10.37740706, -10.3795600809999, -10.38109249, -10.386014044, -10.3873709929999, -10.389977276, -10.391118243, -10.3928433899999, -10.3946087489999, -10.397401422, -10.3993755129999, -10.4006339649999, -10.4039634129999, -10.4059401639999, -10.4055004709999, -10.4098560529999, -10.4128928439999, -10.414798452, -10.416474578, -10.4185390799999, -10.4216303599999, -10.4249272529999, 
-10.438939212, -10.443482602, -10.4452945749999, -10.4541531709999, -10.456801474, -10.4597411659999, -10.4619366989999, -10.465129495, -10.466786033, -10.471057029, -10.4761036479999, -10.478642286, -10.4844272559999, -10.4861941959999, -10.4872497049999, -10.488069268, -10.490853786, -10.49284406, -10.4929153859999, -10.493444016, -10.495872963, -10.4977501229999, -10.498037596, -10.646763916, -10.6807284189999, -10.6808818, -10.7309824089999, -10.762103256, -10.777369813, -10.797932048, -10.8338880039999, 
-10.850994941, -10.869787607, -10.8993878289999, -10.862813477, -10.8347006539999, -10.8363225279999, -10.8668383319999, -10.867685927, -10.8939343699999, -10.7354109799999, -10.7094727229999, -10.6873260449999, -10.677228132, -10.6649630909999, -10.641361349, -10.6118366909999, -10.587454593, -10.572294188, -10.5601212169999, -10.536978684, -10.506798664, -10.476848439, -10.501019641, -10.5023756299999, -10.503173572, -10.507374217, -10.520593494, -10.521796885, -10.524603632, -10.524721348, -10.6113331199999, 
-10.615264601, -10.625923228, -10.631643852, -10.637233216, -10.6479358319999, -10.6595223219999, -10.6591578069999, -10.449208967, -10.3673376539999, -10.1653151169999, -10.163853223, -10.1210979709999, -10.119921571, -10.1189971759999, -10.117512865, -10.1170449849999, -10.133865692, -10.1390357869999, -10.147193762, -10.1509345279999, -10.155130498, -10.159873881, -10.163427105, -10.1662777919999, -10.170991687, -10.1758065519999, -10.1887929609999, -10.193876716)))"
1100189,Pimenta Bueno,11,RO,"list(list(c(-60.4689969709999, -60.472357662, -60.4694166529999, -60.4631951429999, -60.46196084, -60.455619316, -60.4554435999999, -60.45088722, -60.450084122, -60.448495691, -60.446777047, -60.441830392, -60.440499609, -60.439023625, -60.438472711, -60.4382170119999, -60.440472432, -60.4416359089999, -60.4434777509999, -60.44616072, -60.445778679, -60.4438007469999, -60.442549851, -60.442524229, -60.4439670459999, -60.443574019, -60.4428637389999, -60.4422455699999, -60.440664527, -60.445552143, 
-60.4439963559999, -60.44175236, -60.4421671619999, -60.440625301, -60.4411868069999, -60.4432075239999, -60.446832868, -60.4487218049999, -60.451582182, -60.4489719769999, -60.4468374199999, -60.4439447969999, -60.441300322, -60.4378870149999, -60.43594609, -60.436191543, -60.437720228, -60.4386653939999, -60.4399677289999, -60.4417803869999, -60.4403311309999, -60.440251856, -60.4390560409999, -60.4384455949999, -60.436550595, -60.4359107129999, -60.4358285659999, -60.437049275, -60.439253254, 
-60.43977516, -60.4379154069999, -60.437247046, -60.439713714, -60.44436169, -60.4453294699999, -60.443521104, -60.4441359629999, -60.4457438189999, -60.446724346, -60.44917674, -60.45172127, -60.4543289009999, -60.454748707, -60.454332918, -60.4524993559999, -60.455024614, -60.4549686199999, -60.4524713259999, -60.453774266, -60.4531079239999, -60.45522234, -60.454192414, -60.4546366089999, -60.4563302489999, -60.4564995549999, -60.4576947769999, -60.4576666529999, -60.458417463, -60.4592166469999, 
-60.4612486979999, -60.461780075, -60.460913756, -60.456058016, -60.448634031, -60.447749522, -60.44624766, -60.44638712, -60.4474748659999, -60.449389833, -60.447826861, -60.448025221, -60.449440238, -60.4494388169999, -60.4500505179999, -60.4578650659999, -60.4594992059999, -60.4592202149999, -60.457194724, -60.455358133, -60.453022382, -60.4512742829999, -60.4503846169999, -60.449301013, -60.4469751799999, -60.445242822, -60.443999066, -60.4435065429999, -60.439474325, -60.443000868, -60.4418580259999, 
-60.436440561, -60.4324932679999, -60.4292514299999, -60.4253097199999, -60.4264131479999, -60.429606045, -60.440469356, -60.442392383, -60.4424450279999, -60.441381645, -60.437612849, -60.434500326, -60.4320776699999, -60.431412521, -60.4353582959999, -60.4368599269999, -60.438420518, -60.444023394, -60.4454091369999, -60.445936805, -60.4509206719999, -60.452793028, -60.4549656029999, -60.45689048, -60.457609017, -60.4576118799999, -60.4569901569999, -60.45837928, -60.455803741, -60.455253071, -60.455505266, 
-60.4549102179999, -60.455363909, -60.4585286959999, -60.4599394809999, -60.4617159899999, -60.4621056619999, -60.4608334949999, -60.461556265, -60.461776375, -60.463088021, -60.4631434039999, -60.461585102, -60.460140193, -60.457579638, -60.454577219, -60.452194202, -60.450360152, -60.450775994, -60.450029773, -60.449224409, -60.446769073, -60.445331349, -60.444911501, -60.443023416, -60.4423015309999, -60.441057742, -60.4408062329999, -60.441691904, -60.4399922889999, -60.439166262, -60.437835347, 
-60.436863652, -60.4368923459999, -60.438025162, -60.438581442, -60.437635262, -60.4367194119999, -60.4357721979999, -60.434217524, -60.4349934399999, -60.4331394069999, -60.4320594219999, -60.431799568, -60.430971809, -60.4298337989999, -60.429132398, -60.4296697299999, -60.429748688, -60.4273867579999, -60.4262495369999, -60.433938623, -60.43383002, -60.431629777, -60.426220916, -60.4246910529999, -60.424052204, -60.421552573, -60.41975156, -60.418800754, -60.4186382649999, -60.416631309, -60.417191808, 
-60.415915054, -60.4138622239999, -60.413169278, -60.4119107279999, -60.4110253399999, -60.4107494959999, -60.409139445, -60.40804768, -60.406772452, -60.4043351989999, -60.403465419, -60.4044385479999, -60.401772884, -60.399995415, -60.400914593, -60.403056594, -60.403999774, -60.403799275, -60.403028921, -60.395965348, -60.3946324929999, -60.393468038, -60.3966944199999, -60.395805043, -60.3941909289999, -60.392864473, -60.391021247, -60.389251937, -60.3878288289999, -60.378249065, -60.3773317439999, 
-60.379022687, -60.378885715, -60.380112525, -60.3817737939999, -60.3838819659999, -60.3849672429999, -60.385056904, -60.3838325399999, -60.3848324809999, -60.3856114039999, -60.3863069079999, -60.385553026, -60.385468047, -60.38697308, -60.3860285659999, -60.386494258, -60.384558897, -60.38177727, -60.3793553149999, -60.3807761469999, -60.3800884959999, -60.380470107, -60.379555089, -60.3775837629999, -60.378194364, -60.376720373, -60.374968398, -60.374336146, -60.37469351, -60.376083585, -60.3764945029999, 
-60.376083931, -60.3745016949999, -60.372858146, -60.371776164, -60.370476955, -60.372057732, -60.37175004, -60.3722768629999, -60.373807784, -60.373172142, -60.373973619, -60.374354694, -60.376857017, -60.375722266, -60.373995195, -60.373753077, -60.3744439119999, -60.374529417, -60.372916114, -60.370994771, -60.3746147779999, -60.3746930929999, -60.37310595, -60.3673840699999, -60.3656373689999, -60.365049768, -60.3629698719999, -60.362718361, -60.360578617, -60.3590578449999, -60.356272463, -60.3530568189999, 
-60.353742911, -60.353082768, -60.350084813, -60.34802811, -60.3471643649999, -60.3466931399999, -60.3472182169999, -60.350442162, -60.354471964, -60.359100625, -60.3613306, -60.3623279969999, -60.3636666339999, -60.3639169009999, -60.364771625, -60.3677990739999, -60.3684168239999, -60.3673884009999, -60.3683035399999, -60.375549366, -60.377691777, -60.380166178, -60.383798837, -60.3852771759999, -60.3866374849999, -60.3872172709999, -60.386195815, -60.385305608, -60.3839454189999, -60.3844453989999, 
-60.3826375629999, -60.3830872569999, -60.3820700119999, -60.3793011889999, -60.377553368, -60.3773351769999, -60.37758529, -60.3783891659999, -60.379297508, -60.379393012, -60.375682193, -60.374993093, -60.375524411, -60.3772519719999, -60.37746735, -60.375307976, -60.375693996, -60.3750021669999, -60.375410597, -60.3737808669999, -60.3733878519999, -60.374140111, -60.374108434, -60.3733341259999, -60.37272817, -60.373108141, -60.3742175939999, -60.3746082329999, -60.3721949429999, -60.3700944019999, 
-60.3670792069999, -60.366336762, -60.36530786, -60.363750227, -60.3619117529999, -60.3622230719999, -60.36036548, -60.361203538, -60.362112764, -60.3613631519999, -60.3633378769999, -60.364970138, -60.363135757, -60.3623301589999, -60.361499751, -60.359807132, -60.359249678, -60.3583035069999, -60.3570312219999, -60.354911939, -60.351999827, -60.3508337059999, -60.350274636, -60.3493367529999, -60.349108117, -60.348158892, -60.346607818, -60.3465204369999, -60.345691944, -60.344560077, -60.3436930729999, 
-60.342834542, -60.342031122, -60.3418162889999, -60.3410542389999, -60.33930637, -60.338358705, -60.3365826049999, -60.335106704, -60.334053531, -60.333763193, -60.33283775, -60.331502004, -60.331556972, -60.33111044, -60.3302221219999, -60.3301876099999, -60.330642179, -60.3301084139999, -60.3292229019999, -60.329615005, -60.328913316, -60.3279492899999, -60.325464924, -60.325226685, -60.3257749009999, -60.324889904, -60.323503818, -60.325030416, -60.324969384, -60.3213564869999, -60.3199803959999, 
-60.319026302, -60.318223659, -60.318390843, -60.31707715, -60.317054379, -60.316099846, -60.314971321, -60.3138885929999, -60.3129150759999, -60.311423316, -60.3111619529999, -60.312170752, -60.312632998, -60.313554396, -60.3125242089999, -60.3132829669999, -60.3144692329999, -60.314816343, -60.3138564989999, -60.3142468339999, -60.313725991, -60.3139781749999, -60.313221136, -60.31422307, -60.315497175, -60.3142918509999, -60.314553244, -60.3138677329999, -60.311299902, -60.3110287699999, -60.311299969, 
-60.312391663, -60.3103598809999, -60.3097707469999, -60.310162053, -60.3095777699999, -60.3062747009999, -60.3059489789999, -60.306578774, -60.3056424649999, -60.305890974, -60.305246511, -60.3054201399999, -60.30696739, -60.307144445, -60.3085006439999, -60.3085233239999, -60.307739069, -60.3087174189999, -60.3085004019999, -60.307529939, -60.308051881, -60.3073058159999, -60.307911511, -60.307832439, -60.308303704, -60.3082506309999, -60.309019607, -60.308774952, -60.306972711, -60.307058639, 
-60.307663996, -60.3076312379999, -60.305803759, -60.306216476, -60.304554235, -60.3033892249999, -60.302841891, -60.303172513, -60.3060253189999, -60.3066674919999, -60.3067207939999, -60.3074447979999, -60.308051709, -60.3063917309999, -60.3021652099999, -60.300711591, -60.30097691, -60.302160477, -60.302243165, -60.4859154169999, -60.543802145, -60.565422596, -60.5660229759999, -60.645710359, -60.6499852999999, -60.6506044879999, -60.6528322709999, -60.653442501, -60.655415596, -60.6569476659999, 
-60.660968311, -60.6654710229999, -60.6670014689999, -60.6727266379999, -60.6742831479999, -60.677422216, -60.6789469499999, -60.682417468, -60.683502645, -60.683892192, -60.683947842, -60.684948047, -60.685476707, -60.68580041, -60.6862505139999, -60.688117317, -60.690221223, -60.692614682, -60.6941495249999, -60.695019473, -60.697617165, -60.6992816469999, -60.701892016, -60.702969302, -60.704919864, -60.7081504009999, -60.708303539, -60.709080519, -60.7121700659999, -60.712502393, -60.712392446, 
-60.7129338279999, -61.130274025, -61.1806734809999, -61.181725203, -61.1829718709999, -61.1837017059999, -61.1829737519999, -61.182672009, -61.1819504599999, -61.1807506139999, -61.1791962389999, -61.1778337279999, -61.178286549, -61.1796462569999, -61.180696168, -61.1806134719999, -61.1810347919999, -61.1803719409999, -61.1813354809999, -61.182033929, -61.180556736, -61.1791188659999, -61.17313809, -61.1703226399999, -61.168613469, -61.1675312269999, -61.1669160099999, -61.1658670529999, -61.167080955, 
-61.166155611, -61.164752139, -61.163983642, -61.161924747, -61.160371716, -61.159395769, -61.160313675, -61.161895197, -61.1608506749999, -61.1584452339999, -61.157113863, -61.1551918949999, -61.154392805, -61.1541139029999, -61.1541404229999, -61.153886744, -61.153286871, -61.152138731, -61.151087278, -61.1519226149999, -61.152953908, -61.1533391259999, -61.1531920209999, -61.1514633199999, -61.150729745, -61.149645642, -61.1490012379999, -61.148012013, -61.146671222, -61.145322959, -61.1444182819999, 
-61.143563341, -61.143030438, -61.1430451589999, -61.143304879, -61.144114242, -61.1446127729999, -61.1448824329999, -61.146589843, -61.1466954589999, -61.1458618579999, -61.1451486519999, -61.144466041, -61.142612335, -61.1421944599999, -61.142087853, -61.142505391, -61.1432611289999, -61.144473797, -61.1450760829999, -61.1460846249999, -61.1484475, -61.14745078, -61.147894948, -61.148520869, -61.1487791879999, -61.149442596, -61.1496984569999, -61.149614496, -61.149229458, -61.149756725, -61.1512014899999, 
-61.152866375, -61.1574739529999, -61.160503561, -61.162029095, -61.1631470339999, -61.1639747179999, -61.1647220879999, -61.1658341919999, -61.167452319, -61.168669472, -61.1714231659999, -61.172195679, -61.1730882559999, -61.17439906, -61.175479433, -61.1760897809999, -61.1770886859999, -61.1778686689999, -61.1788118949999, -61.180445224, -61.182002645, -61.1901678529999, -61.19170187, -61.1949815719999, -61.197197334, -61.1983676689999, -61.1997034659999, -61.2012256069999, -61.2029777249999, 
-61.206419524, -61.208727423, -61.210531862, -61.210644526, -61.209779443, -61.2083063429999, -61.2075871919999, -61.208808842, -61.2094191409999, -61.2081149309999, -61.207922514, -61.208641082, -61.2095826189999, -61.209807241, -61.209530212, -61.209425166, -61.2123670159999, -61.2134787959999, -61.2145837899999, -61.216639162, -61.218007589, -61.2197254719999, -61.220395132, -61.2201164229999, -61.219701261, -61.2188880689999, -61.2183901739999, -61.2211995079999, -61.22202861, -61.222869088, 
-61.222950807, -61.223920165, -61.224196804, -61.224398714, -61.223306949, -61.2244247199999, -61.2244496859999, -61.224480472, -61.2242552379999, -61.2260064959999, -61.226806528, -61.227144794, -61.2260311609999, -61.228565152, -61.230253255, -61.2321155249999, -61.234617934, -61.236642417, -61.2386667329999, -61.2407852819999, -61.241803891, -61.2421444979999, -61.242532546, -61.2429751179999, -61.2443966389999, -61.243225825, -61.2412568829999, -61.2406688069999, -61.240501429, -61.24106512, 
-61.24181265, -61.242061141, -61.241696464, -61.24197643, -61.242642409, -61.242731148, -61.242395088, -61.2410026909999, -61.2409124989999, -61.24075597, -61.239914241, -61.239342298, -61.2389790249999, -61.2383952429999, -61.236499564, -61.2350370989999, -61.231947624, -61.2295292689999, -61.227002798, -61.225117852, -61.223475551, -61.221030251, -61.2201206909999, -61.219864323, -61.220254509, -61.2202565699999, -61.2197833639999, -61.218922978, -61.2162224539999, -61.2142778909999, -61.2128361489999, 
-61.209722948, -61.208229525, -61.20616494, -61.2037312069999, -61.197777559, -61.1962252489999, -61.194583439, -61.1933112799999, -61.1925910699999, -61.191233148, -61.1909478979999, -61.191046952, -61.1925016809999, -61.1930867259999, -61.193093884, -61.193333325, -61.1939058329999, -61.1998657609999, -61.269703668, -61.269328962, -61.2682638369999, -61.2679524559999, -61.2672597929999, -61.2671830509999, -61.266645546, -61.266268746, -61.264419612, -61.4248277129999, -61.424477929, -61.423721677, 
-61.4219758579999, -61.421252527, -61.419700737, -61.418753731, -61.4180338359999, -61.417277961, -61.416838682, -61.416567028, -61.4155434569999, -61.414836529, -61.5006129, -61.534584587, -61.5331694819999, -61.5335610489999, -61.535335312, -61.536417023, -61.5372856179999, -61.5368071969999, -61.535974571, -61.535399459, -61.535121242, -61.5364472649999, -61.539222991, -61.541620161, -61.5421475419999, -61.543952725, -61.544051284, -61.544121172, -61.5453645219999, -61.54720434, -61.547826605, 
-61.548281838, -61.545808726, -61.546364911, -61.545423409, -61.5433345879999, -61.5437265269999, -61.544862855, -61.544419736, -61.5462812269999, -61.5465924339999, -61.5482288979999, -61.547376783, -61.546445488, -61.5459798039999, -61.5444264599999, -61.5441431629999, -61.548847325, -61.550003624, -61.553871186, -61.557033984, -61.557760679, -61.560618221, -61.5628096369999, -61.564199877, -61.562919309, -61.565839543, -61.5658393859999, -61.566444508, -61.565371515, -61.5683132319999, -61.568331672, 
-61.572810007, -61.5738114029999, -61.5758111249999, -61.574286298, -61.5715022029999, -61.567948494, -61.564644405, -61.561978175, -61.559221738, -61.5600616329999, -61.558389628, -61.55788824, -61.5568666089999, -61.5553975179999, -61.55826291, -61.558615531, -61.5554252379999, -61.552251255, -61.54994879, -61.5489765199999, -61.500589537, -61.437400732, -61.352695028, -61.348946961, -61.3493362549999, -61.350416859, -61.356930366, -61.361099042, -61.3657837259999, -61.3692002019999, -61.3703643819999, 
-61.370192081, -61.365450284, -61.3623950719999, -61.362590636, -61.365470709, -61.365918483, -61.369839617, -61.370748425, -61.3727791429999, -61.3710878859999, -61.36911534, -61.3674239169999, -61.368148584, -61.369640096, -61.3695009139999, -61.3703696219999, -61.371394333, -61.372437818, -61.372615651, -61.3726498039999, -61.372859461, -61.372583764, -61.3712572789999, -61.3696190699999, -61.369289057, -61.3683191149999, -61.3671783379999, -61.3667939399999, -61.366661009, -61.3657855279999, 
-61.36520768, -61.364992931, -61.364907018, -61.364692878, -61.3639339229999, -61.363388384, -61.362881608, -61.3620929579999, -61.361904539, -61.361347743, -61.361156514, -61.361097492, -61.361025496, -61.360718325, -61.360650716, -61.360583107, -61.360447888, -61.359864216, -61.3588965819999, -61.3586077689999, -61.3583403499999, -61.357898806, -61.357524037, -61.3567688269999, -61.356437031, -61.3560635629999, -61.355696975, -61.3555164079999, -61.355541399, -61.355646984, -61.3560723099999, -61.3563384519999, 
-61.3566668189999, -61.356772457, -61.356670811, -61.3566035119999, -61.3561786629999, -61.355848514, -61.355573542, -61.355494702, -61.3552362209999, -61.355024765, -61.353903022, -61.3517817849999, -61.351573819, -61.3498096849999, -61.347397943, -61.345690106, -61.344142527, -61.3379436709999, -61.334338574, -61.331064319, -61.3294497279999, -61.3271959319999, -61.325231597, -61.3233085289999, -61.3210283389999, -61.317333997, -61.31533883, -61.3149976139999, -61.3120613529999, -61.310472226, 
-61.309526772, -61.307863149, -61.3070595579999, -61.3039809389999, -61.301778452, -61.299917732, -61.2981999689999, -61.2964496029999, -61.2943365199999, -61.293501297, -61.2907244569999, -61.2876181649999, -61.2885861779999, -61.2901425549999, -61.289863109, -61.28705561, -61.282220248, -61.2809734629999, -61.2787307469999, -61.277555865, -61.2757522769999, -61.27411884, -61.269280792, -61.267870149, -61.2655878909999, -61.2659485879999, -61.2644564569999, -61.2601761299999, -61.258122351, -61.2527074899999, 
-61.253138474, -61.2531654749999, -61.2512495079999, -61.249670078, -61.24969912, -61.246997948, -61.246062324, -61.2434690859999, -61.2416411359999, -61.240395537, -61.236694512, -61.234470275, -61.232389678, -61.227972714, -61.2261391809999, -61.2249502929999, -61.2243134109999, -61.221333124, -61.2202526529999, -61.21774779, -61.21727974, -61.2152481089999, -61.212779522, -61.212033508, -61.212528676, -61.2117218899999, -61.195505955, -61.1857153949999, -61.178563244, -61.158872844, -61.157780203, 
-61.1315262939999, -61.110294465, -61.0947564239999, -61.0858184689999, -61.0748704069999, -61.0724359759999, -60.9252137359999, -60.921128257, -60.9201660339999, -60.924253173, -60.923059386, -60.9217273, -60.9209162049999, -60.919580284, -60.9185273049999, -60.920300477, -60.919529449, -60.918923252, -60.9185832849999, -60.916336856, -60.9148328739999, -60.9139968289999, -60.911524781, -60.9057515479999, -60.904416812, -60.903043898, -60.8976157939999, -60.897833969, -60.894947821, -60.894360648, 
-60.8914795909999, -60.8901659109999, -60.8899718649999, -60.8910827499999, -60.891108531, -60.889857305, -60.88894823, -60.8872528259999, -60.883835709, -60.8845519169999, -60.8832560289999, -60.882445193, -60.884918196, -60.8842210979999, -60.8816191139999, -60.879669381, -60.878391698, -60.878306855, -60.8768956819999, -60.8756373969999, -60.8742496519999, -60.872890384, -60.871913617, -60.8706098329999, -60.866023301, -60.8580308689999, -60.856918698, -60.857745003, -60.8539142129999, -60.85255702, 
-60.849222106, -60.8458678259999, -60.845449646, -60.841727056, -60.841640887, -60.8433034609999, -60.843450804, -60.841528817, -60.8394411289999, -60.837336351, -60.8360393099999, -60.8358588819999, -60.83423026, -60.8345589789999, -60.832557687, -60.8317810499999, -60.829081886, -60.828720151, -60.826135317, -60.821919777, -60.819918675, -60.8177519749999, -60.8160556879999, -60.8138347249999, -60.809895065, -60.8065795949999, -60.803882327, -60.8006648399999, -60.7987494079999, -60.792191197, 
-60.7831632899999, -60.782448054, -60.779999064, -60.7798580479999, -60.776666981, -60.774810487, -60.7711091049999, -60.770052663, -60.7685241889999, -60.767859531, -60.764496325, -60.762388992, -60.7611132659999, -60.7571653999999, -60.756301422, -60.751417215, -60.748250828, -60.74413881, -60.739577469, -60.733746353, -60.7309161049999, -60.7274186189999, -60.7238593649999, -60.7215514559999, -60.720110284, -60.7178615139999, -60.7155584529999, -60.7130280839999, -60.7127534419999, -60.7118065759999, 
-60.709697838, -60.7061646709999, -60.703885144, -60.703221483, -60.7013552599999, -60.6957789879999, -60.6915784029999, -60.6890289169999, -60.6865794969999, -60.68125201, -60.679360924, -60.676755492, -60.673279236, -60.671608379, -60.671561363, -60.670747789, -60.6675545469999, -60.665386919, -60.6651916009999, -60.6649800399999, -60.664806028, -60.6647159299999, -60.6629979179999, -60.661431893, -60.6589248989999, -60.655529589, -60.6554138309999, -60.6569458379999, -60.6567502469999, -60.65377181, 
-60.6524479209999, -60.651524964, -60.6499705479999, -60.6483592609999, -60.648027752, -60.646382482, -60.6438055719999, -60.640580205, -60.639031324, -60.6409716339999, -60.639893848, -60.637386136, -60.6349147939999, -60.6324171849999, -60.629276832, -60.626413946, -60.6214444439999, -60.5905311489999, -60.5905280239999, -60.5924280269999, -60.5936651549999, -60.595305276, -60.5942699229999, -60.5925684859999, -60.586200553, -60.5771955909999, -60.572859386, -60.5707759059999, -60.568357541, -60.5662764159999, 
-60.5652246229999, -60.563999965, -60.5502497969999, -60.5455279019999, -60.5428013439999, -60.5416963339999, -60.5392469129999, -60.5356392429999, -60.5327236639999, -60.5319396629999, -60.5334965279999, -60.533970174, -60.5324141899999, -60.5331090269999, -60.5291974089999, -60.5259092919999, -60.522724962, -60.522445766, -60.5203917599999, -60.5200256679999, -60.5187405449999, -60.51841598, -60.5116088679999, -60.506361227, -60.505009577, -60.5007186079999, -60.491271927, -60.488109017, -60.486255417, 
-60.4858629139999, -60.484028964, -60.481022175, -60.479527455, -60.477966303, -60.4738588249999, -60.463333868, -60.4631907139999, -60.4660869469999, -60.4695283179999, -60.4697527769999, -60.4689969709999, -11.481545383, -11.4830988539999, -11.486783654, -11.487656788, -11.4896476609999, -11.4916512209999, -11.49435216, -11.4939581159999, -11.4956851699999, -11.4955825989999, -11.497526612, -11.495981646, -11.4963622889999, -11.4959642039999, -11.5003900729999, -11.502443946, -11.5076251089999, 
-11.5091903099999, -11.5091848489999, -11.5114014259999, -11.513098568, -11.5128473139999, -11.5131157029999, -11.5143214839999, -11.514908068, -11.516485926, -11.5171810109999, -11.5193785699999, -11.519645246, -11.5306074339999, -11.5322199199999, -11.531487462, -11.5328246449999, -11.537770283, -11.5397468369999, -11.54685809, -11.553235516, -11.559940599, -11.5627811519999, -11.56404409, -11.562500521, -11.5667606879999, -11.5667732929999, -11.564892102, -11.5654715099999, -11.5682162869999, 
-11.570851831, -11.570877685, -11.5732386879999, -11.573900541, -11.576682756, -11.582850836, -11.5838919769999, -11.5864606349999, -11.588604739, -11.5915290689999, -11.5935009629999, -11.599521682, -11.600838983, -11.6031911389999, -11.6044375669999, -11.610941388, -11.612468518, -11.6140029389999, -11.615320589, -11.6161318459999, -11.6188494859999, -11.618967475, -11.622424726, -11.6228492659999, -11.6240850849999, -11.6273344169999, -11.628511397, -11.6306407489999, -11.632704593, -11.6352025739999, 
-11.6375387149999, -11.639778235, -11.642211741, -11.6447699899999, -11.650036158, -11.6515501069999, -11.654091695, -11.653192047, -11.6513548719999, -11.6514711139999, -11.653897395, -11.6565255849999, -11.657323788, -11.657961453, -11.6618428289999, -11.663290242, -11.665143088, -11.6670163219999, -11.667603151, -11.6713574299999, -11.67337559, -11.67569614, -11.6797813059999, -11.681731413, -11.68426862, -11.6870869149999, -11.6893949039999, -11.691279367, -11.6963082229999, -11.6991493429999, 
-11.701706164, -11.702587341, -11.7044888319999, -11.704261618, -11.702870854, -11.700123551, -11.69889854, -11.6978720479999, -11.6976681009999, -11.6993414949999, -11.7014807319999, -11.703620864, -11.708934564, -11.7110820609999, -11.7113019939999, -11.710428467, -11.711920877, -11.714926241, -11.717242934, -11.718816415, -11.717611983, -11.722178655, -11.725306922, -11.727281013, -11.726952823, -11.7272642039999, -11.7284768769999, -11.72982282, -11.7349545889999, -11.735209483, -11.732873732, 
-11.7307090039999, -11.7319371009999, -11.7357961669999, -11.743003712, -11.74686937, -11.7466947459999, -11.7458165779999, -11.7471125689999, -11.74876526, -11.7502360699999, -11.7551684919999, -11.75620423, -11.7589469509999, -11.762233322, -11.7642949129999, -11.7657990639999, -11.7691115279999, -11.7690438059999, -11.770092135, -11.771681276, -11.778207691, -11.779597892, -11.780021617, -11.780341638, -11.781958079, -11.7828209469999, -11.784605141, -11.7857799929999, -11.7861163909999, -11.787427415, 
-11.7895277389999, -11.791566592, -11.793364704, -11.7942456409999, -11.794197599, -11.7977027319999, -11.8009737399999, -11.8014386839999, -11.8000088529999, -11.7998463239999, -11.800824437, -11.8018021089999, -11.8017325289999, -11.8044752539999, -11.803650499, -11.804877607, -11.8061415159999, -11.8063065489999, -11.8073275939999, -11.8080768939999, -11.808162226, -11.8069872989999, -11.807542673, -11.8089281789999, -11.810496909, -11.810197657, -11.808155212, -11.807337978, -11.807264708, -11.807963548, 
-11.8089212379999, -11.8115097209999, -11.81063531, -11.8113807999999, -11.821060076, -11.823513454, -11.825391116, -11.827874901, -11.825967975, -11.8241659159999, -11.824981618, -11.827840718, -11.826945336, -11.82980714, -11.82998709, -11.8310701139999, -11.8322501769999, -11.832745728, -11.8336520129999, -11.835297242, -11.8355508299999, -11.837022077, -11.8369054629999, -11.839717193, -11.838531556, -11.839116598, -11.841177337, -11.84235899, -11.843030953, -11.8447076129999, -11.845937229, 
-11.844853682, -11.846009939, -11.8479558809999, -11.849204567, -11.851772062, -11.8532679729999, -11.856352831, -11.8574731189999, -11.859443551, -11.860729179, -11.860497409, -11.8570081739999, -11.8547549449999, -11.853959934, -11.8618939849999, -11.8631837239999, -11.8632986349999, -11.8652971599999, -11.8638944139999, -11.865529926, -11.866173852, -11.8655122209999, -11.8669924029999, -11.867595137, -11.868821194, -11.868328224, -11.8698046899999, -11.8709370779999, -11.8723681469999, -11.8727747849999, 
-11.8739995449999, -11.875069494, -11.8746347709999, -11.8797469469999, -11.8806489329999, -11.881497014, -11.8835393629999, -11.884821546, -11.8860923969999, -11.885811271, -11.887227642, -11.8881523999999, -11.8901862969999, -11.89220405, -11.8948836219999, -11.8950411659999, -11.897378855, -11.900982615, -11.901639276, -11.9000672279999, -11.901699595, -11.902091909, -11.9051017689999, -11.9072560709999, -11.9086203969999, -11.908829585, -11.910348568, -11.9116383979999, -11.9137960869999, -11.915177081, 
-11.9181230029999, -11.917264791, -11.9195506509999, -11.92034858, -11.921254507, -11.923293471, -11.922492656, -11.9299877219999, -11.9329351229999, -11.9354247629999, -11.936478507, -11.9379227509999, -11.941100916, -11.941298724, -11.943497651, -11.9446693889999, -11.9436869519999, -11.946699731, -11.9469868429999, -11.9523647959999, -11.954762611, -11.9558008179999, -11.9542478869999, -11.9543832499999, -11.9544567579999, -11.9557034309999, -11.958472408, -11.9611395879999, -11.962984188, -11.964987008, 
-11.965223411, -11.964699756, -11.969216376, -11.9711189029999, -11.9718784649999, -11.974597994, -11.9753483969999, -11.9771614389999, -11.978426941, -11.9797016199999, -11.983681502, -11.9859093069999, -11.985893799, -11.986986535, -11.9885913119999, -11.9917747969999, -11.993282563, -11.9939857279999, -11.995321768, -12.002348601, -12.0034988189999, -12.005073301, -12.006338741, -12.008754937, -12.0127382299999, -12.014032308, -12.014660356, -12.0165597089999, -12.0205592459999, -12.0237534949999, 
-12.024834279, -12.0255494039999, -12.0263910839999, -12.027496286, -12.029875144, -12.030776929, -12.031393073, -12.0342898219999, -12.035333548, -12.041239923, -12.04313652, -12.0442428429999, -12.044790763, -12.0466678769999, -12.048437201, -12.0494717509999, -12.050488476, -12.053864635, -12.0539627049999, -12.056520182, -12.0582988429999, -12.0581064819999, -12.059446129, -12.0602159669999, -12.061258794, -12.063860994, -12.0642959029999, -12.066028977, -12.0676612979999, -12.067522055, -12.0713465489999, 
-12.074695231, -12.075127929, -12.074591292, -12.0761308969999, -12.078118421, -12.078280148, -12.0797239099999, -12.079621038, -12.080568984, -12.0819968449999, -12.0839961109999, -12.0847419199999, -12.086727397, -12.086761531, -12.0882304969999, -12.0891970089999, -12.089907076, -12.0927454599999, -12.093187628, -12.092667764, -12.0932343329999, -12.094290041, -12.0949743289999, -12.094924091, -12.09650162, -12.097045301, -12.0984721049999, -12.100212937, -12.103050248, -12.1056466709999, -12.10752337, 
-12.1095366319999, -12.110509517, -12.1109467709999, -12.113838528, -12.114719959, -12.1155402109999, -12.1157859329999, -12.1176000799999, -12.118236266, -12.118232068, -12.1224424279999, -12.12359758, -12.1281247999999, -12.128782234, -12.1322242849999, -12.133553334, -12.1354389039999, -12.137477025, -12.138741614, -12.1404416079999, -12.1410081829999, -12.143062994, -12.14382006, -12.144838195, -12.14465669, -12.1471031909999, -12.146941671, -12.1473952559999, -12.150299485, -12.152109637, -12.152058882, 
-12.1529122979999, -12.1534397549999, -12.154955413, -12.1555225179999, -12.1556304329999, -12.157403392, -12.1580086109999, -12.1590065839999, -12.161034782, -12.1619423989999, -12.162690449, -12.1657223609999, -12.167168602, -12.170368425, -12.173097121, -12.1760864689999, -12.179347856, -12.180278157, -12.1843874559999, -12.1869723189999, -12.1870293229999, -12.190826478, -12.192945433, -12.1938487049999, -12.1964607429999, -12.1973761149999, -12.199241542, -12.2018887479999, -12.2046510359999, 
-12.2054208419999, -12.206345532, -12.2074771799999, -12.2085456229999, -12.210030403, -12.2109845929999, -12.211519365, -12.2130010569999, -12.2139256479999, -12.2140906939999, -12.215938774, -12.218543915, -12.219313116, -12.22023996, -12.2210769469999, -12.2231350029999, -12.223811475, -12.224694448, -12.225060968, -12.225967871, -12.226644479, -12.227662862, -12.227703632, -12.228551844, -12.229703573, -12.231315029, -12.23678611, -12.237737781, -12.238594154, -12.2392708099999, -12.2411223789999, 
-12.2417989599999, -12.2437727299999, -12.2480304149999, -12.249833166, -12.2513721369999, -12.2534786909999, -12.2563472899999, -12.258427442, -12.2594444659999, -12.2598844339999, -12.2601986239999, -12.2601987199999, -12.261350211, -12.2613712439999, -12.2605477509999, -12.260110451, -12.2592602199999, -12.259443557, -12.2592736569999, -12.2581075899999, -12.255970362, -12.255518363, -12.253152115, -12.2510751909999, -12.245551602, -12.2424001099999, -12.2365720989999, -12.234547021, -12.2331533439999, 
-12.232954248, -12.2310596949999, -12.229204386, -12.2286212069999, -12.2278103049999, -12.2244475749999, -12.219990326, -12.2161163159999, -12.213226088, -12.20981562, -12.2045308139999, -12.20011391, -12.196135921, -12.194059011, -12.191255824, -12.185595602, -12.184707056, -12.1830793959999, -12.1695381219999, -12.167517877, -12.1660733479999, -12.166074654, -12.1670653519999, -12.167142916, -12.165652855, -12.1645068939999, -12.163248618, -12.161886148, -12.160547682, -12.159319663, -12.1581120459999, 
-12.157765289, -12.1566255649999, -12.155318794, -12.154684224, -12.153740817, -12.152343741, -12.150959706, -12.148155932, -12.147145655, -12.1457455119999, -12.1451903109999, -12.145002961, -12.1456020599999, -12.1461699139999, -12.146044235, -12.1450686269999, -12.1437561019999, -12.142650379, -12.1420286109999, -12.140871243, -12.140149785, -12.139903855, -12.139244983, -12.139524497, -12.1385003249999, -12.137465239, -12.137117685, -12.136037834, -12.1342443419999, -12.1336044379999, -12.1315714149999, 
-12.130182749, -12.128691887, -12.1255318349999, -12.123300743, -12.121765142, -12.120826085, -12.119550654, -12.1182457689999, -12.1172580899999, -12.115857025, -12.1142407129999, -12.111968369, -12.1104128249999, -12.109047546, -12.107629727, -12.106271878, -12.1049966049999, -12.1040257829999, -12.102873083, -12.101448938, -12.0997302389999, -12.097975118, -12.09665445, -12.095270387, -12.0939804259999, -12.092343566, -12.0868042159999, -12.084907667, -12.081902355, -12.0801720909999, -12.078899695, 
-12.076469661, -12.074958931, -12.0719906949999, -12.070418291, -12.0692286139999, -12.066496953, -12.0655831509999, -12.064054047, -12.061354138, -12.053246749, -12.04987768, -12.046985979, -12.0444007289999, -12.041501803, -12.0382703829999, -12.036874129, -12.0351067609999, -12.033548666, -12.033018279, -12.032992995, -12.0324907309999, -12.0324495199999, -12.0321934759999, -12.030982063, -12.026527197, -12.0251995749999, -12.0242530929999, -12.0236464509999, -12.022332898, -12.016105809, -12.014757817, 
-12.0134686989999, -12.0126383289999, -12.0114682859999, -12.010206105, -12.0042831659999, -12.002837175, -12.001761288, -12.0013167209999, -12.0005052099999, -12.0005080359999, -11.9994054069999, -11.9990426369999, -11.99904982, -11.9983298, -11.995961402, -11.9937955689999, -11.9927106909999, -11.993296796, -11.993075403, -11.992471985, -11.9912216599999, -11.9904369599999, -11.9899980449999, -11.9885544679999, -11.9867992759999, -11.985265214, -11.9828233549999, -11.9814632489999, -11.9804756659999, 
-11.9762417219999, -11.972333007, -11.9708296749999, -11.968231561, -11.964234718, -11.9621494359999, -11.960533692, -11.958462943, -11.957359199, -11.9564107669999, -11.954623961, -11.9503683049999, -11.94788405, -11.9463163369999, -11.9445521219999, -11.938654449, -11.9363018219999, -11.9330999519999, -11.9313048279999, -11.9290464629999, -11.927398041, -11.924251943, -11.919765732, -11.9172864389999, -11.9160491649999, -11.914547006, -11.9129822599999, -11.91219195, -11.912200309, -11.9111767289999, 
-11.9079016919999, -11.9068850729999, -11.906484052, -11.9063828089999, -11.905906296, -11.9047231259999, -11.9031199789999, -11.90195325, -11.899548335, -11.894057547, -11.8910055399999, -11.889037084, -11.8858313519999, -11.88326952, -11.8806624649999, -11.8786053609999, -11.8761050159999, -11.8738203029999, -11.871854877, -11.8698016329999, -11.8671995179999, -11.8649130549999, -11.863368792, -11.86256069, -11.8605860159999, -11.855542188, -11.854667734, -11.853160513, -11.8502196049999, -11.8472727409999, 
-11.843953547, -11.8413201569999, -11.837329941, -11.835104655, -11.8325184929999, -11.8310101239999, -11.8288125519999, -11.826607699, -11.82350735, -11.8181478029999, -11.8145272349999, -11.8115183719999, -11.8089401169999, -11.8058439699999, -11.8028594159999, -11.799496028, -11.7939021939999, -11.7893024569999, -11.786511816, -11.7820705949999, -11.780525034, -11.778862772, -11.7776127, -11.774988023, -11.773888061, -11.7714701569999, -11.767004825, -11.765608451, -11.761122787, -11.7578586459999, 
-11.7544439879999, -11.7514585279999, -11.7487667559999, -11.7477039779999, -11.746680265, -11.746674927, -11.7466182919999, -11.747190196, -11.7428260869999, -11.7411310079999, -11.738820168, -11.7361779609999, -11.7353193559999, -11.7347011959999, -11.732831686, -11.729899164, -11.7299392939999, -11.731503774, -11.7324561789999, -11.7334654699999, -11.734072562, -11.736428708, -11.737079239, -11.7372341289999, -11.7378259129999, -11.738519883, -11.740943548, -11.74325292, -11.743993259, -11.7441988969999, 
-11.7431695129999, -11.741691769, -11.7402358259999, -11.7403149789999, -11.7394651839999, -11.738137572, -11.735404885, -11.7345208569999, -11.7311019169999, -11.729448251, -11.728976837, -11.7284639329999, -11.7295133079999, -11.728360551, -11.729272029, -11.7271600229999, -11.725662416, -11.7255249639999, -11.7256893729999, -11.7234621079999, -11.7218326969999, -11.719276899, -11.7178014469999, -11.7172969429999, -11.717656462, -11.7159790339999, -11.7155529419999, -11.714076705, -11.714735639, 
-11.7113106499999, -11.7097433019999, -11.7076706229999, -11.706966745, -11.7050319289999, -11.7049361809999, -11.700602092, -11.698606726, -11.698477878, -11.6999910719999, -11.7015674589999, -11.6989109949999, -11.698414779, -11.696744146, -11.6941618229999, -11.6922923499999, -11.690028738, -11.6880737739999, -11.686712789, -11.6836388999999, -11.678197514, -11.6751740229999, -11.6738642689999, -11.670853674, -11.6694275629999, -11.665056276, -11.663253883, -11.661454493, -11.659352585, -11.658167529, 
-11.6566332459999, -11.6537488209999, -11.651336087, -11.648111743, -11.6455923579999, -11.6437894809999, -11.6370813729999, -11.6339854619999, -11.630275899, -11.625945244, -11.6222214329999, -11.619107857, -11.619208793, -11.618466917, -11.6174511229999, -11.6113894249999, -11.607989166, -11.6051348849999, -11.5974781699999, -11.590682794, -11.5885449789999, -11.582832688, -11.578594809, -11.573826398, -11.5685183649999, -11.562852754, -11.558495754, -11.55680025, -11.554259921, -11.5513162849999, 
-11.543737719, -11.5368701679999, -11.5359160379999, -11.535669635, -11.534743288, -11.528804841, -11.5248342859999, -11.5198712469999, -11.5152623669999, -11.5123388809999, -11.5108520649999, -11.5105986779999, -11.510550015, -11.510251284, -11.510211506, -11.510131917, -11.5090375669999, -11.5087210239999, -11.5077906709999, -11.5064111269999, -11.506312563, -11.506278478, -11.507034575, -11.507571164, -11.5081049299999, -11.5090259309999, -11.5095206079999, -11.5100677479999, -11.510695506, -11.511066275, 
-11.5117621479999, -11.511928401, -11.5127302989999, -11.513348004, -11.514186874, -11.514659808, -11.5150192839999, -11.515024696, -11.515030108, -11.515040933, -11.5149585729999, -11.5147273069999, -11.51432083, -11.5138608679999, -11.5132294479999, -11.512947689, -11.5126736509999, -11.5125532539999, -11.512495912, -11.5121777679999, -11.511355002, -11.510881188, -11.5086995949999, -11.506878535, -11.5064207409999, -11.5060136539999, -11.505742665, -11.505530245, -11.505389604, -11.505118992, 
-11.5049714959999, -11.504848651, -11.5048007, -11.504643493, -11.50451831, -11.504685512, -11.5050016959999, -11.5050326939999, -11.5055954369999, -11.5056208289999, -11.5045098039999, -11.508455752, -11.5073825729999, -11.5115818679999, -11.513276885, -11.5083143999999, -11.5058818189999, -11.5075628889999, -11.506634712, -11.5084411889999, -11.5085799949999, -11.50798194, -11.505787735, -11.505740674, -11.5034034639999, -11.5017016059999, -11.500414197, -11.4991609999999, -11.502675874, -11.503698808, 
-11.502695291, -11.5004131869999, -11.4991018149999, -11.498938071, -11.4981961339999, -11.499665741, -11.5004158189999, -11.503137477, -11.503010894, -11.5046140969999, -11.5049359519999, -11.503000266, -11.5072664379999, -11.5059554879999, -11.505268577, -11.506013196, -11.5074175999999, -11.5079350099999, -11.509340165, -11.5097296029999, -11.5120178219999, -11.5146013979999, -11.514243479, -11.514071778, -11.516869978, -11.5185077459999, -11.5240733319999, -11.522029025, -11.5229735319999, -11.5258084559999, 
-11.5242869589999, -11.5253070669999, -11.5258396179999, -11.5262150409999, -11.5284811829999, -11.5279076899999, -11.5284561949999, -11.526317955, -11.526750033, -11.5251243129999, -11.5240695749999, -11.523264157, -11.51857688, -11.517921466, -11.5203262969999, -11.5224557199999, -11.5226125449999, -11.52428868, -11.525985227, -11.528488512, -11.529102473, -11.5414915149999, -11.548971544, -11.554435817, -11.5694793649999, -11.570314147, -11.5903722439999, -11.60659345, -11.618461619, -11.6252878359999, 
-11.6336492409999, -11.635508498, -11.747375075, -11.7492064739999, -11.7446492, -11.743690606, -11.737362801, -11.7373032519999, -11.7357693109999, -11.735189928, -11.733669866, -11.730970218, -11.7292754609999, -11.7283364029999, -11.726118551, -11.725086872, -11.7250493459999, -11.723650639, -11.722291173, -11.7233688809999, -11.7239719839999, -11.725802636, -11.7231363399999, -11.7245256899999, -11.72363124, -11.721389535, -11.72213375, -11.7239881079999, -11.7257384609999, -11.7287435289999, 
-11.7305137639999, -11.73104569, -11.7292166609999, -11.729636174, -11.727687484, -11.726637653, -11.7260759379999, -11.7245408539999, -11.7217787509999, -11.720646853, -11.720437805, -11.7209971289999, -11.722051375, -11.7234363519999, -11.723514045, -11.721658227, -11.72075829, -11.721114903, -11.723165057, -11.721249217, -11.7228223569999, -11.722149699, -11.7231101509999, -11.7279759049999, -11.7292812879999, -11.7255776419999, -11.728342197, -11.7270290459999, -11.724963531, -11.7250798199999, 
-11.7230432179999, -11.721666486, -11.719759056, -11.719290992, -11.7169076329999, -11.717470383, -11.7141809019999, -11.711890553, -11.711223257, -11.7097830039999, -11.7066915739999, -11.70574541, -11.704973186, -11.703698357, -11.6997440769999, -11.6980475199999, -11.699128544, -11.6994833009999, -11.6987078679999, -11.7002143819999, -11.6977934889999, -11.696614292, -11.7003602829999, -11.7004451059999, -11.7023664879999, -11.699943209, -11.6998861, -11.700728343, -11.701435285, -11.703584371, 
-11.704000661, -11.7061631129999, -11.7063488329999, -11.709599985, -11.709456227, -11.7074140309999, -11.707960009, -11.707406728, -11.7088207969999, -11.7072165849999, -11.704973291, -11.703308246, -11.701009177, -11.699022281, -11.700099862, -11.6950242569999, -11.6947309569999, -11.696205715, -11.696269788, -11.696063938, -11.695164173, -11.696338486, -11.6981886759999, -11.6983445659999, -11.6945798829999, -11.6929490219999, -11.694147872, -11.694075463, -11.6973192319999, -11.69988677, -11.697153409, 
-11.697165158, -11.698027971, -11.697277673, -11.6980890469999, -11.697421893, -11.698902145, -11.6966276009999, -11.6951080099999, -11.6951035149999, -11.692309769, -11.6898391789999, -11.685620483, -11.685175503, -11.684415487, -11.6835902629999, -11.6829135819999, -11.6825632159999, -11.680934541, -11.6814719479999, -11.6823293039999, -11.6742959049999, -11.6728719139999, -11.670570894, -11.66891606, -11.668777962, -11.668122933, -11.6637105349999, -11.6647309169999, -11.663679973, -11.6617470239999, 
-11.660078729, -11.6604622209999, -11.660274802, -11.654338506, -11.65315122, -11.649885908, -11.64785813, -11.64658506, -11.6468659529999, -11.645232582, -11.642844409, -11.64020153, -11.620741778, -11.6171118889999, -11.610872699, -11.6035164679999, -11.5999472769999, -11.597501683, -11.589048518, -11.586774781, -11.584560428, -11.575369307, -11.5712273179999, -11.5709511599999, -11.5670606269999, -11.5628701319999, -11.560696252, -11.5554233899999, -11.551441696, -11.5502079559999, -11.5456768939999, 
-11.5419253239999, -11.534454263, -11.532453549, -11.5298453559999, -11.52940711, -11.5249646509999, -11.5226729229999, -11.5206095069999, -11.5164104529999, -11.5119682489999, -11.5000723329999, -11.494496349, -11.492377247, -11.4901010949999, -11.489276859, -11.486732883, -11.479014667, -11.477536788, -11.477880354, -11.4789737619999, -11.4828313099999, -11.48083249, -11.4781594479999, -11.475995122, -11.473096037, -11.471500716, -11.4698801, -11.466597462, -11.463766297, -11.464882185, -11.4665623279999, 
-11.475001298, -11.4768406569999, -11.479118413, -11.481545383)))"
1100205,Porto Velho,11,RO,"list(list(c(-62.866616572, -62.8601701049999, -62.8533605659999, -62.8450557429999, -62.8416097859999, -62.8328333059999, -62.82572222, -62.8210030789999, -62.81433557, -62.8099965329999, -62.801755579, -62.7943018589999, -62.7885675579999, -62.786200315, -62.7821780589999, -62.7798372919999, -62.772192392, -62.765277784, -62.757889011, -62.751802192, -62.743972495, -62.7380315959999, -62.733110385, -62.7276394309999, -62.72461751, -62.7181084149999, -62.712829765, -62.7064162929999, -62.699503682, 
-62.6922801349999, -62.690555279, -62.684026439, -62.678839091, -62.679142597, -62.68550046, -62.6833038659999, -62.67825366, -62.674110835, -62.6730277129999, -62.676725107, -62.679165185, -62.6852542099999, -62.6866641629999, -62.6829990209999, -62.676669669, -62.6735246999999, -62.6669407329999, -62.6598884649999, -62.6510262249999, -62.655001623, -62.649945987, -62.641945091, -62.636277016, -62.628974518, -62.6181966199999, -62.610362836, -62.6040249039999, -62.6000574989999, -62.592771217, -62.5853878659999, 
-62.581503808, -62.5741938189999, -62.56922568, -62.561919019, -62.5573103139999, -62.556264251, -62.5562639829999, -62.555941207, -62.561162285, -62.555272649, -62.555783699, -62.5491144689999, -62.5489211999999, -62.5515268109999, -62.539556976, -62.532003092, -62.5254683319999, -62.526135973, -62.518472549, -62.5082533579999, -62.5008286429999, -62.4926887029999, -62.4869480059999, -62.4827463399999, -62.478915648, -62.472969931, -62.4654746099999, -62.4589498549999, -62.453768754, -62.445330423, 
-62.439723939, -62.4322478219999, -62.424558193, -62.416220665, -62.408245813, -62.400024439, -62.3923627379999, -62.384027852, -62.370549548, -62.365082314, -62.3608035, -62.3599712239999, -62.361220002, -62.3671335849999, -62.369280924, -62.3695562219999, -62.367669726, -62.365108215, -62.363720307, -62.3640236809999, -62.366051171, -62.360083266, -62.353977751, -62.3448883869999, -62.3373586989999, -62.333222385, -62.3351369909999, -62.3343345609999, -62.329412715, -62.325804699, -62.3277244549999, 
-62.3341394609999, -62.3390795, -62.3419985369999, -62.3410840109999, -62.33577761, -62.320589706, -62.312028003, -62.304135975, -62.2895023499999, -62.2813041009999, -62.2793343239999, -62.283303453, -62.2895863299999, -62.294307663, -62.293282881, -62.289356937, -62.281197529, -62.2742793949999, -62.268888514, -62.2632745879999, -62.2613340299999, -62.2602198989999, -62.257773521, -62.256093688, -62.254801185, -62.2519956679999, -62.250831871, -62.246941856, -62.2456118329999, -62.244335065, -62.243027641, 
-62.2411950659999, -62.2410347319999, -62.242583624, -62.238557701, -62.238502894, -62.24099813, -62.2436451, -62.243776976, -62.2425278259999, -62.240693237, -62.240806574, -62.2413599399999, -62.242696058, -62.2447795, -62.244994109, -62.2428340659999, -62.239446474, -62.2370555909999, -62.237447263, -62.238500921, -62.2386089329999, -62.241220008, -62.240831731, -62.241832222, -62.2429469299999, -62.243639311, -62.2446360659999, -62.2452547499999, -62.2455874449999, -62.2441102609999, -62.2439397039999, 
-62.244586453, -62.245861809, -62.2517996009999, -62.2538837509999, -62.2581134059999, -62.265607786, -62.267169896, -62.269217931, -62.2721423729999, -62.274466038, -62.2774415769999, -62.28963944, -62.292389381, -62.300252168, -62.3027474099999, -62.312167992, -62.3188310679999, -62.3269342369999, -62.33078446, -62.333111634, -62.3377475769999, -62.3432813029999, -62.345030473, -62.3457491639999, -62.34374643, -62.3452229549999, -62.347972134, -62.35588712, -62.3583633029999, -62.3634160259999, 
-62.3659724, -62.3672193399999, -62.367677481, -62.3645110399999, -62.3642489709999, -62.3619432499999, -62.363007925, -62.364836539, -62.365412943, -62.367109222, -62.3671985359999, -62.3668069779999, -62.3647508139999, -62.365557074, -62.3634664659999, -62.362914222, -62.3657034329999, -62.3667750319999, -62.3668928239999, -62.3676127799999, -62.3719755079999, -62.373327505, -62.3738348369999, -62.373112989, -62.3691072559999, -62.36995057, -62.372417989, -62.3728892539999, -62.3744993289999, -62.377826753, 
-62.3756899129999, -62.372122248, -62.3708895019999, -62.3722258269999, -62.375193143, -62.3738164609999, -62.369833496, -62.366891169, -62.366610403, -62.367552614, -62.369498573, -62.370917599, -62.3691269019999, -62.372977205, -62.3758840569999, -62.379975831, -62.3866917369999, -62.394551054, -62.401610928, -62.405750114, -62.408661325, -62.410002184, -62.4111438369999, -62.4166428139999, -62.4206670419999, -62.431169669, -62.4352211019999, -62.436830941, -62.439456718, -62.441627403, -62.444006762, 
-62.4444306969999, -62.4456619459999, -62.4479997999999, -62.448890251, -62.448576824, -62.4467362079999, -62.4467739979999, -62.448141689, -62.4494090409999, -62.451190572, -62.46323166, -62.468207701, -62.471942253, -62.479934505, -62.4818049029999, -62.48564509, -62.4862716369999, -62.484105637, -62.484111221, -62.4849491639999, -62.488506092, -62.491261357, -62.4942495359999, -62.498376615, -62.5028311689999, -62.508179329, -62.509025363, -62.516028215, -62.52130857, -62.527612797, -62.5323387449999, 
-62.536361501, -62.542610935, -62.552560273, -62.553669325, -62.554806731, -62.559531837, -62.5623588659999, -62.5702981579999, -62.573305461, -62.5763493479999, -62.580590696, -62.581947902, -62.585275617, -62.5864812569999, -62.5888078099999, -62.5881955639999, -62.589360812, -62.590527655, -62.59325798, -62.596881438, -62.5983369269999, -62.5995322209999, -62.603858937, -62.606657464, -62.609636488, -62.61280741, -62.618584601, -62.621943535, -62.62586821, -62.627832478, -62.6292562029999, -62.6312283929999, 
-62.6452519789999, -62.651159718, -62.655031814, -62.656531151, -62.656890263, -62.657640116, -62.660779906, -62.6625537449999, -62.663193091, -62.663280827, -62.664696158, -62.667879548, -62.67225409, -62.674496397, -62.677395135, -62.685268407, -62.6923617069999, -62.7008619919999, -62.703750317, -62.707140038, -62.7111092849999, -62.715472122, -62.7186446589999, -62.7216708029999, -62.724639704, -62.726560228, -62.730421066, -62.7341165509999, -62.7359480279999, -62.7384770949999, -62.7431131939999, 
-62.754086682, -62.7641357559999, -62.762317998, -62.7609755979999, -62.7591368019999, -62.7559507939999, -62.756196393, -62.7581660929999, -62.761525499, -62.7597344919999, -62.7613660109999, -62.763173695, -62.7644429189999, -62.7638879339999, -62.765365505, -62.767586678, -62.76655178, -62.760596988, -62.757679234, -62.753119681, -62.7520022909999, -62.756388605, -62.756560263, -62.7596561059999, -62.759336946, -62.767976895, -62.769283465, -62.7694182849999, -62.7704722079999, -62.777977372, 
-62.7801130499999, -62.780448346, -62.7776749549999, -62.7744988109999, -62.768265926, -62.7646414239999, -62.7616154479999, -62.760727285, -62.7630322789999, -62.765587338, -62.7696126319999, -62.7724164309999, -62.7737506619999, -62.77283628, -62.769618432, -62.765168385, -62.7639984109999, -62.764053753, -62.761833117, -62.759953082, -62.7577237409999, -62.756893733, -62.7532819469999, -62.752589033, -62.753191201, -62.75552725, -62.756721028, -62.7592516939999, -62.762169542, -62.7628627559999, 
-62.762388389, -62.7556469919999, -62.754636363, -62.7520036929999, -62.750751598, -62.7492523299999, -62.747080244, -62.745341465, -62.745114659, -62.747642656, -62.747504377, -62.7456400089999, -62.7413139859999, -62.739280207, -62.7356936239999, -62.736000195, -62.735504307, -62.733585951, -62.7331951799999, -62.732960085, -62.7317732619999, -62.728319096, -62.726466398, -62.72219425, -62.719582403, -62.717137338, -62.716591094, -62.7207272649999, -62.7257853039999, -62.728790416, -62.7369742209999, 
-62.7381143769999, -62.7398350699999, -62.7398593889999, -62.737781817, -62.735862602, -62.7327509199999, -62.726477544, -62.7256425039999, -62.727123483, -62.7331076669999, -62.737044328, -62.7455047809999, -62.749202147, -62.752587244, -62.753611238, -62.7552485239999, -62.7565258169999, -62.756916141, -62.7543101899999, -62.7497237629999, -62.746976264, -62.744837676, -62.742110349, -62.741806055, -62.744693323, -62.7496151869999, -62.750090599, -62.754166955, -62.7580064559999, -62.7635335809999, 
-62.766758124, -62.767389772, -62.767837463, -62.769478668, -62.7703113289999, -62.7706397679999, -62.769667607, -62.770353088, -62.7742840589999, -62.77711558, -62.778474246, -62.7834205349999, -62.784392378, -62.78263616, -62.779167934, -62.776915681, -62.7749711079999, -62.7737270649999, -62.7732535639999, -62.773422812, -62.772589423, -62.7711455649999, -62.7657948529999, -62.76491869, -62.766809435, -62.7703359189999, -62.7730269799999, -62.7776356019999, -62.781000422, -62.781562684, -62.7796921149999, 
-62.777973992, -62.7764750249999, -62.774136621, -62.7724710249999, -62.770251503, -62.769359336, -62.768835853, -62.769893136, -62.774225735, -62.776311261, -62.778775963, -62.7814753699999, -62.78350425, -62.7860767939999, -62.786418783, -62.7871548889999, -62.7917726099999, -62.793944999, -62.7944778029999, -62.7940044319999, -62.7938928869999, -62.7950608559999, -62.7997776499999, -62.804476924, -62.8042859839999, -62.803478095, -62.803198317, -62.804252041, -62.8054721789999, -62.8090015979999, 
-62.8117185569999, -62.812274916, -62.813417309, -62.8142774579999, -62.815277525, -62.815998975, -62.816479033, -62.8187853089999, -62.818424897, -62.817030641, -62.816496869, -62.819719988, -62.820559844, -62.8205466569999, -62.8144881779999, -62.812978438, -62.813803702, -62.815082547, -62.820464296, -62.8235594079999, -62.826167574, -62.82905555, -62.829392621, -62.830610931, -62.832081228, -62.833422715, -62.837532688, -62.8421412589999, -62.84356203, -62.840873291, -62.834944153, -62.8318664689999, 
-62.8268055949999, -62.822861001, -62.822333434, -62.982895131, -63.1948758499999, -63.204280432, -63.374075078, -63.3772121579999, -63.448937295, -63.450532598, -63.450975894, -63.451109209, -63.452054659, -63.4597564219999, -63.462783068, -63.465621669, -63.46741805, -63.467476945, -63.466367479, -63.4691090429999, -63.475393282, -63.4821702849999, -63.483200269, -63.4820650939999, -63.4786685439999, -63.472733068, -63.466252347, -63.460230186, -63.4522830019999, -63.446950756, -63.445203287, -63.445394931, 
-63.4472536859999, -63.4541699119999, -63.4591611, -63.4711555479999, -63.483813036, -63.496997148, -63.504564723, -63.5120357949999, -63.5139815209999, -63.515318221, -63.5159524049999, -63.516870913, -63.5200586759999, -63.5229816229999, -63.52422614, -63.5247313689999, -63.524032915, -63.5214564599999, -63.5219254089999, -63.5230879299999, -63.5267623659999, -63.5307612009999, -63.533535496, -63.543007438, -63.544284077, -63.5457523389999, -63.5465330229999, -63.548648459, -63.5526175629999, -63.555431808, 
-63.5570037619999, -63.561840984, -63.56461741, -63.565865305, -63.5669193509999, -63.56767627, -63.56450867, -63.564394684, -63.5652595799999, -63.5632576469999, -63.5617021729999, -63.5606192309999, -63.562622921, -63.5614339649999, -63.562202778, -63.5630393449999, -63.5642878199999, -63.572426248, -63.574728825, -63.579307207, -63.58170322, -63.582620311, -63.579421176, -63.577564184, -63.576089756, -63.5764257719999, -63.578510227, -63.5812026989999, -63.583201579, -63.585258697, -63.589422257, 
-63.5900648309999, -63.5896181739999, -63.586486496, -63.586669392, -63.587507395, -63.591590104, -63.596171538, -63.5994002589999, -63.6050406519999, -63.608479438, -63.6112965839999, -63.6127588529999, -63.613303546, -63.6125592459999, -63.614865417, -63.616150412, -63.61741798, -63.62040333, -63.62504962, -63.6299769339999, -63.6360859039999, -63.628231407, -63.627148773, -63.6280125649999, -63.630536657, -63.6325361509999, -63.642594994, -63.6450385579999, -63.64720464, -63.647761084, -63.651643992, 
-63.6539269589999, -63.655094941, -63.6563094959999, -63.655952692, -63.654276635, -63.650234591, -63.642315611, -63.6403412779999, -63.6429814479999, -63.6473968179999, -63.6505580199999, -63.65742675, -63.660831642, -63.6620140809999, -63.6639535959999, -63.665594549, -63.6664817819999, -63.667923371, -63.6701757259999, -63.671726795, -63.672366023, -63.670648287, -63.6685612549999, -63.667621166, -63.6683399179999, -63.6682821999999, -63.668928749, -63.671033038, -63.674382318, -63.680115079, 
-63.6827833509999, -63.683175921, -63.6820631609999, -63.6836140679999, -63.685590297, -63.6875602519999, -63.6953933029999, -63.6955392539999, -63.694589806, -63.694435219, -63.695814332, -63.697004732, -63.697400765, -63.6983190999999, -63.7034763699999, -63.7056048729999, -63.7077333769999, -63.7120346879999, -63.711759248, -63.710900846, -63.708591944, -63.706099282, -63.702791809, -63.699484336, -63.6962070089999, -63.6948959919999, -63.6935693899999, -63.6909894889999, -63.688365678, -63.686946808, 
-63.6879498849999, -63.693012601, -63.700649132, -63.702008306, -63.7036164899999, -63.7067306389999, -63.707282305, -63.707396865, -63.707273291, -63.704920896, -63.705142027, -63.707006479, -63.7060827109999, -63.704371121, -63.705670996, -63.707450861, -63.7087039709999, -63.712259822, -63.7136212659999, -63.714065245, -63.7143814859999, -63.7148149719999, -63.715791109, -63.717372624, -63.718400958, -63.722823755, -63.723091797, -63.724033906, -63.7243329629999, -63.724366241, -63.7234306639999, 
-63.7218436439999, -63.7206538029999, -63.718760776, -63.7129751219999, -63.7073908729999, -63.7045656999999, -63.704548416, -63.7045387269999, -63.704531773, -63.7044475709999, -63.7041685679999, -63.70411436, -63.704042805, -63.704067073, -63.704299929, -63.704398601, -63.7058101569999, -63.706903473, -63.7099961539999, -63.710534926, -63.7106810649999, -63.7113608639999, -63.7121783379999, -63.712889874, -63.713782027, -63.7181469239999, -63.7197821969999, -63.720530476, -63.720893324, -63.7200418709999, 
-63.719006538, -63.709984219, -63.7030285049999, -63.700215809, -63.6995421619999, -63.699401665, -63.7017918609999, -63.703073332, -63.703870742, -63.7066715889999, -63.7096450449999, -63.711868302, -63.716148994, -63.7193414289999, -63.723511555, -63.728343552, -63.7277814939999, -63.728711279, -63.73104977, -63.7350058499999, -63.737873305, -63.739953832, -63.7429567629999, -63.744338802, -63.7449802669999, -63.7473654619999, -63.749283678, -63.74898988, -63.7477562849999, -63.7450946559999, -63.7436542889999, 
-63.741925892, -63.739595133, -63.7373781619999, -63.73125009, -63.729061633, -63.729374571, -63.733592471, -63.738179435, -63.743823525, -63.7492060819999, -63.750149263, -63.7467276739999, -63.744398194, -63.742318673, -63.739902354, -63.739619997, -63.7406241269999, -63.743339627, -63.7476390099999, -63.747890683, -63.751175641, -63.750227703, -63.7449262489999, -63.7416471219999, -63.74056557, -63.740064633, -63.740062103, -63.741008846, -63.7407022419999, -63.738847045, -63.7312986969999, -63.7263095389999, 
-63.7228972119999, -63.7247802369999, -63.7269269549999, -63.7343639619999, -63.7367122049999, -63.736150406, -63.7379825019999, -63.739178612, -63.7431467209999, -63.745038588, -63.744986688, -63.7442585799999, -63.737762846, -63.736812896, -63.7362173079999, -63.738417085, -63.742982516, -63.743199843, -63.7394278589999, -63.732365293, -63.73070175, -63.7285885969999, -63.726174711, -63.724153949, -63.723612862, -63.725121916, -63.7273129229999, -63.7299517929999, -63.731874026, -63.7370378919999, 
-63.7413463789999, -63.7444799189999, -63.7448418239999, -63.744095182, -63.742482297, -63.740257454, -63.741897672, -63.7482898249999, -63.7507620579999, -63.754263925, -63.7547303539999, -63.7546229269999, -63.7538984609999, -63.752757045, -63.750980493, -63.746733009, -63.744929653, -63.7408162819999, -63.737287373, -63.7354822779999, -63.73353129, -63.732260316, -63.730558151, -63.729651028, -63.730569455, -63.734952874, -63.735792825, -63.7417447169999, -63.7488093059999, -63.7495898199999, 
-63.7491239829999, -63.746033855, -63.743038379, -63.744403459, -63.746278746, -63.751087642, -63.7518661719999, -63.753229319, -63.753428829, -63.7542579989999, -63.755704235, -63.7573400049999, -63.759901041, -63.761125259, -63.7625366159999, -63.763121932, -63.7622328579999, -63.764284378, -63.767060923, -63.76811672, -63.76803828, -63.7670653499999, -63.764608884, -63.7634768989999, -63.766569948, -63.7706238659999, -63.77451158, -63.776116525, -63.7810619059999, -63.7829537639999, -63.783672516, 
-63.783399463, -63.782064189, -63.780483083, -63.780036493, -63.7770689279999, -63.7755303989999, -63.772455124, -63.7708194709999, -63.769289055, -63.768728722, -63.771130153, -63.7718344039999, -63.7731246989999, -63.779628002, -63.781152832, -63.7840916519999, -63.78639353, -63.787202711, -63.783479099, -63.783875203, -63.7884003349999, -63.790378383, -63.791205776, -63.792982496, -63.792789344, -63.791308907, -63.7855386789999, -63.7849509279999, -63.784650514, -63.785254698, -63.7875670069999, 
-63.788394441, -63.7890345719999, -63.78914822, -63.7909026749999, -63.7944835359999, -63.7962052709999, -63.7968688719999, -63.7969278159999, -63.795328623, -63.794842546, -63.7930610399999, -63.790490708, -63.785755861, -63.7810623149999, -63.776906059, -63.775411108, -63.775222613, -63.7747321569999, -63.775676409, -63.7772900679999, -63.780789252, -63.782096251, -63.783068749, -63.7828987489999, -63.781452626, -63.7841539419999, -63.7872743649999, -63.7871358629999, -63.7841771029999, -63.7854859959999, 
-63.7899815099999, -63.7921843379999, -63.792788222, -63.792540327, -63.7885946219999, -63.786174292, -63.782430378, -63.779317214, -63.776231262, -63.775956076, -63.776289132, -63.778708313, -63.7806194359999, -63.789158826, -63.791045764, -63.792501718, -63.794624729, -63.794764448, -63.7879282339999, -63.786708066, -63.783591573, -63.782015659, -63.780733238, -63.7788177819999, -63.7770444119999, -63.775874377, -63.7738516749999, -63.770149787, -63.7711217349999, -63.7733214739999, -63.7754233749999, 
-63.776762553, -63.7784577739999, -63.779565026, -63.781147514, -63.7827033419999, -63.784236813, -63.785342841, -63.784587891, -63.782735267, -63.7819047719999, -63.7815110989999, -63.7832922819999, -63.785073465, -63.7859576509999, -63.7857061289999, -63.783756961, -63.781491381, -63.781064861, -63.778263916, -63.776599827, -63.77368904, -63.7704779959999, -63.766798688, -63.7631193789999, -63.7629560609999, -63.7648123869999, -63.773271541, -63.7750698939999, -63.778098831, -63.7778139939999, 
-63.7769625229999, -63.7718156409999, -63.7715644939999, -63.771313347, -63.773985417, -63.7745142289999, -63.7762559, -63.776040242, -63.7718806029999, -63.771121465, -63.7708398839999, -63.7719862769999, -63.7732892529999, -63.775790402, -63.7761198209999, -63.7769509789999, -63.778731213, -63.780511447, -63.7818453529999, -63.782346267, -63.77878995, -63.77863248, -63.779682187, -63.780648614, -63.7885890169999, -63.7884014869999, -63.787082655, -63.785339334, -63.783716538, -63.7800852819999, 
-63.778816534, -63.7786187619999, -63.7797847269999, -63.7789250019999, -63.775006001, -63.77359666, -63.7727311049999, -63.7709558689999, -63.7692361169999, -63.7651484079999, -63.7640962239999, -63.763845402, -63.764872637, -63.7662848219999, -63.7691243939999, -63.77023127, -63.767680157, -63.7665106489999, -63.763698666, -63.7613448559999, -63.7613714949999, -63.76648505, -63.767540144, -63.7685952389999, -63.7710684539999, -63.776255103, -63.7791244489999, -63.7800339629999, -63.783292169, -63.7824833269999, 
-63.7800047959999, -63.777651153, -63.775595533, -63.773734081, -63.7780432129999, -63.781627607, -63.7812652209999, -63.7827624459999, -63.783539306, -63.784206825, -63.7860728039999, -63.7859545859999, -63.7849587589999, -63.786623308, -63.7898711839999, -63.790812706, -63.790901923, -63.790061524, -63.7888959169999, -63.7872345439999, -63.7848206, -63.781708618, -63.778571544, -63.776065488, -63.774601838, -63.773138189, -63.77638353, -63.778168066, -63.7801992429999, -63.78223042, -63.782071529, 
-63.7797816039999, -63.7777602179999, -63.7777312599999, -63.77995895, -63.779537503, -63.778842782, -63.77808957, -63.776755684, -63.7721252439999, -63.771035454, -63.768901341, -63.768092971, -63.7677651699999, -63.7686768319999, -63.7696252769999, -63.7730646689999, -63.7744003189999, -63.775735969, -63.77801042, -63.782459335, -63.7843749189999, -63.7856528469999, -63.786673758, -63.782759116, -63.779089601, -63.775764899, -63.773706331, -63.7724511199999, -63.7682634179999, -63.766710664, -63.766083702, 
-63.76545674, -63.770823095, -63.771122369, -63.7701750109999, -63.7693111429999, -63.7653449359999, -63.7636472249999, -63.7597656569999, -63.759930794, -63.763039456, -63.7617638179999, -63.757577773, -63.7568274879999, -63.750447669, -63.747510675, -63.747899315, -63.750786878, -63.751263473, -63.75371111, -63.753375222, -63.747903585, -63.746257858, -63.7435944189999, -63.7363144489999, -63.7344558949999, -63.740009455, -63.742457406, -63.7455650159999, -63.744591827, -63.7422608379999, -63.7408947929999, 
-63.7408763919999, -63.7391738679999, -63.7378468579999, -63.7358087009999, -63.735875769, -63.737368924, -63.737258888, -63.7368983969999, -63.735977746, -63.7339410399999, -63.7321223399999, -63.729014244, -63.724240592, -63.722144269, -63.7200643719999, -63.7136891929999, -63.7114412909999, -63.710459509, -63.7116121809999, -63.712201157, -63.71108796, -63.709316353, -63.706980477, -63.7055127279999, -63.704367038, -63.7069328369999, -63.7057886579999, -63.7033368129999, -63.7020895669999, -63.6996849029999, 
-63.6964246849999, -63.6947876789999, -63.691898541, -63.6907070469999, -63.688152438, -63.6876490349999, -63.687479463, -63.6865383899999, -63.686371564, -63.686925028, -63.686123321, -63.682125795, -63.680560526, -63.6786792779999, -63.677087995, -63.676326097, -63.6790913959999, -63.678645967, -63.6740066249999, -63.6711503929999, -63.667011496, -63.665856288, -63.66394919, -63.663294466, -63.665010766, -63.666565956, -63.668595318, -63.6693112189999, -63.6697158819999, -63.671731505, -63.6740368549999, 
-63.6730665209999, -63.6720669479999, -63.670947138, -63.664794624, -63.660040324, -63.658868261, -63.658875735, -63.6596534919999, -63.659708127, -63.658320095, -63.6561543509999, -63.654595195, -63.6500698199999, -63.649092964, -63.6463697999999, -63.6412397569999, -63.6403444359999, -63.640070083, -63.643930568, -63.642873736, -63.641672488, -63.6397842109999, -63.637744946, -63.633928803, -63.6308744919999, -63.628262391, -63.626069968, -63.6239280019999, -63.621022554, -63.6203472139999, -63.620063008, 
-63.620539446, -63.621627098, -63.6232813679999, -63.624731601, -63.624860594, -63.6244164789999, -63.6234554449999, -63.6208505649999, -63.618435969, -63.613987267, -63.611625563, -63.6107031049999, -63.607203934, -63.6024804309999, -63.5996359519999, -63.597649699, -63.5963973349999, -63.596229346, -63.5970937319999, -63.595657062, -63.5890925609999, -63.582675979, -63.5818832489999, -63.5824561919999, -63.5817079139999, -63.579911655, -63.575950718, -63.5752841039999, -63.5768593869999, -63.57770145, 
-63.5788744149999, -63.5815385799999, -63.5834510609999, -63.5823468459999, -63.5815601129999, -63.5813955189999, -63.5797447509999, -63.577510312, -63.57706248, -63.5763943009999, -63.572736202, -63.565348016, -63.563232456, -63.560259914, -63.5581524529999, -63.555064777, -63.554872371, -63.556153157, -63.558571279, -63.560009779, -63.563013138, -63.566315628, -63.5654804859999, -63.561230614, -63.56045719, -63.561513936, -63.561589968, -63.555093388, -63.554091445, -63.5573967919999, -63.5596809029999, 
-63.5589818389999, -63.5558378699999, -63.553315718, -63.553262573, -63.554715622, -63.5550960899999, -63.557878433, -63.5607573459999, -63.565430823, -63.5678991819999, -63.5681558399999, -63.565686303, -63.5637125179999, -63.561454782, -63.560093409, -63.5571474709999, -63.555121105, -63.5533444989999, -63.551724789, -63.547813522, -63.5475596679999, -63.548729088, -63.5502636079999, -63.55061864, -63.5513686749999, -63.5533497719999, -63.5577594709999, -63.5585655819999, -63.561678424, -63.5619294759999, 
-63.5603967899999, -63.5604666139999, -63.562957599, -63.56286946, -63.559125705, -63.557702088, -63.5571518549999, -63.550845624, -63.5498503929999, -63.5514820799999, -63.551146415, -63.5485510089999, -63.548152977, -63.550454176, -63.5505009339999, -63.548153347, -63.549261388, -63.551725788, -63.556847491, -63.5578152479999, -63.557104869, -63.557821216, -63.558817131, -63.560538046, -63.5612300189999, -63.560400546, -63.5605591059999, -63.561423653, -63.566129486, -63.5665907559999, -63.5659817589999, 
-63.5652618429999, -63.562508665, -63.56289749, -63.5639049809999, -63.565008818, -63.565321279, -63.56704393, -63.5708202479999, -63.571119099, -63.571898285, -63.5731777, -63.576382016, -63.585181629, -63.5879212439999, -63.588984881, -63.5880366769999, -63.588674611, -63.591979548, -63.5927315339999, -63.591846376, -63.591855789, -63.595318139, -63.598262768, -63.601431511, -63.6044880549999, -63.605810888, -63.607201203, -63.608116575, -63.6091732029999, -63.608120733, -63.610142738, -63.614069786, 
-63.61431798, -63.613792046, -63.6115349519999, -63.611409021, -63.6135092589999, -63.616406003, -63.619402211, -63.6210084049999, -63.622235475, -63.625150579, -63.625731862, -63.624587646, -63.621523807, -63.620038241, -63.6188601329999, -63.6171794939999, -63.6167103879999, -63.616841557, -63.6180682319999, -63.6210684309999, -63.6248460839999, -63.6261479809999, -63.6258201909999, -63.624482422, -63.624208845, -63.6255381839999, -63.6249832019999, -63.625539061, -63.625398777, -63.62457241, -63.6237023899999, 
-63.622286082, -63.6196794499999, -63.618231541, -63.6182914949999, -63.6260739229999, -63.627613857, -63.6304022099999, -63.631901004, -63.634978761, -63.6367943799999, -63.6414412629999, -63.6419836549999, -63.640206631, -63.640207683, -63.641983816, -63.642150681, -63.6401769019999, -63.640008943, -63.6405072319999, -63.641988666, -63.6433426169999, -63.6446765709999, -63.646014719, -63.648772466, -63.650517349, -63.653456059, -63.65422881, -63.6544826219999, -63.653762935, -63.6537138739999, 
-63.654205352, -63.6551042739999, -63.6565702309999, -63.6594827609999, -63.6610350019999, -63.6623740169999, -63.662904373, -63.6622065299999, -63.662924099, -63.665183661, -63.666049038, -63.6676715019999, -63.6702617569999, -63.671678899, -63.67245376, -63.672561425, -63.671869119, -63.6660931849999, -63.663663829, -63.662594341, -63.6633234879999, -63.665487309, -63.6673070109999, -63.6726305639999, -63.674686595, -63.680181486, -63.6809541909999, -63.6812112979999, -63.680678676, -63.680542948, 
-63.6805807139999, -63.680406008, -63.680982021, -63.6805418369999, -63.6791777569999, -63.6777618139999, -63.6744872589999, -63.6713873149999, -63.6714572439999, -63.675814756, -63.67809579, -63.6807771619999, -63.6869435209999, -63.6881764249999, -63.689123544, -63.6894029969999, -63.686677475, -63.683911092, -63.6806212379999, -63.6792873409999, -63.679378008, -63.683604898, -63.685071371, -63.6860164819999, -63.6861518309999, -63.6852926839999, -63.7450422379999, -63.7458863879999, -63.838389567, 
-63.9449825889999, -63.9671665289999, -64.0825015649999, -64.085480288, -64.135794553, -64.136554028, -64.1390140469999, -64.142261729, -64.1588606869999, -64.1616362229999, -64.167652371, -64.1718233499999, -64.181522419, -64.1848022839999, -64.187421483, -64.1957271879999, -64.198949978, -64.2020271339999, -64.2044940169999, -64.2088186769999, -64.216365798, -64.218988052, -64.2222436469999, -64.2250258139999, -64.226106166, -64.229955751, -64.2328728579999, -64.2354887159999, -64.2376401989999, 
-64.242717133, -64.2464070459999, -64.248092774, -64.250399089, -64.25578239, -64.2574708059999, -64.26024315, -64.26135746, -64.264412612, -64.265349604, -64.266576684, -64.2684607319999, -64.272224049, -64.273262441, -64.275237032, -64.277327422, -64.279084234, -64.2797397239999, -64.279539506, -64.279913227, -64.283286722, -64.2853526769999, -64.2882306829999, -64.291887588, -64.293392679, -64.2964159249999, -64.301245883, -64.3024015739999, -64.304588278, -64.305814453, -64.307475237, -64.3083257809999, 
-64.309657211, -64.311324726, -64.310178944, -64.309999557, -64.308921196, -64.3039213699999, -64.3020064839999, -64.301816675, -64.303424475, -64.3039419699999, -64.3037624939999, -64.30120401, -64.3003052449999, -64.298455916, -64.2977514759999, -64.300190702, -64.302075408, -64.305547257, -64.309217328, -64.312185109, -64.3141244679999, -64.3139420329999, -64.3156209629999, -64.3182060659999, -64.3182049329999, -64.31641202, -64.3167392769999, -64.317575651, -64.3170023169999, -64.317585744, -64.323254791, 
-64.323255159, -64.31995771, -64.3201389979999, -64.3232328659999, -64.323376935, -64.3251792129999, -64.3271135239999, -64.326546143, -64.3248910189999, -64.3247022959999, -64.3235493549999, -64.323426653, -64.322592909, -64.321239817, -64.319760538, -64.319314445, -64.319769654, -64.321962217, -64.322030473, -64.320627245, -64.320504307, -64.3210826979999, -64.3210797079999, -64.320646409, -64.321812182, -64.322651406, -64.32253045, -64.3232426149999, -64.322349728, -64.3228721599999, -64.3225661539999, 
-64.3236686929999, -64.323488185, -64.3273883469999, -64.3294922889999, -64.330588027, -64.3314265849999, -64.3321445779999, -64.3315787759999, -64.3347511479999, -64.333025123, -64.332454102, -64.3338806089999, -64.3340242509999, -64.335057873, -64.335578313, -64.336804887, -64.340539283, -64.3418917179999, -64.341957467, -64.344292082, -64.346571229, -64.3467734279999, -64.3450424489999, -64.3456283459999, -64.343921986, -64.345896907, -64.345455745, -64.347404731, -64.3469583769999, -64.343740736, 
-64.344067206, -64.345809346, -64.346393214, -64.34426981, -64.340680799, -64.339909919, -64.340085335, -64.340515062, -64.34306871, -64.3428298549999, -64.341169881, -64.5731421689999, -64.595309695, -64.705167569, -64.9078703309999, -64.94596648, -65.000028035, -65.1667443729999, -65.167519834, -65.171797266, -65.173302302, -65.1798283099999, -65.1820162879999, -65.182715465, -65.1849715769999, -65.1851835589999, -65.188884615, -65.1944103419999, -65.1978881569999, -65.200714204, -65.2031891979999, 
-65.2062664869999, -65.2122167359999, -65.216739579, -65.2233018219999, -65.227730657, -65.229900154, -65.2332175939999, -65.235716265, -65.2402957589999, -65.244378067, -65.249129837, -65.2511885319999, -65.254295352, -65.257242562, -65.259596378, -65.2636652899999, -65.264937872, -65.2698836159999, -65.275853512, -65.279100614, -65.2825167619999, -65.2838802139999, -65.283718133, -65.2838848729999, -65.284430217, -65.28533364, -65.2862537709999, -65.289295102, -65.2918806639999, -65.294769819, 
-65.300050044, -65.303682739, -65.311498779, -65.312406492, -65.314078343, -65.3170068529999, -65.317327462, -65.3202710159999, -65.3219288019999, -65.32357265, -65.3251073479999, -65.3290014839999, -65.331697717, -65.332353548, -65.33300938, -65.333545259, -65.3334093089999, -65.3318292719999, -65.3285157509999, -65.321217882, -65.3166387219999, -65.3122688119999, -65.306995382, -65.29943422, -65.2958042059999, -65.2912957239999, -65.288659195, -65.2866949789999, -65.286023324, -65.2860465489999, 
-65.286739403, -65.287377232, -65.289771794, -65.2929627999999, -65.2980705339999, -65.3012454709999, -65.307353173, -65.3168868209999, -65.318441803, -65.320520785, -65.321994342, -65.32496535, -65.3268593699999, -65.328070667, -65.3317691139999, -65.3368837749999, -65.339737261, -65.343055234, -65.3482714069999, -65.351434238, -65.3546006079999, -65.3568805989999, -65.363802329, -65.368210543, -65.3783043569999, -65.3916014839999, -65.394937885, -65.40010572, -65.413765262, -65.4218006629999, -65.431126451, 
-65.4408504039999, -65.44343685, -65.4460779379999, -65.446800961, -65.447136578, -65.4465096709999, -65.4431634039999, -65.442102486, -65.441491516, -65.4435231969999, -65.4470742709999, -65.450547816, -65.4551305379999, -65.457055663, -65.460407232, -65.463191525, -65.4650158219999, -65.4660453649999, -65.471856105, -65.475022199, -65.481638397, -65.482632797, -65.483163597, -65.4845742329999, -65.4855723619999, -65.4865803339999, -65.488524953, -65.489878269, -65.489882795, -65.488460461, -65.4873340969999, 
-65.482527421, -65.482381789, -65.4829413199999, -65.48573932, -65.486745032, -65.49193654, -65.499386079, -65.500522034, -65.5010191329999, -65.501412601, -65.5013025809999, -65.503860112, -65.5042742319999, -65.5037159589999, -65.50421975, -65.503661994, -65.5005224209999, -65.498884542, -65.498244897, -65.499106839, -65.5020509059999, -65.503559603, -65.5081016779999, -65.511635225, -65.513524796, -65.5175805159999, -65.5176750969999, -65.518980921, -65.519408299, -65.521295504, -65.522124034, 
-65.52322874, -65.525254034, -65.5276475629999, -65.5287982979999, -65.5304093279999, -65.530774877, -65.531604513, -65.5334055279999, -65.534082264, -65.535942504, -65.537358116, -65.539302557, -65.542159952, -65.544309331, -65.5473304309999, -65.5493246, -65.553246837, -65.554937123, -65.556087055, -65.557463597, -65.559438217, -65.563305566, -65.564324611, -65.565627475, -65.565524858, -65.5646322059999, -65.563576702, -65.5541007339999, -65.552996568, -65.5531310279999, -65.553580741, -65.554739885, 
-65.558028725, -65.560355789, -65.563135468, -65.5679123149999, -65.570002218, -65.5748155969999, -65.5858285609999, -65.591606911, -65.594804068, -65.5969533749999, -65.5984940589999, -65.5991037709999, -65.599105537, -65.597662165, -65.5983234489999, -65.599968846, -65.6011079909999, -65.605866965, -65.607966242, -65.6132424939999, -65.615690242, -65.618789335, -65.623694808, -65.6256021499999, -65.6276052919999, -65.6305752159999, -65.632192615, -65.633270179, -65.633582552, -65.633019406, -65.6339633609999, 
-65.635411042, -65.63721846, -65.638185912, -65.640387543, -65.6421912359999, -65.64735937, -65.6492976219999, -65.6508859409999, -65.652440789, -65.6537449029999, -65.653861284, -65.652163832, -65.6456865449999, -65.643992815, -65.644182783, -65.645637641, -65.647355439, -65.652296238, -65.657751527, -65.660164687, -65.662768961, -65.663856957, -65.664530708, -65.666047055, -65.666603376, -65.668887473, -65.670964444, -65.672579442, -65.67399352, -65.679828165, -65.681941612, -65.689380902, -65.69077604, 
-65.69144151, -65.690772247, -65.6884442469999, -65.688824489, -65.689688156, -65.692882728, -65.6951636759999, -65.6990766799999, -65.7013868299999, -65.710547109, -65.7107696159999, -65.709942558, -65.7082189509999, -65.701047737, -65.7001954839999, -65.7000182459999, -65.701416293, -65.7034458089999, -65.709463764, -65.7098506939999, -65.7095758259999, -65.7081066399999, -65.7060763379999, -65.704162555, -65.7001898059999, -65.6946896079999, -65.689218461, -65.6851561929999, -65.6814677879999, 
-65.6799423259999, -65.678799837, -65.679053873, -65.680238488, -65.682827273, -65.685159752, -65.686051603, -65.686217201, -65.684970958, -65.684579317, -65.684969391, -65.6858890889999, -65.6873256999999, -65.6928089479999, -65.6957716309999, -65.69793902, -65.704162775, -65.7062978759999, -65.714694384, -65.718884938, -65.722749541, -65.729083524, -65.733609019, -65.734916751, -65.736027503, -65.736525449, -65.736466438, -65.7373322339999, -65.739496141, -65.7442443849999, -65.7460486319999, -65.750690975, 
-65.7520222639999, -65.7562220689999, -65.7569959979999, -65.764497621, -65.7664410189999, -65.771086275, -65.772658842, -65.772050457, -65.771637224, -65.7696606889999, -65.768632633, -65.766602639, -65.766772504, -65.7679696719999, -65.7699673959999, -65.7719105239999, -65.7750783779999, -65.777909543, -65.7798549249999, -65.779492654, -65.777611824, -65.775302826, -65.775357878, -65.779655728, -65.7808899719999, -65.780825945, -65.7817979219999, -65.7837427439999, -65.785528851, -65.7897973859999, 
-65.791831593, -65.7934707409999, -65.7945257069999, -65.796299827, -65.796889106, -65.796718268, -65.79766025, -65.8016613419999, -65.8037157129999, -65.805719975, -65.8079983339999, -65.81110857, -65.8131300039999, -65.813106132, -65.8112998869999, -65.806605998, -65.803301936, -65.80160303, -65.7991031649999, -65.7998826509999, -65.801911619, -65.8026893969999, -65.8064142319999, -65.8073590079999, -65.8090496659999, -65.812496138, -65.8154315729999, -65.816938608, -65.819134745, -65.8202959719999, 
-65.820498462, -65.8197155439999, -65.8204949099999, -65.821381894, -65.822436141, -65.8283264629999, -65.830188812, -65.8345010309999, -65.8435223019999, -65.8442986909999, -65.843741912, -65.8414145169999, -65.840826028, -65.841443698, -65.842187532, -65.84318616, -65.846272243, -65.847298186, -65.851047846, -65.852660247, -65.8535808859999, -65.860661725, -65.864996352, -65.8686112299999, -65.871500993, -65.872222726, -65.871166934, -65.8686660419999, -65.8680557989999, -65.8692712869999, -65.8688053929999, 
-65.867914914, -65.865220971, -65.862549899, -65.8619386339999, -65.861856501, -65.862470566, -65.8647390729999, -65.868387652, -65.869525793, -65.8702141449999, -65.871361761, -65.8724169069999, -65.876915276, -65.8812425069999, -65.883658713, -65.885911522, -65.8879384689999, -65.890106425, -65.89907694, -65.900389445, -65.901411254, -65.903082333, -65.90399484, -65.908859292, -65.912998027, -65.9153602709999, -65.916020773, -65.914244354, -65.914389219, -65.915687888, -65.918969836, -65.9216350099999, 
-65.922640988, -65.9231360969999, -65.9225231029999, -65.9232136369999, -65.9252766229999, -65.9253880739999, -65.925109717, -65.9223822989999, -65.9222235839999, -65.922777359, -65.925635842, -65.926610502, -65.928080847, -65.930811971, -65.934045259, -65.935270422, -65.937271976, -65.938661968, -65.939189966, -65.940832634, -65.943194265, -65.9442435489999, -65.9462421009999, -65.9483301289999, -65.949936683, -65.951750568, -65.953331228, -65.956384653, -65.958439445, -65.96177337, -65.96622132, 
-65.967160063, -65.970493183, -65.9724162619999, -65.97352129, -65.9733310819999, -65.9748564689999, -65.9749453809999, -65.974134513, -65.97413337, -65.9734112, -65.9710537189999, -65.9699926239999, -65.969301893, -65.964109724, -65.963768144, -65.9647798839999, -65.966997914, -65.973970342, -65.9758562069999, -65.9799667629999, -65.9810253489999, -65.982635823, -65.982220978, -65.9806900849999, -65.980574752, -65.981219336, -65.982136969, -65.98444361, -65.9854125429999, -65.9886908089999, -65.989554729, 
-65.991828501, -65.992801798, -65.995882868, -65.998664374, -65.999111865, -65.999247546, -65.9984391079999, -65.999745022, -66.002216632, -66.0100815339999, -66.0136153819999, -66.018167534, -66.020525559, -66.024166376, -66.0260276479999, -66.0281400059999, -66.0301924839999, -66.0332195359999, -66.0348553439999, -66.0366675599999, -66.0408532659999, -66.045059936, -66.0532225189999, -66.058110431, -66.060694064, -66.0686628569999, -66.071109936, -66.079328684, -66.087135825, -66.0876644659999, 
-66.0871115039999, -66.0849428759999, -66.079715973, -66.0782749599999, -66.078330017, -66.079802582, -66.0828915499999, -66.084521668, -66.086611828, -66.090580391, -66.0914666619999, -66.092455511, -66.093526666, -66.0974413999999, -66.1008568999999, -66.1014448189999, -66.1002432029999, -66.0977717429999, -66.0977793289999, -66.100194448, -66.1047416539999, -66.1058065009999, -66.110222348, -66.110800708, -66.1098612019999, -66.1100191589999, -66.111132071, -66.114137111, -66.1151381759999, -66.1168204139999, 
-66.1190811249999, -66.1228551309999, -66.1235820979999, -66.123942448, -66.124502712, -66.127750721, -66.1297799589999, -66.130581927, -66.1331916839999, -66.1366942019999, -66.141000452, -66.142026577, -66.1429668, -66.1438336209999, -66.144940133, -66.146132731, -66.146774196, -66.1478936169999, -66.150081499, -66.151278006, -66.1520241299999, -66.152939118, -66.155642203, -66.1599742909999, -66.162521348, -66.163585664, -66.168167041, -66.172472856, -66.174053908, -66.1763893759999, -66.176717194, 
-66.17616023, -66.176247139, -66.177999789, -66.181140011, -66.1856348009999, -66.1879698219999, -66.19263454, -66.1936096579999, -66.195056104, -66.1968302229999, -66.1970204, -66.1966087959999, -66.1921927169999, -66.189974259, -66.1864434019999, -66.185775597, -66.185826717, -66.187242372, -66.1883011589999, -66.189523682, -66.1941054219999, -66.1950240589999, -66.195910588, -66.197337749, -66.197720917, -66.197020496, -66.194419557, -66.1940499349999, -66.1944652859999, -66.19719128, -66.2000806269999, 
-66.203669671, -66.206328524, -66.210689099, -66.2133082779999, -66.215438705, -66.219750162, -66.2281341349999, -66.2348378079999, -66.2367524489999, -66.2376611179999, -66.239722685, -66.2417231519999, -66.241305635, -66.2418893569999, -66.242912977, -66.244137426, -66.247472828, -66.2483366069999, -66.249356784, -66.2485534269999, -66.249078809, -66.250861858, -66.252802257, -66.2550757069999, -66.257247116, -66.258220022, -66.2611085369999, -66.26333578, -66.2748327229999, -66.275807958, -66.276308547, 
-66.274881493, -66.274803108, -66.275304396, -66.276253187, -66.277471017, -66.2786657359999, -66.279718846, -66.2813042729999, -66.283219043, -66.283582632, -66.282135825, -66.282581033, -66.286194869, -66.287080033, -66.2906916189999, -66.2953795059999, -66.3015526519999, -66.3039958969999, -66.304888601, -66.305971465, -66.3073297139999, -66.3082749979999, -66.31135825, -66.313388971, -66.314603311, -66.315807651, -66.316804017, -66.317218226, -66.3177171169999, -66.31950025, -66.321960569, -66.327360743, 
-66.3289679379999, -66.334303068, -66.337633902, -66.3409100319999, -66.346193001, -66.350495045, -66.3518009259999, -66.351388287, -66.352081126, -66.3553341029999, -66.355971135, -66.3564748949999, -66.3563902149999, -66.357339801, -66.358392641, -66.3586991919999, -66.359611846, -66.3611143259999, -66.3638282499999, -66.3667180539999, -66.371863617, -66.382274816, -66.395190935, -66.40311494, -66.404141852, -66.404637372, -66.404190306, -66.402500756, -66.4029196989999, -66.407440239, -66.408111843, 
-66.4083368719999, -66.4102497399999, -66.4111116819999, -66.4113367729999, -66.4120831439999, -66.4129461039999, -66.417273431, -66.418472498, -66.4224717479999, -66.423723869, -66.4234746449999, -66.4215854999999, -66.4204154419999, -66.41827884, -66.41428046, -66.413166621, -66.412308168, -66.412500886, -66.4139999929999, -66.420001649, -66.4262462759999, -66.428329065, -66.431227714, -66.432084237, -66.432168616, -66.428197407, -66.4248915699999, -66.426050592, -66.427581824, -66.4304698409999, 
-66.431089135, -66.433777815, -66.4358031789999, -66.437660868, -66.4401977259999, -66.445192146, -66.448802137, -66.453193514, -66.4546423579999, -66.457141895, -66.46008158, -66.4604419679999, -66.459670456, -66.457833861, -66.4545855419999, -66.454143771, -66.454332364, -66.4563039319999, -66.4606717769999, -66.4649440749999, -66.467911449, -66.4706396719999, -66.4728362139999, -66.477143225, -66.48103348, -66.483390603, -66.487198421, -66.488115538, -66.4891115309999, -66.489280916, -66.491192634, 
-66.491140025, -66.494805783, -66.495752753, -66.497577426, -66.500586277, -66.501999363, -66.501251095, -66.499105033, -66.499023523, -66.5005837749999, -66.5106646939999, -66.513332852, -66.5143068719999, -66.514974399, -66.516750296, -66.520002322, -66.52800144, -66.5337523419999, -66.53861237, -66.542607561, -66.543862392, -66.545363479, -66.5473360009999, -66.5461080899999, -66.548944964, -66.553280274, -66.558861066, -66.5595503119999, -66.561860612, -66.5645602439999, -66.565892433, -66.562360752, 
-66.562244577, -66.5645611859999, -66.567310482, -66.570995279, -66.574358476, -66.57655267, -66.578865174, -66.5792516029999, -66.580414553, -66.5823333919999, -66.5875826079999, -66.591721482, -66.6004425959999, -66.6033594829999, -66.60910969, -66.616252927, -66.61991006, -66.620920619, -66.622492311, -66.624299758, -66.6267196909999, -66.6275067049999, -66.6465048869999, -66.646643526, -66.735636228, -66.8102531119999, -66.808220512, -66.792696351, -66.785638267, -66.780579196, -66.7794215229999, 
-66.777252703, -66.7782762849999, -66.7821409079999, -66.775363617, -66.7681136569999, -66.7584707789999, -66.746836485, -66.743433974, -66.734032163, -66.725389722, -66.718948535, -66.7113101039999, -66.701304961, -66.691802992, -66.6888662589999, -66.684945329, -66.676693084, -66.665835844, -66.6589445939999, -66.644603975, -66.6355335329999, -66.624165863, -66.616391869, -66.609448678, -66.6018574929999, -66.59488404, -66.5863065789999, -66.5791154969999, -66.5782139009999, -66.5727203399999, 
-66.56317187, -66.551720657, -66.542584043, -66.536888374, -66.526613167, -66.516890909, -66.50061336, -66.4970820149999, -66.4961130279999, -66.4964251799999, -66.496830219, -66.4949167509999, -66.488662272, -66.481724231, -66.4741606859999, -66.4674698589999, -66.456587804, -66.451611258, -66.44110554, -66.4400089949999, -66.4394719049999, -66.438934814, -66.434558243, -66.4288279849999, -66.4235776049999, -66.4172448909999, -66.4034124419999, -66.3924143349999, -66.3927466599999, -66.392444683, 
-66.390749059, -66.389000854, -66.390052259, -66.391523196, -66.3961089359999, -66.401889049, -66.4093307579999, -66.414721912, -66.414049894, -66.4088584189999, -66.4011660679999, -66.395080902, -66.387580241, -66.3806390409999, -66.374776449, -66.366807256, -66.360475189, -66.3533062699999, -66.3458265909999, -66.34161044, -66.3332144319999, -66.326829887, -66.3189161959999, -66.31360489, -66.314857637, -66.307497461, -66.299667085, -66.29166201, -66.28418582, -66.2859128219999, -66.2904394339999, 
-66.2752726399999, -66.26780403, -66.2596687869999, -66.2434146719999, -66.235305371, -66.228689585, -66.220557044, -66.212553564, -66.2047463339999, -66.1973041639999, -66.189969203, -66.1820270689999, -66.1736327839999, -66.158994987, -66.154359609, -66.146270952, -66.139496885, -66.1292736939999, -66.1238908459999, -66.116226335, -66.1086890539999, -66.1011629259999, -66.093049302, -66.0848548129999, -66.0678553509999, -66.059739585, -66.053028912, -66.046463544, -66.0424116309999, -66.03452602, 
-66.0266340839999, -66.0217780209999, -66.002575662, -65.992965831, -65.986443827, -65.9784642769999, -65.9703006239999, -65.9670520549999, -65.9592221779999, -65.953161035, -65.9516373439999, -65.9376343949999, -65.9318805389999, -65.9280249569999, -65.925746397, -65.922472036, -65.91799707, -65.912634419, -65.905549052, -65.898021575, -65.880908083, -65.874745831, -65.871135951, -65.865077216, -65.8603533229999, -65.8525503709999, -65.8466076919999, -65.846661894, -65.848248483, -65.840800702, 
-65.833826054, -65.825077095, -65.822743196, -65.822606773, -65.82077258, -65.818026596, -65.810691073, -65.805383294, -65.8044425289999, -65.800021655, -65.791521963, -65.783409684, -65.778028777, -65.7769944449999, -65.770714363, -65.756548587, -65.754994506, -65.7503267039999, -65.742776712, -65.729967179, -65.7235480699999, -65.7141082749999, -65.7106903689999, -65.705155555, -65.6960808669999, -65.689329275, -65.6809976179999, -65.6806327219999, -65.681239905, -65.679912234, -65.679435214, -65.67277681, 
-65.6652436109999, -65.657186784, -65.6498842729999, -65.645048312, -65.641633827, -65.6347722209999, -65.626103616, -65.6182672819999, -65.611326687, -65.6046290889999, -65.59677551, -65.588107943, -65.571746306, -65.5634364139999, -65.555633774, -65.5482479509999, -65.536187485, -65.522411825, -65.5147371919999, -65.506550211, -65.503687573, -65.503493245, -65.503024408, -65.5031632509999, -65.4928012079999, -65.484690281, -65.480828333, -65.476966385, -65.471911041, -65.46788033, -65.46193993, 
-65.4566578279999, -65.453035557, -65.442674466, -65.434715838, -65.4320983009999, -65.4363781369999, -65.438746991, -65.441380295, -65.443330199, -65.454659624, -65.456600169, -65.452880791, -65.44971972, -65.447266871, -65.446129827, -65.4470233449999, -65.446938535, -65.447690776, -65.4468572339999, -65.4436283289999, -65.4491016009999, -65.4470184179999, -65.4402184, -65.432074143, -65.4248267189999, -65.4167964109999, -65.409797916, -65.4000506129999, -65.393522251, -65.385210903, -65.3795476599999, 
-65.3775133919999, -65.368820776, -65.359908585, -65.35124113, -65.345573186, -65.3426894989999, -65.3289663049999, -65.3209855079999, -65.3151307919999, -65.307352888, -65.3022731189999, -65.3004353419999, -65.2945147739999, -65.288182405, -65.2841828219999, -65.2764907529999, -65.270381938, -65.254134245, -65.2466614299999, -65.240069999, -65.2325691339999, -65.2268743829999, -65.2117717959999, -65.208025193, -65.207153695, -65.2110135569999, -65.2089564609999, -65.200955687, -65.195714877, -65.190763952, 
-65.1883245889999, -65.1920982019999, -65.196989187, -65.196158224, -65.1883783069999, -65.180846608, -65.173543881, -65.1746531869999, -65.179518581, -65.184383551, -65.186822749, -65.1854631519999, -65.1846237159999, -65.1773241709999, -65.170985033, -65.163442574, -65.1551294799999, -65.149317545, -65.142880582, -65.130776357, -65.127129779, -65.113718192, -65.1054619969999, -65.0978499859999, -65.0889104099999, -65.0924944959999, -65.0922915679999, -65.086078312, -65.084758541, -65.077928527, 
-65.0704933019999, -65.0605752059999, -65.053545969, -65.0476334699999, -65.0470221309999, -65.046909988, -65.0399037079999, -65.035680215, -65.0393083459999, -65.030036286, -65.030035965, -65.0244119769999, -65.022019497, -65.014406887, -65.0058466779999, -65.00751616, -65.0127071549999, -65.0068760609999, -65.001855805, -65.000515342, -64.991912431, -64.9861828569999, -64.978299022, -64.9705717349999, -64.9628795089999, -64.957795222, -64.953938915, -64.953653096, -64.9461547659999, -64.940682034, 
-64.93607792, -64.932825232, -64.927763021, -64.921488954, -64.9196828199999, -64.9235738039999, -64.9265417729999, -64.92373694, -64.931903317, -64.9289918299999, -64.930625923, -64.933715064, -64.93362496, -64.939314791, -64.9404024229999, -64.940326762, -64.939929795, -64.9334657799999, -64.9292952329999, -64.924906716, -64.9196009199999, -64.915680139, -64.914902419, -64.9164010209999, -64.919350467, -64.917266763, -64.909542264, -64.9015415369999, -64.8940991079999, -64.887233592, -64.880791814, 
-64.879032442, -64.879001582, -64.878682843, -64.870566335, -64.863123829, -64.856541976, -64.8464031729999, -64.839324228, -64.8237603039999, -64.8164156289999, -64.807824193, -64.799459605, -64.791627084, -64.7839641289999, -64.777960793, -64.7745724509999, -64.7661566979999, -64.761180513, -64.753569714, -64.7445669539999, -64.7380191339999, -64.730541043, -64.719235031, -64.713681069, -64.7072118519999, -64.699267095, -64.6911523119999, -64.68335068, -64.6807695199999, -64.6770487379999, -64.6713761779999, 
-64.6642965349999, -64.6577068519999, -64.6415380449999, -64.626218598, -64.618156676, -64.611073982, -64.603680228, -64.6002556279999, -64.5961245089999, -64.5879610099999, -64.579404092, -64.5793993239999, -64.578853308, -64.568880436, -64.564205972, -64.557956614, -64.5501239339999, -64.533628, -64.517511223, -64.4963719029999, -64.488433376, -64.4802606909999, -64.4711812999999, -64.4631817269999, -64.4554627249999, -64.446574045, -64.439981371, -64.433240488, -64.424876416, -64.417425427, -64.4084606529999, 
-64.4015174519999, -64.394010727, -64.379923667, -64.365411365, -64.3591153319999, -64.34759411, -64.332334251, -64.331539573, -64.32339963, -64.315569125, -64.312829817, -64.3095687579999, -64.3111012, -64.313037999, -64.315787029, -64.3260720279999, -64.325288817, -64.319260798, -64.3113184699999, -64.297681064, -64.293708941, -64.2897368179999, -64.2812309729999, -64.2734838489999, -64.2650710889999, -64.256673882, -64.2489270149999, -64.240760211, -64.233205133, -64.2255370899999, -64.218237925, 
-64.2111195689999, -64.207686369, -64.2043691709999, -64.189128161, -64.1824623949999, -64.1750138529999, -64.166928006, -64.149452204, -64.143433366, -64.1417669379999, -64.143588274, -64.144486215, -64.146647473, -64.1491522049999, -64.1508448719999, -64.151702271, -64.151732055, -64.150564408, -64.1487936949999, -64.1520892749999, -64.152138676, -64.1524574599999, -64.154509431, -64.1556563199999, -64.158203293, -64.155205171, -64.1421200639999, -64.135759465, -64.1316281179999, -64.129458964, 
-64.1323141289999, -64.140983368, -64.144762267, -64.143595378, -64.1440908199999, -64.143067069, -64.137981382, -64.137181573, -64.1338983799999, -64.130868358, -64.1245947889999, -64.1175658779999, -64.1112603879999, -64.102706901, -64.094767091, -64.0871525909999, -64.0809330179999, -64.075152136, -64.067396231, -64.0588950649999, -64.0507357649999, -64.043174716, -64.035893789, -64.0278692479999, -64.029012928, -64.034095729, -64.0351302949999, -64.0354821029999, -64.03251117, -64.027204269, 
-64.020540242, -64.0164261429999, -64.0191785749999, -64.016703056, -64.0094810269999, -64.0051751769999, -64.0056487519999, -64.005226732, -64.004841924, -63.9983451429999, -63.9960253769999, -63.9910948029999, -63.9862097349999, -63.980263334, -63.972540253, -63.9671483259999, -63.9655983689999, -63.954092288, -63.945953872, -63.9411742369999, -63.9360129769999, -63.9341215959999, -63.9245687009999, -63.922482439, -63.923171407, -63.933195912, -63.939005529, -63.9456204069999, -63.9462282, -63.943175609, 
-63.9437880529999, -63.948590068, -63.9540942569999, -63.9587486119999, -63.959505646, -63.966176349, -63.970897122, -63.974504591, -63.973177196, -63.965559885, -63.940838421, -63.939089803, -63.9439509379999, -63.9537269889999, -63.966119169, -63.97789539, -63.976954552, -63.967012473, -63.955649982, -63.945373165, -63.943479102, -63.94336772, -63.945319249, -63.945619693, -63.9448711069999, -63.9441225209999, -63.932131679, -63.931788317, -63.9212889419999, -63.910835849, -63.904342205, -63.899126292, 
-63.8949266939999, -63.882005066, -63.87075937, -63.867486704, -63.859225381, -63.859156914, -63.858647439, -63.8586020409999, -63.8471236529999, -63.825338599, -63.807672282, -63.8001423649999, -63.791231292, -63.781595473, -63.7735082769999, -63.768620657, -63.7659394969999, -63.762923519, -63.760065055, -63.7465623679999, -63.722761448, -63.726949764, -63.7322295589999, -63.73831236, -63.748562775, -63.747034449, -63.741534846, -63.730172322, -63.7234252819999, -63.70375734, -63.6934210699999, 
-63.6871577699999, -63.6866649979999, -63.686172227, -63.682426342, -63.6764243359999, -63.6698976879999, -63.662448564, -63.668949603, -63.667000305, -63.6508705789999, -63.6438628619999, -63.6387579379999, -63.626618464, -63.6217789559999, -63.626450005, -63.6254751349999, -63.621894141, -63.622064999, -63.6214269749999, -63.535084124, -63.500531879, -63.4422763529999, -63.3894615509999, -63.385057638, -63.3272081769999, -63.118382711, -63.0396950319999, -62.8680211319999, -62.866616572, -7.97586829700002, 
-7.98232328799996, -7.987563268, -7.98653125199996, -7.99497272599995, -7.99437160199995, -8.00752135799994, -8.01449554999994, -8.01836344299996, -8.02533963999995, -8.02565602499993, -8.02754786399996, -8.02669505800001, -8.02634300099992, -8.02945082399994, -8.03125943299992, -8.03149396399997, -8.03604566399999, -8.038437442, -8.043555612, -8.045286066, -8.05006863099994, -8.05656623399994, -8.06248537199995, -8.06919801999989, -8.074113595, -8.080583362, -8.08531286799999, -8.08836553499997, 
-8.09290828699996, -8.10090428299995, -8.10488797799996, -8.11144490299998, -8.11167280900001, -8.11643759499999, -8.12396980999997, -8.13006712599998, -8.13695291899995, -8.14531056699993, -8.15244925999995, -8.16077609299995, -8.16571839899996, -8.17377438499994, -8.18056548899998, -8.18539759599993, -8.19273498299996, -8.19672128699992, -8.19963364800001, -8.22203011299992, -8.22905637399996, -8.23702624100001, -8.23934314399995, -8.24459754599994, -8.24855507099992, -8.25720980899996, -8.25980039899999, 
-8.26512388299992, -8.27223870999992, -8.27496978099994, -8.27188062399996, -8.27862536299998, -8.28065285999996, -8.28727856799999, -8.2840066979999, -8.29626147700001, -8.30428185099997, -8.30428195399998, -8.306758696, -8.31383180399992, -8.31938713699994, -8.32743626399997, -8.34214294000001, -8.35031545899994, -8.35819469199995, -8.35810952599992, -8.37102883299995, -8.37534718199993, -8.38305448499993, -8.38473821999997, -8.37260186399989, -8.36612766399996, -8.364360108, -8.35921215299994, 
-8.35275099899993, -8.3456734, -8.34075283299992, -8.33973996799996, -8.34358119399999, -8.349172917, -8.36248319599996, -8.3678980409999, -8.37202808799994, -8.3749850249999, -8.37662760199992, -8.37744807799995, -8.37480316299995, -8.37532140099993, -8.37755583899998, -8.38465941099994, -8.39102205499996, -8.39854928699998, -8.40699763999991, -8.42368988700001, -8.43844971799999, -8.44611908099996, -8.45419670599995, -8.462729119, -8.47062615099997, -8.47822719699996, -8.48589979499993, -8.49356170799998, 
-8.50636438999995, -8.51170138199993, -8.51319325, -8.51663887999999, -8.52776279199997, -8.537183753, -8.546194386, -8.55507445499995, -8.56370737599997, -8.57253663999998, -8.57954314799999, -8.58689418299999, -8.59484323299991, -8.60282876099992, -8.60948455199996, -8.61952277299999, -8.62242739099997, -8.62884530499995, -8.63909659399994, -8.63858990199994, -8.62916994199999, -8.62037510199999, -8.61345381900001, -8.60544077599995, -8.59599104899994, -8.58890448699997, -8.58641942899997, -8.58293198399998, 
-8.57575858499994, -8.58454326799999, -8.58551634999994, -8.58780488899994, -8.58933479399996, -8.59101585299996, -8.59195729799996, -8.59281086599998, -8.59194298499993, -8.59260823599991, -8.59374742699993, -8.59854529899998, -8.600264156, -8.60457429999993, -8.60814443000001, -8.61237838199994, -8.6199500619999, -8.62197901099991, -8.62472191800002, -8.62854302199999, -8.63087773899998, -8.6348882259999, -8.63780822699992, -8.64012455299999, -8.64406894699995, -8.64752574199997, -8.65053685099998, 
-8.65162180299995, -8.65465893399998, -8.65799890499993, -8.663485103, -8.66559854599998, -8.66677393299998, -8.66879852199999, -8.67016444699994, -8.67193641699991, -8.67321317499995, -8.67344092099996, -8.67682721999993, -8.67714610399993, -8.67792069899998, -8.68032182499997, -8.68378317299992, -8.68644306299991, -8.68894668899994, -8.68990505399992, -8.68928543699999, -8.69060868699997, -8.69071671199993, -8.694736518, -8.6962874829999, -8.69683430299993, -8.70084548999991, -8.70197625799994, 
-8.70253883999995, -8.70003900799997, -8.70034673599994, -8.70357058799996, -8.70419521699995, -8.70437742199993, -8.7052626519999, -8.70832471199995, -8.7093010249999, -8.70894623399995, -8.70733032399992, -8.70285223299994, -8.70013898399998, -8.69523466499992, -8.68697295399997, -8.67894912499999, -8.67661352499992, -8.67459836299998, -8.67474072199995, -8.67353302899994, -8.67233916199993, -8.67286880999997, -8.674707036, -8.67813375899994, -8.67991333799992, -8.68419763799993, -8.68535504199995, 
-8.68425208299991, -8.68727361799998, -8.68834477999997, -8.69063492399992, -8.69190448399998, -8.69266785099999, -8.69816263499997, -8.70149365199998, -8.70350331499999, -8.70373351199994, -8.70551987899995, -8.70871245699997, -8.70969022599995, -8.71170914899993, -8.71322710899994, -8.71477421299996, -8.71663362199998, -8.71886805099994, -8.71991291299997, -8.72046052499998, -8.72246485499991, -8.723287109, -8.72829075899993, -8.72862383599996, -8.72782019099999, -8.72805653199991, -8.73008582699995, 
-8.73204366899994, -8.73202362999997, -8.7352753239999, -8.73710363399992, -8.73795912199991, -8.73939648999992, -8.739830103, -8.74072182199997, -8.74355692899998, -8.74572361799993, -8.74611644799993, -8.74495379799992, -8.74208602699996, -8.74030468800001, -8.742134806, -8.74553322999999, -8.74724388599995, -8.74297972499992, -8.74076213099993, -8.735986086, -8.73461887899994, -8.73678349299999, -8.73694129499999, -8.73858547599996, -8.74033342399999, -8.74305689399991, -8.74764323399996, -8.74986021899998, 
-8.75231976899991, -8.75298936699998, -8.75449089399996, -8.7569397889999, -8.76314939699997, -8.76668939099995, -8.76830561199991, -8.76882788299996, -8.76925375699994, -8.77152822999992, -8.77194846799997, -8.77174658699996, -8.76431712599995, -8.76142850799996, -8.75833334199992, -8.75523615999999, -8.74676088999996, -8.74241946899993, -8.73746371899996, -8.73007675, -8.72880249899991, -8.73021172299998, -8.73018022799995, -8.73187267600001, -8.73531668899995, -8.73586245499999, -8.73927128899995, 
-8.74279783299997, -8.74775878899992, -8.75044473799994, -8.75152161299996, -8.75095182099997, -8.75101673300001, -8.74939599199994, -8.74632002399998, -8.74074049099992, -8.74113265099995, -8.74582058799996, -8.74677483399996, -8.745568802, -8.74500504399998, -8.74504440199996, -8.74837971999996, -8.75157920299992, -8.75513187699998, -8.76321414599991, -8.76332302899995, -8.76031718999993, -8.75703024599993, -8.75513834999998, -8.75364761299991, -8.75144087699994, -8.75032212500001, -8.75049802599991, 
-8.75206968299992, -8.75517365599997, -8.75776175899997, -8.75830499599997, -8.75776390399997, -8.77504016899998, -8.77644800799994, -8.77735864999996, -8.77580963799996, -8.77605320599995, -8.77621405499994, -8.77844100299999, -8.78136010499993, -8.78314164699999, -8.78479646299995, -8.78639372599995, -8.79005497299993, -8.79648156099991, -8.79790625099993, -8.79916189199999, -8.79956846199997, -8.79911403699994, -8.80013189499996, -8.80421995499999, -8.80869038599995, -8.81174132099996, -8.81319545599993, 
-8.81350951799989, -8.81287488599996, -8.81127347999998, -8.80935954199998, -8.80467330999993, -8.80141470599996, -8.80000254799992, -8.79913429799993, -8.80004210299999, -8.80140395799996, -8.80215961799996, -8.80135660599995, -8.79784080900002, -8.79806302299993, -8.79659287999997, -8.79480867499996, -8.79048937199999, -8.78028890299994, -8.77833225599996, -8.77781495999997, -8.77901288999997, -8.77528166299989, -8.77357310500001, -8.77308724899995, -8.77220602699996, -8.76718575399998, -8.76388654999994, 
-8.76054707099994, -8.75895334199988, -8.75717008099995, -8.75572221999997, -8.75276768299994, -8.75086992499995, -8.74878732399994, -8.74727499099995, -8.73941812099993, -8.73454525599989, -8.73352436699998, -8.73067895799991, -8.72446988699998, -8.72212829999995, -8.71971358699991, -8.71664189599995, -8.71424078399997, -8.70878403099994, -8.70703344099995, -8.70710580599999, -8.70805479599991, -8.71045649499994, -8.71324225699995, -8.71579071899996, -8.71625104099994, -8.71498704099999, -8.71485332399994, 
-8.71736031499998, -8.71867763199999, -8.71910247399997, -8.71846101300001, -8.71977254799999, -8.72181881499992, -8.72627035299992, -8.72633918699993, -8.72430761799997, -8.71737197499996, -8.7089026959999, -8.70380664999995, -8.70157369599994, -8.69928522999995, -8.69898894899995, -8.69717174799996, -8.69372381199996, -8.68994470099992, -8.68913289499998, -8.6845471629999, -8.68525054399992, -8.68888687199997, -8.68968158099991, -8.69012871199995, -8.6898275039999, -8.68877608699995, -8.68700364599993, 
-8.68074892699996, -8.67918550699992, -8.67796789699998, -8.67891625399993, -8.67803327399997, -8.67506353399992, -8.67035232499994, -8.66767295499994, -8.66225196699993, -8.65936006199993, -8.65761276999995, -8.656013931, -8.65500989999989, -8.65862937799996, -8.65930877099995, -8.65837598499995, -8.65675712099994, -8.65452135799996, -8.65272200499994, -8.64948813499998, -8.64919863499992, -8.65115023399992, -8.64898027499997, -8.64194815199998, -8.640059121, -8.63978227400001, -8.64053372300001, 
-8.64069237499999, -8.64257737099999, -8.64179944499993, -8.63974431599997, -8.63385278099994, -8.63239424699996, -8.62799392599994, -8.62907298499996, -8.62883481399997, -8.629492156, -8.62802997299999, -8.62401781399994, -8.61925940499995, -8.6154715719999, -8.61394035499995, -8.61380547399998, -8.612887902, -8.60969628199998, -8.60710826699998, -8.60629496900001, -8.60650262999997, -8.60470275899999, -8.60226308599993, -8.59846431599994, -8.59695231399998, -8.59532579699996, -8.59431018799995, 
-8.59209972999993, -8.59112399999994, -8.59219695499998, -8.59382307499997, -8.59696714399997, -8.59866747999996, -8.6040328619999, -8.60426674499998, -8.60317661899993, -8.5967645499999, -8.59404256200001, -8.59272227499993, -8.59128138899999, -8.59098342299994, -8.58976744099996, -8.58819502599998, -8.58501199699996, -8.58254855399997, -8.58073530399995, -8.57959560599998, -8.57705407600001, -8.57507720899996, -8.57278967099996, -8.57279275399994, -8.57325088799993, -8.57219067399996, -8.56917176699993, 
-8.56594137799989, -8.56489173599991, -8.56568134299996, -8.56761939199991, -8.56865897099995, -8.56849787999995, -8.56756419799996, -8.56674198099997, -8.56409915099997, -8.56309997799999, -8.56110731599996, -8.55852133399996, -8.55709005299992, -8.55712782599994, -8.55830715299991, -8.56343045199997, -8.56855286799997, -8.57111030299992, -8.57432957699992, -8.57447914099994, -8.57633657899989, -8.57704369899995, -8.57850349899994, -8.57863632299992, -8.576128658, -8.57263260900002, -8.56749363399999, 
-8.56552800499998, -8.56211915300001, -8.55975400299998, -8.55908195599998, -8.56004043899997, -8.56443940899997, -8.56417744399996, -8.56364032899993, -8.561824907, -8.55640355499997, -8.55467978299989, -8.55457599599992, -8.55407794400001, -8.55264049200001, -8.55167867499992, -8.55067959399994, -8.54697030299999, -8.54518042399995, -8.54386567899997, -8.54346649199989, -8.54261538899991, -8.53948573499995, -8.53864345499998, -8.5394056869999, -8.53723253599995, -8.53313849299996, -8.53030046399997, 
-8.52488176099998, -8.52283850499994, -8.52171304499999, -8.52102851800002, -8.52176835799995, -8.51994922599998, -8.50784928799989, -8.50664657899994, -8.50293040199995, -8.50408112699995, -8.50353935499989, -8.50156806499994, -8.50035693199992, -8.50044199899994, -8.50045439899999, -8.50045285599995, -8.50045312899997, -8.50045532899998, -8.50043251699995, -8.50043178899998, -8.50292905299993, -8.509862256, -8.514804467, -8.52067405, -8.52409080899999, -8.5285660009999, -8.53442183799991, -8.53854442099996, 
-8.545845528, -8.54790073599997, -8.55104656899993, -8.55852990099995, -8.56196932199996, -8.56534067399993, -8.56832326899998, -8.57006617899994, -8.56998914599997, -8.57051850799998, -8.5702642809999, -8.571715711, -8.57889525799994, -8.58512210100001, -8.58794387699989, -8.59227287599996, -8.59596194700002, -8.59959333800001, -8.60142584999993, -8.60406599099997, -8.60704236199995, -8.60885184699992, -8.61101735899995, -8.61353590999997, -8.61745651, -8.62003789099997, -8.62283323099998, -8.62295088499994, 
-8.6241161309999, -8.62652193599992, -8.62909017099996, -8.63419399799993, -8.63699510899997, -8.63911799999993, -8.64284877399998, -8.645676495, -8.64547987599998, -8.63300874499991, -8.63203070699999, -8.6333767739999, -8.63513231099994, -8.63644460099998, -8.63215705699997, -8.62977878199992, -8.62869266799994, -8.62735232199997, -8.62717343, -8.628751407, -8.63164122699992, -8.63592572899995, -8.64366785399998, -8.64593868199993, -8.65206474499992, -8.6552172529999, -8.65655826099992, -8.658609434, 
-8.66483234699992, -8.67234570499994, -8.67867668699992, -8.67904590599991, -8.67806927799993, -8.66938311999995, -8.668398302, -8.67028980299992, -8.66958278899995, -8.66848055899997, -8.66671200400001, -8.66517875799998, -8.66257343199997, -8.66081821899996, -8.6591589879999, -8.65821097399989, -8.65672516799997, -8.65719980599998, -8.66050489499997, -8.66238839699994, -8.6645058359999, -8.66892908499995, -8.67188565599998, -8.67582610899996, -8.68471962099996, -8.68862769299993, -8.69018812599998, 
-8.69631508599996, -8.69829743299993, -8.70183586499996, -8.70274149599993, -8.70119618299997, -8.69710658699999, -8.69421317199995, -8.69434264399992, -8.69527810299996, -8.69906377999992, -8.70338153999995, -8.70491601999991, -8.70940209099992, -8.71722907899995, -8.71997427699998, -8.72560749799996, -8.72696360799999, -8.72659509099996, -8.72213989699993, -8.72214112699995, -8.72578249399997, -8.72904760699994, -8.73280725799997, -8.73323787599999, -8.732040028, -8.72843351200002, -8.72512244699998, 
-8.72081954899993, -8.71743489099993, -8.71700076099998, -8.71584503699992, -8.71357386199994, -8.70852245399997, -8.70636495899989, -8.70595218399993, -8.70674908599996, -8.70754900699998, -8.70802756499996, -8.70926195799996, -8.71262920599994, -8.7152876829999, -8.71552372399998, -8.71469273199997, -8.7130881109999, -8.71103332599997, -8.70973970099996, -8.70766447399994, -8.70295292799993, -8.70040870299992, -8.69764525499997, -8.69746856499992, -8.69801615200002, -8.70102098299995, -8.70397768899998, 
-8.70863084299996, -8.71261718200001, -8.71367083299997, -8.71300574299992, -8.71157464999991, -8.70933527099989, -8.70617249599995, -8.70314695099999, -8.70090502899995, -8.69895102199992, -8.69925112199997, -8.70469777799997, -8.70607050299995, -8.70972058399998, -8.71080369199998, -8.71188680099998, -8.716169076, -8.71711068599993, -8.71765852199996, -8.71801014100001, -8.71713559599995, -8.71654507399994, -8.71595455200001, -8.71608520299999, -8.7209683529999, -8.72375059999998, -8.72741709499994, 
-8.72918851299996, -8.73160478099996, -8.73381734399997, -8.73632087599999, -8.74009716799998, -8.73888110699991, -8.736373563, -8.73628870299999, -8.73729239899999, -8.737501772, -8.74018407599998, -8.74694774399996, -8.74893817799999, -8.75511810399999, -8.7585885789999, -8.76242149899996, -8.76415670599991, -8.76653265199995, -8.76890181799995, -8.77275192699992, -8.77269776999997, -8.77187759199996, -8.76754374099994, -8.76160312400001, -8.75899023099992, -8.75812112099995, -8.75755600799991, 
-8.76188168999997, -8.762595899, -8.76510618499996, -8.76780311899999, -8.76810322599995, -8.77229094699997, -8.77549102699989, -8.7766440729999, -8.77674138399996, -8.77703879499997, -8.77627700999991, -8.77681956799995, -8.77707026199991, -8.7772107989999, -8.7773116669999, -8.77853299799996, -8.78257986499996, -8.78336614999991, -8.7844040279999, -8.78456541099993, -8.78611391599998, -8.78677008399992, -8.78997177499997, -8.79140668599995, -8.79388018899997, -8.79431109499992, -8.79418032899993, 
-8.79357203499996, -8.79284054700001, -8.79005946799994, -8.79009990199991, -8.79029772599994, -8.79156001699993, -8.79345933799996, -8.79681146099994, -8.79997243, -8.80050179099992, -8.800336301, -8.803000648, -8.80408097599995, -8.80433971699995, -8.80591213699994, -8.81029030399999, -8.81389303600001, -8.81613545299992, -8.82059397999996, -8.82300830099997, -8.823525075, -8.82278889099993, -8.82164701399995, -8.82608805599997, -8.82835291499996, -8.83484463599991, -8.83523911899996, -8.83361235900001, 
-8.82988680799995, -8.82450720899991, -8.82309935199995, -8.823148277, -8.83416037699996, -8.83534072000002, -8.83712290399995, -8.83922825499997, -8.84210285199996, -8.84365943999997, -8.84510106599997, -8.84530923599996, -8.84391598999997, -8.839044981, -8.83945760599994, -8.84165591699993, -8.84304255599991, -8.84448821899998, -8.84453267699993, -8.84601145799998, -8.85034707699997, -8.85133700399999, -8.85329252199996, -8.85761904899992, -8.85862596999992, -8.85771267799994, -8.8584979729999, 
-8.86022639999991, -8.8613608439999, -8.86259220999991, -8.86312735699995, -8.86469042199996, -8.87237774699999, -8.87366312199994, -8.87583553099992, -8.88032004799989, -8.88106311299991, -8.87997730699995, -8.87814114999999, -8.87547795199991, -8.87420967299995, -8.87421190699996, -8.88015911999998, -8.88323936599994, -8.88730560899994, -8.88913183699996, -8.88975975699996, -8.88768570199995, -8.88754854599997, -8.89001460599999, -8.89159853399995, -8.89139916399998, -8.88748001399998, -8.88847465899994, 
-8.89259607099998, -8.89540437399999, -8.89812599699994, -8.89916626199994, -8.90138618099995, -8.90580097799992, -8.91085645899997, -8.91289484499996, -8.91948642700001, -8.91935498199997, -8.91864167299993, -8.91890402899996, -8.92016586599992, -8.92204809299995, -8.92405979799996, -8.92562793699994, -8.9263026519999, -8.92603826799997, -8.92526799599992, -8.926398214, -8.92622256599994, -8.92541021599996, -8.92635685499995, -8.92904264899995, -8.93161443499993, -8.93375261099992, -8.93457519399995, 
-8.93448987899999, -8.9339799219999, -8.93445185999996, -8.93590137899999, -8.93762528299989, -8.93947220799994, -8.94035791899995, -8.93988052199997, -8.9368782999999, -8.94638073999992, -8.95328832199992, -8.95696407199994, -8.95684948299996, -8.95506203599995, -8.95271648399994, -8.95341966599995, -8.95588591299999, -8.95756818099992, -8.96287588299996, -8.96302352600001, -8.95703389299994, -8.95694141300002, -8.95815982799993, -8.95947483099993, -8.96397038899993, -8.96728546799995, -8.96862425099997, 
-8.96914713499998, -8.969260165, -8.97043578800002, -8.97477091799997, -8.97845768299993, -8.98052997399997, -8.98224105399997, -8.98285119000001, -8.98305996899996, -8.98274713800001, -8.97905680499994, -8.97391574499991, -8.97161232400002, -8.97010175299991, -8.96990634699991, -8.97154460299992, -8.97248029999998, -8.97680832499997, -8.98248951200001, -8.98641689599998, -8.98937612799996, -8.99163334799994, -8.99608133299999, -8.99655655599997, -8.99558182299996, -8.99573383800002, -8.99654074299999, 
-8.99817970999997, -9.00124112399997, -9.00127717399993, -9.00319267499997, -9.00453840199994, -9.00406504899994, -9.00153900499992, -9.00120726499992, -9.00314759199997, -9.00496356799994, -9.01538042099995, -9.01622071199993, -9.01629480099993, -9.01026575399989, -9.00946248699995, -9.00953704699999, -9.01121550799996, -9.01256838999998, -9.01977205499996, -9.02065425699995, -9.0207771139999, -9.02121559899994, -9.02256617299996, -9.02803901199999, -9.029632179, -9.03109691299996, -9.03427057599991, 
-9.03520626599997, -9.04040923699997, -9.042346176, -9.04425955099995, -9.04427254699996, -9.04338985999994, -9.04088477399997, -9.04129336099993, -9.04474619499998, -9.04575479999995, -9.04706501899991, -9.04962257299996, -9.05190195099991, -9.05522468599994, -9.05689274799993, -9.05749821399993, -9.05734392599996, -9.05936872999998, -9.06234422499997, -9.06437929999996, -9.06494070599996, -9.06940515799995, -9.07132691499989, -9.07173825299999, -9.07028965299995, -9.06920295199992, -9.06916124799993, 
-9.07056482899998, -9.07262004299994, -9.07786245599992, -9.08271917999995, -9.08440637599993, -9.08804517799991, -9.09061346799996, -9.09330517699992, -9.09956004699991, -9.10411842299995, -9.10629091099993, -9.10977682399997, -9.11134796399994, -9.11194565599992, -9.11022685399999, -9.11185216599991, -9.11346368299993, -9.11591515299991, -9.11857349499995, -9.11989697599994, -9.12178823799993, -9.12256118199993, -9.12341421499999, -9.12548806999999, -9.12887455499996, -9.13543189099993, -9.13573985799992, 
-9.135334013, -9.13815715499991, -9.13858447999992, -9.13846504699999, -9.13910961199994, -9.14080912699996, -9.14707294099998, -9.15287494599998, -9.15435705699995, -9.15560675299997, -9.15532166399991, -9.15625713699995, -9.15901206299999, -9.15958985299993, -9.15819407699999, -9.157580164, -9.15833206499995, -9.16018323099999, -9.16349556199997, -9.16496365799993, -9.16649726099999, -9.16806113799989, -9.17233580299991, -9.17661046800001, -9.17948405199992, -9.18220158299997, -9.18508127699994, 
-9.19096386499994, -9.19140507399995, -9.19186245599995, -9.18998431399999, -9.18801903799991, -9.18678047099993, -9.18672788099993, -9.18667529199993, -9.18774798999996, -9.18914226899995, -9.19332359499997, -9.19472465199989, -9.20068524399996, -9.20288742599991, -9.20310459399994, -9.20287122199991, -9.203202978, -9.20353473399992, -9.2076179599999, -9.21060097599998, -9.21562660399996, -9.21739981199995, -9.22178000399999, -9.22345453999998, -9.22943952899994, -9.23102020699998, -9.231028973, 
-9.22976608099995, -9.22871390799994, -9.22815746999991, -9.22918917499992, -9.23022087999993, -9.232976209, -9.23651452299993, -9.24062013699999, -9.24251663499996, -9.24682941699993, -9.24818563599997, -9.25124473399995, -9.25261499599999, -9.25572602299992, -9.25772046600001, -9.25747789699992, -9.25491733499998, -9.25463756200001, -9.25668585799993, -9.26062183799999, -9.26207978199992, -9.26454301499998, -9.26493585299998, -9.26396750699997, -9.2573466759999, -9.25617295999995, -9.2567982169999, 
-9.25729822599989, -9.25839293199996, -9.26160337399994, -9.26203092699996, -9.26196172999992, -9.2631938129999, -9.26831606099997, -9.27361610699991, -9.27519887599995, -9.27812661899999, -9.27973289999994, -9.27935000199996, -9.2796047259999, -9.27985944899993, -9.28071758499996, -9.28450952899992, -9.28579026299992, -9.29238689399995, -9.29366593599999, -9.29495493799989, -9.29453053399994, -9.29336347699993, -9.29301856799999, -9.29466504699997, -9.30601746899994, -9.30625941799997, -9.30943934899991, 
-9.31751987999997, -9.32507055999997, -9.32649618499998, -9.32643579199995, -9.32802716599999, -9.32923838599994, -9.33104714799994, -9.33003253699992, -9.33015947399994, -9.33300341399997, -9.33455908899999, -9.33520601499996, -9.33506384399992, -9.33406729399998, -9.33544651399997, -9.33787599899999, -9.33871889800001, -9.33964900899996, -9.34057912, -9.34432208099999, -9.34712101099993, -9.34924972999994, -9.35137844799995, -9.35246087999998, -9.35683558599992, -9.3584626799999, -9.36005078599994, 
-9.36411901299993, -9.36593269999998, -9.36648664899998, -9.36603361799998, -9.36381910799998, -9.35989993199998, -9.35965308899998, -9.36051365099996, -9.3612686459999, -9.36285331999992, -9.36769764899999, -9.36874378099995, -9.37088948599994, -9.37142342999989, -9.37195737400002, -9.37203369899994, -9.3703564969999, -9.37020624999999, -9.37191924799988, -9.37488052299994, -9.37554807699993, -9.37689735999992, -9.37749351699996, -9.37687181899994, -9.37599459599992, -9.37079800099992, -9.3703479499999, 
-9.37051213499998, -9.37067632099998, -9.378781094, -9.38115308499997, -9.382436275, -9.38280669399992, -9.38252315499991, -9.382811917, -9.38465473399997, -9.3859870489999, -9.39324368899999, -9.39448146199991, -9.3950609729999, -9.39516523, -9.39649912699997, -9.39870426899999, -9.40020980599995, -9.40179892099998, -9.4025805589999, -9.40825720000001, -9.41032466900001, -9.40745046499996, -9.40781009999997, -9.41099425699999, -9.41436033099997, -9.41698841199999, -9.417570279, -9.419389839, -9.42333802699991, 
-9.42403255599991, -9.42464192999998, -9.42629253399994, -9.42754073399993, -9.42985425699995, -9.43088932799997, -9.43151570199992, -9.43304787799995, -9.43787759899989, -9.44042329699993, -9.44341998299999, -9.44532606299996, -9.44774067099999, -9.44772433499997, -9.44679333199995, -9.44308220399993, -9.44355498899997, -9.44567020700001, -9.44774644099994, -9.44872281399999, -9.44988945099997, -9.45054481999993, -9.45207536299991, -9.45558244099992, -9.45764918699995, -9.45716076899995, -9.4558022159999, 
-9.45365531199998, -9.44349580799996, -9.44017326499994, -9.43689518099996, -9.43430588099995, -9.43295392999991, -9.43369275099993, -9.43575573899992, -9.43725067599997, -9.43699136499992, -9.43361501599998, -9.43197761999995, -9.42721813999997, -9.42543382699995, -9.42342246399997, -9.42072347899995, -9.41880781599998, -9.41852453499999, -9.41792647399998, -9.41519168699992, -9.41395829399992, -9.41478617899994, -9.420424617, -9.42275678399996, -9.42394571299992, -9.42628878699999, -9.42859524099996, 
-9.4286202709999, -9.42681466199998, -9.42763254099997, -9.43026577699989, -9.43073034699996, -9.43037031599992, -9.43072468599993, -9.43222303599992, -9.43318800699991, -9.43829744199999, -9.44100784299998, -9.44209735299998, -9.44250772899991, -9.44162818799997, -9.44162053199996, -9.4405291849999, -9.43878590699999, -9.43660875399997, -9.43404708399994, -9.43489642499996, -9.43756877799991, -9.43754764299994, -9.43595819799997, -9.43393283799999, -9.43173967199989, -9.43554391099998, -9.43541733899998, 
-9.4320972159999, -9.4222869819999, -9.42107549899994, -9.42137465099991, -9.42322675099994, -9.42703842999993, -9.432745675, -9.43553927499995, -9.43724326799998, -9.43734526099998, -9.43628877399997, -9.43750463199994, -9.4369384899999, -9.43518058999993, -9.43274020599999, -9.43091856299999, -9.43066163699996, -9.43173949299997, -9.429545816, -9.42724804299996, -9.42434683099998, -9.42223570600001, -9.42103297499997, -9.41861628799995, -9.41849067399994, -9.42137132299999, -9.4239626479999, -9.42403702999993, 
-9.42283407999996, -9.42555781899991, -9.42510343799997, -9.42365186999995, -9.4193371389999, -9.41497891999999, -9.41104815699992, -9.41059736599993, -9.41281441199996, -9.41897246899993, -9.420625339, -9.42222780299998, -9.42453431399995, -9.42791154299996, -9.43410883099999, -9.43556201399996, -9.43695812100001, -9.4381267819999, -9.44003921599995, -9.44408220099998, -9.44477878099997, -9.44482157299996, -9.44432524599993, -9.44092870299992, -9.43897955499994, -9.43817751499992, -9.43736293899994, 
-9.43271785199991, -9.43260234699995, -9.43318079799994, -9.43466761999995, -9.43824908099998, -9.44250073999996, -9.44394317299993, -9.44445386199991, -9.44318301399992, -9.44469072399997, -9.44552292599999, -9.44860320399995, -9.44904744499993, -9.45133553099989, -9.45428028699991, -9.45655092099994, -9.46516039899997, -9.46706028499996, -9.46968406499998, -9.47253333000001, -9.47493636899997, -9.47392072799996, -9.47458818799994, -9.48280161399998, -9.48508341599995, -9.48940714099994, -9.49048326399998, 
-9.48953925699994, -9.4898264039999, -9.4921493709999, -9.49506824099991, -9.49537311699991, -9.49682191199997, -9.50010401599993, -9.49999797699995, -9.50183707399997, -9.5014089869999, -9.50202708499997, -9.50414986999993, -9.50594093699989, -9.50728806599997, -9.5083799779999, -9.50845369999996, -9.51046078199994, -9.51183435599999, -9.51275797999994, -9.51262642699989, -9.51440622499998, -9.51724976299998, -9.52031962699996, -9.523137914, -9.52426211299993, -9.52805570999994, -9.52945900299996, 
-9.53241658899998, -9.53301905499991, -9.53315262299995, -9.53376581199997, -9.53547744599993, -9.53761148099993, -9.53899385599991, -9.53995373399993, -9.5407702819999, -9.54519732499991, -9.5468932709999, -9.55083581999997, -9.55164638699998, -9.55205255399992, -9.5544728969999, -9.55421554299992, -9.54885415099996, -9.54630056799997, -9.54506896099995, -9.54470109499997, -9.54536227699997, -9.5524420089999, -9.55913892999996, -9.56065112099994, -9.56282367399993, -9.56486519999991, -9.56747118499989, 
-9.56847138399995, -9.57004437999998, -9.571810386, -9.57286268199994, -9.57209830999993, -9.57057737199994, -9.57004156199993, -9.57265676399995, -9.57707346199991, -9.57820329499995, -9.57900809499993, -9.57988626399993, -9.58124535699994, -9.58221991599993, -9.58312596599994, -9.58597221299989, -9.587580466, -9.59036233599996, -9.59181308499991, -9.59568992999996, -9.59598946299996, -9.59882043399999, -9.60045920399995, -9.6035683989999, -9.60401200399993, -9.60351539999996, -9.60362899299994, 
-9.60508317699992, -9.60752916699997, -9.61015965299993, -9.61225975099996, -9.61529429799995, -9.61667928799997, -9.61805162400001, -9.62004872899996, -9.62148147099994, -9.62379433899999, -9.62412338599995, -9.62365831599993, -9.62405133399994, -9.62501950299993, -9.62455482899994, -9.62636597399996, -9.62785165999996, -9.62904488299992, -9.63108865199992, -9.63461033299998, -9.63706811199994, -9.63854507999994, -9.63997698299993, -9.64080060299995, -9.64043876499995, -9.63806955499994, -9.63868676099993, 
-9.64029095999997, -9.64131899299995, -9.64290654199994, -9.64349442899991, -9.64480334699994, -9.64607184299991, -9.64753884499997, -9.65044686199997, -9.65167169499997, -9.65205868299993, -9.65092074699992, -9.65090443699991, -9.65239360799993, -9.66031463399993, -9.66439476399993, -9.66817271299997, -9.66865676399996, -9.66854402799996, -9.66945821900001, -9.67008708799991, -9.67148251799991, -9.67384496699998, -9.67540258299989, -9.677951262, -9.67953639599997, -9.68345484599991, -9.68806821199998, 
-9.6893533319999, -9.69223484799993, -9.69369694499994, -9.69664584199995, -9.69819041399994, -9.69933067799996, -9.70220473499991, -9.70326406099998, -9.70448347999998, -9.70783960499993, -9.71119961399994, -9.71404229399996, -9.71571556399994, -9.71685026199994, -9.71754274599995, -9.71621094499998, -9.71604193299994, -9.71691544299992, -9.718543863, -9.73221113499992, -9.73368979599996, -9.7356169359999, -9.73734925199997, -9.74003454099993, -9.74179177400002, -9.74224100899997, -9.74352263299997, 
-9.74659808599997, -9.74781101299996, -9.75198413799992, -9.75413416399991, -9.7559223489999, -9.75907863099993, -9.76162114499997, -9.76261481399995, -9.76347553099993, -9.76422344299991, -9.76683026099995, -9.76796912199994, -9.7709056109999, -9.77405694099996, -9.77424896999995, -9.77463683599998, -9.77568006599997, -9.78019809599996, -9.78161095099997, -9.78242444199996, -9.78268007999997, -9.78227158399992, -9.78297143500001, -9.78439854699996, -9.79337596699997, -9.79557227999988, -9.79751822199995, 
-9.79985662499999, -9.80079063899991, -9.80227236199994, -9.80371757999997, -9.80907601199995, -9.81055265999991, -9.81081572200001, -9.81141616999995, -9.81295416799993, -9.817992782, -9.82072919899993, -9.82412612599997, -9.82594025099997, -9.83298563999991, -9.8331305, -9.83311810799995, -9.83329991099989, -9.83348454099998, -9.83351124699997, -9.83353813299997, -9.83353884899994, -9.83353881199994, -9.8311305829999, -9.82948020799995, -9.82900481699996, -9.82252883899998, -9.82313006599998, -9.82639870999998, 
-9.82959884599991, -9.83893547199997, -9.841178209, -9.84193599499999, -9.83800608999999, -9.83493174499991, -9.83392823199992, -9.83468686599998, -9.83779514899995, -9.83770244999992, -9.83876269199989, -9.84441237299999, -9.84738533799995, -9.84783942999995, -9.84721339299993, -9.84452569299995, -9.84405756299994, -9.842442782, -9.84104797799997, -9.83942736499991, -9.83697508199995, -9.83558993299992, -9.83396240999999, -9.83227154199998, -9.83188239199993, -9.83389474799999, -9.83675389199995, 
-9.83872251599994, -9.84001987699999, -9.84094580199995, -9.84132922999988, -9.84207381099994, -9.84215985699995, -9.83982196499996, -9.83985663599999, -9.83929289899988, -9.83621234199999, -9.83518328799994, -9.83362987099992, -9.83194195099998, -9.83049865699993, -9.82421092899997, -9.81998504599991, -9.81729615099992, -9.81817115799993, -9.81794332299991, -9.81895528699997, -9.81882327699998, -9.81765690000001, -9.81627437899993, -9.81411256899994, -9.81263702599998, -9.81583596999998, -9.81960702099999, 
-9.82309426299995, -9.82784332999996, -9.83190781599999, -9.83318687099995, -9.83286171899996, -9.83333951299997, -9.83672507999996, -9.83858454899998, -9.84098995499997, -9.84254500099993, -9.84381636599997, -9.84504948199994, -9.84715584099996, -9.848798642, -9.84951914600002, -9.85116984999999, -9.85355933299999, -9.85541781599993, -9.85828345899998, -9.86066766099999, -9.86150202299992, -9.86252836499993, -9.86342140499993, -9.86405779999991, -9.86543386399999, -9.86626397399993, -9.868004839, 
-9.86961024199996, -9.87653474399993, -9.87730928499998, -9.87857559299995, -9.88224954299991, -9.88256108099993, -9.88370381699998, -9.88642244699994, -9.88993792899993, -9.89234061899996, -9.89324005899995, -9.89490171999995, -9.89548076299998, -9.89503905599994, -9.89539719299991, -9.89661096799997, -9.89782510599998, -9.90055562899995, -9.90156151899996, -9.90302863499993, -9.90398866899996, -9.90462474299992, -9.90562744899993, -9.90629234799997, -9.90963800299994, -9.91053062099999, -9.91186991199996, 
-9.91324452399992, -9.91535781699998, -9.91676132099993, -9.92075700199996, -9.92330847199995, -9.92599232199996, -9.93137676799996, -9.93089085899991, -9.93094930899995, -9.93158630899998, -9.934203645, -9.93762126099998, -9.94230983399996, -9.94487232999997, -9.94717445099994, -9.94934280699994, -9.95314487199993, -9.95400202699997, -9.95553457499994, -9.95623269199998, -9.95634512299995, -9.95675445499998, -9.95758762299991, -9.96121952699994, -9.96788919799997, -9.96999585899992, -9.97153915499998, 
-9.97323077799997, -9.97551768899992, -9.97635844899994, -9.97811792899995, -9.98251912299995, -9.98354332399996, -9.98390785499993, -9.98493071299992, -9.98613735000001, -9.98719061499994, -9.99033263899994, -9.99127128199998, -9.99184865999997, -9.99291264899998, -9.99373914399998, -9.99595200799993, -9.99730111, -10.0003818449999, -10.0004048259999, -10.000399043, -10.000441617, -10.0004269259999, -10.0004109489999, -10.00038089, -10.0002318719999, -9.99639707999998, -9.98673630699992, -9.98507836599996, 
-9.98223468499996, -9.98029762399991, -9.97943090799996, -9.97286289999991, -9.96951493399992, -9.96620849099999, -9.96215379799997, -9.96187149699997, -9.96076343299995, -9.96106291599995, -9.96220836599996, -9.96199277899997, -9.96580416899993, -9.96702709599996, -9.96906619100001, -9.96892084099997, -9.96559065199994, -9.96493894699993, -9.9654012079999, -9.96499901499993, -9.96153800299991, -9.96090967299997, -9.96129705399996, -9.96286878999998, -9.96248813700001, -9.96115040799999, -9.96100884299992, 
-9.96137602700001, -9.96337831499995, -9.96294396999998, -9.96107461999994, -9.9592706679999, -9.95639599099999, -9.95560209199994, -9.95472728599994, -9.95425699799993, -9.95418832899993, -9.95471341699995, -9.95420333199993, -9.95148414700001, -9.94927517499994, -9.94639732899994, -9.94319875899988, -9.94256498899993, -9.9399786289999, -9.93716329499993, -9.93696357700001, -9.93623121099999, -9.93714467899999, -9.94192449399996, -9.94391165999998, -9.94474186400002, -9.94484399099994, -9.94456299199996, 
-9.94428199199998, -9.94251192899998, -9.93751712099989, -9.93001466499988, -9.92127450099996, -9.90600746599993, -9.89893300899999, -9.89312081899994, -9.88789660399997, -9.88211810599996, -9.87844694199996, -9.87162810399994, -9.86572672999998, -9.85852208899992, -9.8534819839999, -9.845490264, -9.8417663769999, -9.83986337299992, -9.83628704899996, -9.83329899899999, -9.82963206399999, -9.828009069, -9.82371730699999, -9.81842380199996, -9.81720017199997, -9.814531969, -9.81131286399993, -9.7974219779999, 
-9.78405302899997, -9.780017179, -9.77244888599996, -9.76463919299993, -9.75883855199996, -9.75352610599996, -9.74175755199994, -9.73159003099996, -9.72368234699999, -9.7201731559999, -9.71158598599994, -9.70671980099992, -9.69712536299992, -9.68763016399988, -9.68577318199989, -9.68356367599995, -9.67884904299995, -9.67734460599999, -9.67467988399996, -9.67081395500001, -9.66932309399994, -9.66905492999995, -9.66969500999998, -9.67304956599998, -9.67489434399994, -9.6779167469999, -9.67968079799993, 
-9.68634854199998, -9.69265208599991, -9.6971036489999, -9.70046269999992, -9.70327507199992, -9.70513907799996, -9.70664301899996, -9.70832700599994, -9.70996085299994, -9.71022869399999, -9.71368514899998, -9.71430056399992, -9.71419643699992, -9.71365711699997, -9.71265751599995, -9.70785394399996, -9.70744937199989, -9.70785802799995, -9.71030565499996, -9.71302910799997, -9.71532320899998, -9.72060090299994, -9.722202131, -9.72577800599993, -9.72673477499995, -9.72759466699996, -9.72918810899991, 
-9.7293705349999, -9.72956305199993, -9.72852587399991, -9.72891421099998, -9.72983906799994, -9.73358759499995, -9.7433232839999, -9.74683254699992, -9.74872620899992, -9.75945343399994, -9.767696088, -9.76946226199994, -9.7725383169999, -9.77529048199997, -9.77837152899999, -9.78135929999993, -9.78583667299993, -9.78707206299992, -9.78909024999993, -9.79252222299994, -9.79316997699989, -9.79173012799995, -9.79167627799994, -9.79093280199988, -9.79088086599994, -9.78936189599994, -9.78770483699996, 
-9.78738263099995, -9.78747468999993, -9.78729057199997, -9.78429866099995, -9.78167498399994, -9.78133755399991, -9.78120309099998, -9.78213668299995, -9.78294622799996, -9.78891098999993, -9.79889466799998, -9.80196466999997, -9.80370463499996, -9.80444808699993, -9.80419643599989, -9.80488293199993, -9.80437139799998, -9.80549464999992, -9.80793096599998, -9.809676693, -9.81079125799994, -9.81004012699996, -9.81025439199993, -9.81309347699991, -9.81658184599997, -9.81978002499991, -9.82164166899993, 
-9.832044234, -9.83540043699996, -9.83789820599995, -9.83978933099992, -9.8419059149999, -9.84463491799993, -9.84466238999998, -9.84350471599994, -9.83858220499997, -9.83804197299994, -9.83829549099996, -9.83987767199995, -9.84154590699996, -9.84206007599996, -9.84191059899993, -9.84025969699994, -9.83818072299997, -9.83590846899999, -9.82755997199996, -9.82564779899993, -9.82445641799995, -9.82416892799996, -9.82459165099995, -9.82543009899995, -9.82864037299992, -9.83079281499993, -9.83248163099995, 
-9.83597980199994, -9.83690607299993, -9.83680306299993, -9.83438040299994, -9.83005953500001, -9.82363039799999, -9.8167624029999, -9.80989285099994, -9.80689836799998, -9.80527830799996, -9.80454622699996, -9.80482227599998, -9.80644279599995, -9.80823540399994, -9.81583896799997, -9.81622498299993, -9.81494686399996, -9.81303321099999, -9.80993804599995, -9.80758431799998, -9.80498133899991, -9.79924142999989, -9.79622228899993, -9.79413914399997, -9.792413397, -9.79146978799999, -9.79194029399993, 
-9.79375360399995, -9.79341433899995, -9.79149120699999, -9.78976189099999, -9.78648064399993, -9.78309214699996, -9.78231797899994, -9.78114253399994, -9.78109923999991, -9.78212483599995, -9.78342583499995, -9.79134119599992, -9.79358582699993, -9.79984613700001, -9.80196855699994, -9.80557939700001, -9.80753659699994, -9.81099328399996, -9.81199117399992, -9.81270673099997, -9.81299856299996, -9.81224759699991, -9.80965848599991, -9.80872921499994, -9.80731987799995, -9.80537079799998, -9.80360794999996, 
-9.80081952999999, -9.79251451199993, -9.79034546399996, -9.78817843899998, -9.78277720899992, -9.77936457899991, -9.77361788899996, -9.77257023299996, -9.77021950999998, -9.76605172199992, -9.76434614999993, -9.76384411799996, -9.76448328499991, -9.76698161499995, -9.76883351999996, -9.76900660499998, -9.76732110199988, -9.765703764, -9.7622771979999, -9.760148709, -9.76014790699994, -9.76176586799996, -9.76185943899997, -9.76108379999992, -9.76004088899996, -9.75729082899997, -9.75208889399998, 
-9.74900808799989, -9.74868550099993, -9.750140937, -9.74941141699995, -9.74963809299997, -9.7508427829999, -9.75692004799994, -9.75746697699998, -9.75587295699999, -9.75595337499989, -9.7566404629999, -9.75966076299995, -9.76306102499992, -9.76444674499991, -9.76670518599999, -9.76914388199997, -9.77772070799997, -9.77983135799999, -9.78189805799992, -9.78208302799995, -9.78152640799991, -9.77745735499994, -9.77563144199994, -9.76702308599991, -9.76624433099996, -9.76305643499998, -9.761518361, 
-9.75956174799993, -9.75818781799994, -9.75593046499995, -9.75095511199996, -9.74694468199996, -9.74362630099993, -9.73964594099993, -9.73729042099999, -9.73553928899996, -9.7344790879999, -9.7342955719999, -9.73490915699996, -9.73682548099989, -9.74178347499995, -9.74903091499991, -9.75813884799988, -9.76454207899998, -9.76685448499991, -9.77004054, -9.77211968399999, -9.78003510199997, -9.78301564699994, -9.78634334899994, -9.78734712399994, -9.78732519699999, -9.789119042, -9.79136678799991, -9.79179176499999, 
-9.79138838499992, -9.79052457499995, -9.78677072499995, -9.78612890599996, -9.78961675899997, -9.78942450599996, -9.78808800399996, -9.78141663199997, -9.77686177999995, -9.77241316799994, -9.77123616199998, -9.76966778599998, -9.76898453699993, -9.76763536399995, -9.76575036299995, -9.75885045999997, -9.75667123099996, -9.75630902499992, -9.75686757099995, -9.76208706799998, -9.76221361699997, -9.76154555299994, -9.75723474999995, -9.75508517, -9.75466441899991, -9.75545919399995, -9.75702379299999, 
-9.75807062599992, -9.76400036699992, -9.76643666799989, -9.76724130999994, -9.76741901599999, -9.76636689499998, -9.76743782099994, -9.77601984299993, -9.78344921399993, -9.78551225699992, -9.78651578899999, -9.78794223299998, -9.78885026599997, -9.7897950889999, -9.79046886299995, -9.79059336999995, -9.78941657199993, -9.78951443799994, -9.79187721299995, -9.79385043399997, -9.79434176099995, -9.79513712599994, -9.79446505699993, -9.79303076099992, -9.79096382799996, -9.78897203399992, -9.78599464299995, 
-9.78366299999994, -9.78163348099997, -9.77592277799998, -9.77384755799996, -9.77267114899997, -9.77079784999995, -9.76955993399994, -9.76879217799992, -9.76777508299996, -9.76686890899995, -9.76553321399992, -9.76196976699995, -9.75937901799991, -9.75520782099993, -9.75338855299995, -9.75305837999999, -9.75284551199996, -9.75200669000001, -9.75196761099998, -9.75248254499995, -9.75409674799993, -9.75701916799997, -9.75996667399995, -9.76171853699995, -9.76550125199994, -9.76682526599998, -9.76683919699997, 
-9.76493695799997, -9.76412980299997, -9.76284485699997, -9.76097947499991, -9.75620133099998, -9.75515982099996, -9.75374303599997, -9.75267384899997, -9.75278633099995, -9.75331974399994, -9.75412668199992, -9.75639879499997, -9.75733900499996, -9.75840314299999, -9.75944469300002, -9.76034900499997, -9.76182454299993, -9.76273361999992, -9.76372457599993, -9.76254484699993, -9.7625123029999, -9.76357898799996, -9.76735751699996, -9.76892791899996, -9.76921450399995, -9.76885252899994, -9.7656510849999, 
-9.76211694499996, -9.76063253499998, -9.76009080300001, -9.76035684699999, -9.76268796599996, -9.76343208599998, -9.7647322039999, -9.76745135999991, -9.76884089999995, -9.76899186699992, -9.77010018299996, -9.77079328799993, -9.77039123699997, -9.77065033199992, -9.77451354299999, -9.77548273099998, -9.77733220699998, -9.78108644699992, -9.78569294699994, -9.79062358499997, -9.79370836399994, -9.797914915, -9.79862279499995, -9.79875650299991, -9.79917404199991, -9.79999422099992, -9.80153678999992, 
-9.80257788599991, -9.8042888479999, -9.80485884299998, -9.80366121799992, -9.80264825199995, -9.80131124299991, -9.80132600999998, -9.80221894499996, -9.80407652899991, -9.80667070199997, -9.8077110209999, -9.80865418199995, -9.80878008799989, -9.806523988, -9.80635582099994, -9.80192885999994, -9.801607561, -9.80370595799998, -9.80410803199995, -9.80408105599993, -9.80229303799996, -9.80128290599996, -9.79925085499996, -9.79536407399998, -9.79440749899997, -9.79515360599988, -9.80122434699991, 
-9.80472946599994, -9.81083566999997, -9.81198659799999, -9.81224804799995, -9.811015261, -9.80667324400001, -9.80171609699992, -9.78893376699995, -9.78752296999993, -9.78667194699995, -9.78695181300001, -9.785759103, -9.78472391599997, -9.78599842599991, -9.78619024599997, -9.78447168199997, -9.78429716599992, -9.78658794800001, -9.79003582999992, -9.79104450699998, -9.79183320799995, -9.79266226599998, -9.79361555699999, -9.79513470999992, -9.79608819799994, -9.79724288399991, -9.79864935299993, 
-9.80004464799991, -9.80507184899993, -9.8127799649999, -9.81381151299999, -9.81413556399998, -9.81399454999995, -9.81160973599998, -9.80693860699994, -9.80335881899995, -9.79829120199996, -9.79130314399988, -9.78723892099996, -9.78472877399993, -9.78315366299999, -9.78311653899993, -9.78514053299998, -9.78621022799993, -9.78849092599999, -9.78951242799996, -9.78976486999997, -9.78861615599996, -9.78882822199992, -9.79010192299997, -9.78989371799997, -9.79110138199998, -9.79048281999995, -9.7881560169999, 
-9.78727060999992, -9.78652946399997, -9.78818489299989, -9.78990000999996, -9.78990704099992, -9.78869656199995, -9.7884565429999, -9.78858087999988, -9.78934383299995, -9.79108401299996, -9.79143391199996, -9.79110092199994, -9.79019322299997, -9.78688749799993, -9.78688174899998, -9.78643266399995, -9.78561780999994, -9.78574600999998, -9.7872199889999, -9.787828664, -9.79004006099991, -9.79050643599995, -9.791046899, -9.79328584999998, -9.79484934199993, -9.79860806999998, -9.79984994099997, 
-9.80227358799995, -9.80331502199997, -9.80413948899997, -9.80366446299993, -9.80535639799994, -9.80545308299995, -9.80476502199995, -9.80498739799996, -9.806309299, -9.81235402799992, -9.81356964899996, -9.81474273899995, -9.81566919699995, -9.81829645499991, -9.82056191699995, -9.82144401200001, -9.82235389799998, -9.82412031799994, -9.82438307300001, -9.824117831, -9.82003710399995, -9.81971973099999, -9.82025672699992, -9.82279799399995, -9.824786574, -9.82562467699998, -9.82699182199994, -9.82784570799989, 
-9.82876130899998, -9.83068230399994, -9.83181948199997, -9.83462241399998, -9.8352268369999, -9.83498516899997, -9.8342553799999, -9.83267463099994, -9.82795903199994, -9.82039328499994, -9.81669787199998, -9.81469034399996, -9.814596287, -9.81682434499996, -9.82201029199997, -9.82624633499999, -9.82697701099996, -9.82751777599994, -9.82246647399997, -9.82062015099997, -9.821033826, -9.82299768199995, -9.82613226199996, -9.82725434699999, -9.82858851299998, -9.8320816149999, -9.83330629999998, -9.83365584699994, 
-9.83340012099992, -9.83131373199996, -9.83064452099992, -9.83483879299994, -9.83437765899989, -9.83332459799989, -9.82861471300001, -9.82771493599991, -9.82697244799994, -9.82748650599993, -9.82907052999998, -9.82835651799997, -9.82870846599996, -9.83109433999992, -9.832238558, -9.83320161499993, -9.84032996799989, -9.841498057, -9.84471685999996, -9.84448097399998, -9.84156352799991, -9.84078089599999, -9.83779179399994, -9.83558844399997, -9.83533547599992, -9.83936685999996, -9.84055361699992, 
-9.84046155099994, -9.83630751099996, -9.83257145399993, -9.83165320399998, -9.83141567499995, -9.83195526799992, -9.83494152600001, -9.83586068099994, -9.83691985699991, -9.83728336699997, -9.83686256599997, -9.83714850799991, -9.83977234699994, -9.84076990299997, -9.840606029, -9.83937432699996, -9.84072449199994, -9.842210876, -9.84696458399995, -9.84770058399992, -9.84808136999989, -9.84876449999993, -9.85123223899992, -9.85454372999991, -9.85767752699994, -9.86404527699994, -9.86513032100001, 
-9.86615117099992, -9.86655729099995, -9.86544179299994, -9.86612807899997, -9.86639281599993, -9.86785001899998, -9.86417597400001, -9.86356203299993, -9.86422471399996, -9.86552474599996, -9.86646067899995, -9.86785613499995, -9.86879717799992, -9.87155320599996, -9.87239579399995, -9.87447412699996, -9.8746086479999, -9.87548946399995, -9.87986910899995, -9.88202679099995, -9.882429939, -9.88278596099997, -9.88429930099995, -9.88722479299998, -9.89089235399994, -9.89294523799998, -9.89510955699991, 
-9.89550736599996, -9.89520423999993, -9.89352579699997, -9.89345987299993, -9.89394192999994, -9.89495208999994, -9.89641125199997, -9.89831621699993, -9.89962850399998, -9.89919058799998, -9.89577105899993, -9.89406859499994, -9.89197750399994, -9.88402877099995, -9.87372802699996, -9.87150882799993, -9.870031501, -9.86824613599989, -9.86723506099999, -9.86618121199992, -9.86601265999992, -9.86709444999999, -9.86947824599996, -9.87144515399999, -9.87191789499994, -9.87106240299994, -9.87123024699997, 
-9.87308539099999, -9.87413754299991, -9.87497343599998, -9.87553191599991, -9.87524549399993, -9.87738801599992, -9.87848197099993, -9.87957347299991, -9.879881537, -9.87859958299989, -9.87582132699997, -9.87110423899994, -9.86896289499995, -9.8683794089999, -9.86885138799996, -9.86844531299994, -9.86910272899998, -9.86945115399994, -9.86971856699995, -9.8707355779999, -9.8751593169999, -9.87909633899996, -9.88248474200001, -9.88435797399992, -9.88433156199996, -9.88316275399997, -9.8832993309999, 
-9.8820809229999, -9.87996132099994, -9.87731682599998, -9.87633304099994, -9.87535955099995, -9.87678851299997, -9.876417541, -9.87685871299991, -9.88138860899991, -9.88317984499997, -9.88522769799994, -9.88703200599993, -9.88520569499999, -9.88206715499992, -9.8780318989999, -9.87744695499991, -9.88062874900001, -9.88278288499989, -9.88555927699993, -9.88880810699989, -9.88597854399998, -9.88095019499996, -9.88093655799998, -9.88089209499995, -9.88349064100001, -9.88630698099998, -9.88699984099993, 
-9.88942795899993, -9.89105831099991, -9.89465378799995, -9.89275036699993, -9.89008083599995, -9.89298041999996, -9.89476098399994, -9.90189785199989, -9.9048809829999, -9.90586879699991, -9.90030154599998, -9.89924048599994, -9.89824844199992, -9.89748928399999, -9.89518120399989, -9.89486808499992, -9.89404637099996, -9.89541161999995, -9.89627605099997, -9.89745481999998, -9.898101245, -9.89775795699993, -9.88947114799995, -9.88941067499992, -9.85059298399996, -9.81804587599996, -9.81619409299995, 
-9.802050934, -9.79807994499989, -9.79139326799997, -9.78061479999997, -9.76865617799994, -9.76654472299995, -9.75857204899993, -9.75309130499996, -9.75834546999993, -9.76035979499997, -9.75951222000001, -9.75869725899999, -9.75644535899992, -9.75607247399997, -9.75178224499992, -9.74881898999996, -9.743359857, -9.73388992899991, -9.72365896299992, -9.71464562299996, -9.70939454999998, -9.70567031799995, -9.70072252399993, -9.69269369899997, -9.68695895199994, -9.68081919999998, -9.67394781399996, 
-9.66489850399995, -9.66599235399995, -9.671801354, -9.67355886699993, -9.66823270099995, -9.66772223899991, -9.66461191399995, -9.66041835099999, -9.6580600089999, -9.651684888, -9.64354958299994, -9.64036003699992, -9.63902635299997, -9.63356415499993, -9.62637830499991, -9.61778252599995, -9.61424821, -9.60965850499994, -9.60158318299996, -9.59567755199991, -9.5905012019999, -9.58644111299996, -9.58221203399999, -9.56940399799993, -9.56479994799993, -9.55630732699998, -9.55533881199996, -9.55486443099996, 
-9.55439004999997, -9.54774358799991, -9.53317629599995, -9.52578758299994, -9.5198626669999, -9.51038442199993, -9.50048014699997, -9.49210981999991, -9.48408075599994, -9.47628471599998, -9.46427957299992, -9.45562972899992, -9.44796313899992, -9.43752015099998, -9.43211985399991, -9.42827113099996, -9.42194882299999, -9.41369351299995, -9.40694662199993, -9.4093786199999, -9.41390450099991, -9.41813949099993, -9.42142222599994, -9.426366145, -9.42516182199991, -9.41936172199998, -9.41661948800002, 
-9.41990975099994, -9.42701669, -9.42766699599998, -9.42241947899994, -9.41996364299996, -9.42607332200001, -9.43381466499998, -9.43684526899991, -9.43448547499997, -9.43539691699989, -9.43216364499998, -9.42395787099995, -9.41249471299997, -9.41126032099989, -9.40976341599994, -9.41099652199991, -9.42938710699993, -9.43087429999997, -9.42673734099998, -9.42530375199993, -9.42648860399991, -9.42597367599994, -9.42782690699998, -9.43115625299994, -9.43399195599991, -9.43441865799995, -9.42657486599995, 
-9.42047335499995, -9.41794906099998, -9.41449318799995, -9.41075031899997, -9.40877935599996, -9.4089847709999, -9.41121928399996, -9.41400404999998, -9.41390371599994, -9.414842671, -9.41791116199996, -9.41821755199991, -9.41443902799991, -9.40934483399994, -9.40237236, -9.40063251299993, -9.40084168899991, -9.40153112899994, -9.404257388, -9.40794260799992, -9.41312815299998, -9.41242818699989, -9.41316012399996, -9.42010497899993, -9.42361769199996, -9.42876169299996, -9.43626258299993, -9.44253904299993, 
-9.44759440899997, -9.45485365199993, -9.46398288499998, -9.47089709499989, -9.47815883499997, -9.48375028799996, -9.48802786399995, -9.48904844099992, -9.48746491199991, -9.49232927599995, -9.49936027099994, -9.50484433099993, -9.51076878999993, -9.51070133899995, -9.51641131099997, -9.52450848899998, -9.53232425099998, -9.53411410699992, -9.53113842399992, -9.53009124899996, -9.53737343099995, -9.54570006499994, -9.55504035199995, -9.56225592999994, -9.56440658799989, -9.57051228099997, -9.57875904699993, 
-9.585022464, -9.58564443699995, -9.58251668899988, -9.577523302, -9.57656326299997, -9.56535609799994, -9.56895519499993, -9.56018637299994, -9.55362309599993, -9.55296712499992, -9.56307267899993, -9.55905656099999, -9.54492477400001, -9.53727966699992, -9.52189466199998, -9.50767133799998, -9.50369760299999, -9.5004074519999, -9.49219893299992, -9.46685815699993, -9.45900110699998, -9.45139289299993, -9.44634955399991, -9.44804963599998, -9.44927812799992, -9.44727134299997, -9.44034469299991, 
-9.43346744099994, -9.42969963299994, -9.428490605, -9.4259774459999, -9.42225562599997, -9.41658179199992, -9.41386515699994, -9.41377378099993, -9.41725300099995, -9.41963919999994, -9.42245516099996, -9.42604532799992, -9.43769426399999, -9.44690452299991, -9.44951076999999, -9.44769798100001, -9.45470927099997, -9.45694746299997, -9.46234192699992, -9.46997543699993, -9.47366380899993, -9.47418181299998, -9.47342269099996, -9.47266356899995, -9.46672017899997, -9.45929133600002, -9.46447670099998, 
-9.470519445, -9.46901184699996, -9.46470047299993, -9.46633298099991, -9.45863495999989, -9.44848952099996, -9.43977082199995, -9.43244661199994, -9.42014717999996, -9.408607, -9.40120869599999, -9.39459110599993, -9.38716771599998, -9.37941913199994, -9.37068822099999, -9.36223099899994, -9.35442409499997, -9.34578599599996, -9.33733024199995, -9.33035190299996, -9.32457977399995, -9.31637636299994, -9.31174527999993, -9.31443279399998, -9.31838841299998, -9.31953633800001, -9.32245570199997, -9.33536287599997, 
-9.33959698900001, -9.33803110299994, -9.33284710199992, -9.32442607099993, -9.32349250699996, -9.32363854299997, -9.32310929399996, -9.31716434499995, -9.30946091699992, -9.30111090899995, -9.29905081899994, -9.29373065499993, -9.29148703600001, -9.288246123, -9.28707361399997, -9.28166493699992, -9.276803107, -9.27026825899993, -9.26834099399999, -9.26361166899992, -9.26096851299999, -9.25766355299992, -9.26142671099997, -9.2657088939999, -9.27068755799999, -9.27899342399995, -9.28563318799998, 
-9.29363717399992, -9.30102914399994, -9.309643319, -9.32374044299996, -9.33116941699993, -9.33691665399992, -9.34485252, -9.36036426999994, -9.36743987599989, -9.37526293099996, -9.37912826199994, -9.38197268999993, -9.38544849799992, -9.39378116099997, -9.39967663799997, -9.40700602099996, -9.4150260559999, -9.4270316549999, -9.42699122499993, -9.42663617699996, -9.43143284, -9.4344749389999, -9.43715913599995, -9.44251682799996, -9.44681233999992, -9.44229498299999, -9.44093406199991, -9.43277831999994, 
-9.432111327, -9.4325158369999, -9.42508043799993, -9.41708266899997, -9.40938674399995, -9.40479064199998, -9.40417400699994, -9.40098143899993, -9.40286804799998, -9.40244328999992, -9.40214225199997, -9.39619229299998, -9.38865161999992, -9.38726837399996, -9.38181429899997, -9.3748167599999, -9.35958134, -9.356571377, -9.3565712729999, -9.35389104699992, -9.34600522999999, -9.34321460999993, -9.34352941299995, -9.33553542899995, -9.32867747799998, -9.32371920599998, -9.31790085799996, -9.30461381899997, 
-9.29775540499996, -9.29193096899997, -9.29029334699992, -9.29301552899991, -9.29277663999995, -9.28605106000001, -9.27892479499995, -9.2712715439999, -9.26790673999994, -9.26240223099995, -9.25581121699995, -9.24058849599994, -9.23390486099992, -9.22828981599993, -9.22028029599998, -9.213046532, -9.20546448499989, -9.19813793799996, -9.18492707199997, -9.17763657999991, -9.16979421199994, -9.162344208, -9.15440030199997, -9.14830417999998, -9.14011403999991, -9.132358288, -9.12456583299997, -9.12034198699999, 
-9.10489360099996, -9.09745836699992, -9.08202569899995, -9.07461432199993, -9.06677018799998, -9.05860426099997, -9.05056389399995, -9.04314106999996, -9.04556305399998, -9.04668659899995, -9.0437017959999, -9.02921044299992, -9.02502513199993, -9.02281696999992, -9.02277824699992, -9.02237828999995, -9.01219360699997, -9.00973331899998, -9.005729623, -8.99808456599992, -8.99411139399998, -8.98846264799996, -8.98662, -8.98555179099999, -8.98546362499998, -8.98640282799997, -8.98926988399996, -8.99454578499995, 
-9.002290322, -9.01448300499995, -9.02058340899995, -9.0207481639999, -9.01826878199993, -9.01646549599993, -9.01250967499992, -9.00188439799999, -8.99386293499994, -8.98986813099999, -8.98826201399997, -8.98950901099994, -8.99361690199992, -9.00137538499997, -9.00847101199998, -9.01479623200002, -9.01197509599992, -9.00821297399995, -9.00664601499997, -9.01140249699997, -9.01347541899998, -9.01645183599996, -9.01434785599996, -9.01246920299995, -9.01020217299996, -9.00950990599997, -9.001253332, 
-9.00114220199995, -8.98841548199997, -8.99177406399994, -8.985660357, -8.98130604999997, -8.97827093099993, -8.97626966499999, -8.97862574999998, -8.97905747299999, -8.97633397599998, -8.97434554199995, -8.97374458699996, -8.97646925599998, -8.97785913299996, -8.97687051599997, -8.97197029099997, -8.96848188699991, -8.96617751899994, -8.96332239899996, -8.96065044999995, -8.95709442699998, -8.95421417399996, -8.94673508899993, -8.942618151, -8.94060148099994, -8.93678924099991, -8.93103823899995, 
-8.93073874799995, -8.92886060499999, -8.92954678099992, -8.93180481899996, -8.93449294099998, -8.943187038, -8.95057631199997, -8.95801621599995, -8.97983207099996, -8.988070292, -8.99360591599999, -8.99647082699998, -8.99619627999991, -8.99485816599995, -8.99352005099999, -8.99325418999993, -8.98960142099995, -8.98838239999998, -8.98838000299996, -8.98942912599999, -8.98988405999997, -8.99230805099998, -8.989114689, -8.98486986699996, -8.98183102399997, -8.97953694999996, -8.97732038999997, -8.96947038399999, 
-8.9643864939999, -8.96057136399998, -8.95834973999992, -8.95893718199995, -8.95353236699995, -8.94505073799992, -8.9337029889999, -8.92810700199989, -8.91989739, -8.91245449899994, -8.90501481599998, -8.89723331099997, -8.88915337599997, -8.88049002199992, -8.87309070799992, -8.86603503799993, -8.86499166699993, -8.85825874999991, -8.8506575229999, -8.84833144799991, -8.84316753199995, -8.83541619699995, -8.82615265899998, -8.82038922199998, -8.81367548999995, -8.80516265300001, -8.79795077299997, 
-8.78353092499996, -8.77644726599996, -8.76074640099992, -8.75161103699998, -8.74303152199994, -8.73604029999996, -8.73470711799996, -8.72923443999994, -8.72216019499993, -8.71671381599995, -8.72002503999992, -8.72517113799992, -8.72591217799995, -8.72836352199991, -8.72454590599997, -8.719460248, -8.71310752499991, -8.71072531599998, -8.709994534, -8.71084862099996, -8.71190975900001, -8.71527129199997, -8.71566623999996, -8.70753058899997, -8.70149715, -8.69557239099997, -8.69355765099989, -8.68620256899991, 
-8.67975522699989, -8.67499119899998, -8.66768200199997, -8.66044843399992, -8.65250064199993, -8.64855213899999, -8.64174803499994, -8.63362499600001, -8.62959006700002, -8.62591091999999, -8.62110436499993, -8.61992341499992, -8.61741382699993, -8.58563390799999, -8.58068814799996, -8.58245254799993, -8.58788361899997, -8.5959261319999, -8.60725375799994, -8.60948527899993, -8.60261061899999, -8.59285766799994, -8.58842167899999, -8.57552541599992, -8.56737729699995, -8.5592934919999, -8.55735266099998, 
-8.556227867, -8.55049802199993, -8.54240700999998, -8.53446379199992, -8.52660437699996, -8.5204850559999, -8.51530174399993, -8.51000361199997, -8.50914141999995, -8.50538864599995, -8.49933329499995, -8.487238143, -8.47844717899996, -8.47126070899998, -8.45226402399991, -8.44154848899997, -8.43526935899993, -8.42796475199995, -8.42278191599993, -8.42013288899995, -8.40973966199995, -8.40214468399992, -8.39650852099997, -8.38782605699993, -8.37705253999999, -8.36348970699992, -8.35066904899998, 
-8.33893297499998, -8.33506033000001, -8.33118768499995, -8.32487242999994, -8.3246915899999, -8.32712487999997, -8.32852475599998, -8.32205910999996, -8.30934371999993, -8.30202874399989, -8.29122922799993, -8.28881963099995, -8.28931750699994, -8.29057341999993, -8.29059864099998, -8.29078631599996, -8.29080303899993, -8.29503130599992, -8.30615261599995, -8.31935750099998, -8.32836120099994, -8.33321525199993, -8.32924001499991, -8.32073275299999, -8.31120321599995, -8.30718060399992, -8.30265417399994, 
-8.29110436599999, -8.27016918999993, -8.24949897199994, -8.24074581699993, -8.23472498999994, -8.22658858099997, -8.20786524399995, -8.19858316499996, -8.19007413499998, -8.18018624499995, -8.17526231499995, -8.164545533, -8.15834870500002, -8.14947171699997, -8.148773311, -8.14807490499994, -8.1372990479999, -8.12786110599998, -8.12174316799995, -8.10117133099993, -8.09190405499992, -8.08160330699993, -8.06644026999997, -8.05728814399989, -8.04719415299996, -8.04118454199992, -8.02961077899994, 
-8.01611209399994, -8.00637677999992, -7.9946210919999, -7.98376927099996, -7.97653173599993, -7.97653752999997, -7.97632114399992, -7.97645943199999, -7.97658480499997, -7.97659329199996, -7.97672029899999, -7.97710717099994, -7.97671997099997, -7.97587522499997, -7.97586829700002)))"
1100254,Presidente Médici,11,RO,"list(list(c(-61.631975773, -61.632038979, -61.632107563, -61.63235768, -61.6582106589999, -61.667067976, -61.666953125, -61.6663278669999, -61.666016082, -61.666211597, -61.667811674, -61.6704194129999, -61.6717036329999, -61.6743044349999, -61.675784468, -61.6765875469999, -61.679921395, -61.681531072, -61.688141219, -61.69214049, -61.695256821, -61.701083747, -61.7036111349999, -61.702809457, -61.7062258729999, -61.7071399669999, -61.707814112, -61.707643353, -61.706506622, -61.70777745, -61.707177066, 
-61.709894708, -61.713115787, -61.714477866, -61.7165592069999, -61.718335824, -61.7201944129999, -61.7233700929999, -61.7246901719999, -61.7270068009999, -61.730752874, -61.732005162, -61.732006465, -61.7338062399999, -61.736900173, -61.7390915999999, -61.7419115759999, -61.7414802129999, -61.744360771, -61.742503556, -61.743034312, -61.7422995199999, -61.7417796929999, -61.745249518, -61.740781746, -61.74267435, -61.743871231, -61.744557187, -61.748877227, -61.749504704, -61.749923656, -61.7514245989999, 
-61.7511177309999, -61.7526727009999, -61.7550604479999, -61.754262727, -61.755115232, -61.7635887069999, -61.7669018839999, -61.7672011349999, -61.768567402, -61.769557401, -61.7694329719999, -61.769364771, -61.772369477, -61.7755473069999, -61.7770072639999, -61.778449843, -61.778131053, -61.779586556, -61.7797593299999, -61.781781742, -61.783037353, -61.7843444039999, -61.7845892149999, -61.786981247, -61.787132347, -61.78866746, -61.792222263, -61.7957982459999, -61.795945684, -61.796951299, 
-61.80142753, -61.8107307719999, -61.8138126809999, -61.822500434, -61.8345669809999, -61.8348960009999, -61.8412015649999, -61.843424236, -61.8466463619999, -61.850891101, -61.855179074, -61.8601966589999, -61.8633373129999, -61.8669505069999, -61.8688100239999, -61.87120103, -61.873894674, -61.876647162, -61.8782122409999, -61.8794218839999, -61.8831717089999, -61.889429429, -61.894841615, -61.8993056409999, -61.903201685, -61.911892456, -61.9179762329999, -61.918578081, -61.923867877, -61.9273401279999, 
-61.927606448, -61.929778051, -61.932671055, -61.935177239, -61.939140902, -61.9419257279999, -61.943232737, -61.946921429, -61.947734321, -61.952483076, -61.9546739149999, -61.956148657, -61.9576447099999, -61.96128242, -61.961761618, -61.960256604, -61.960194647, -61.96128143, -61.9623930189999, -61.96328901, -61.9643655119999, -61.9657814719999, -61.9670071979999, -61.9680086799999, -61.96814993, -61.9713695679999, -61.973286488, -61.977672995, -61.9778983459999, -61.978871737, -61.982561488, 
-61.985701658, -61.9870942599999, -61.9880341019999, -61.990563997, -61.991618719, -61.9925360329999, -61.9916741909999, -61.99264735, -61.995234544, -61.9972631799999, -62.001340769, -62.0077035099999, -62.00808998, -62.010695587, -62.0115102719999, -62.0134511029999, -62.0148167599999, -62.0172564699999, -62.018115937, -62.0195632579999, -62.0229200779999, -62.0263099709999, -62.038005287, -62.040511636, -62.0425030689999, -62.0419834749999, -62.042510143, -62.0425344229999, -62.0447595429999, 
-62.0462514319999, -62.0511744119999, -62.0520029779999, -62.0535619899999, -62.054063996, -62.056528552, -62.057507204, -62.0584472889999, -62.059813043, -62.061090743, -62.061785141, -62.062759634, -62.062760534, -62.0645022249999, -62.065477541, -62.068702533, -62.06852923, -62.070532468, -62.07109406, -62.0702794699999, -62.0712062589999, -62.071423311, -62.073012316, -62.081174316, -62.0849782239999, -62.087507406, -62.089028959, -62.0909836619999, -62.0910640549999, -62.093289526, -62.0937326749999, 
-62.0960953249999, -62.096392431, -62.098120391, -62.0983182729999, -62.099870282, -62.100591339, -62.107033551, -62.1105074429999, -62.109784322, -62.11137139, -62.1131984089999, -62.116757304, -62.1189233189999, -62.1205086319999, -62.1247840239999, -62.12783855, -62.1326184329999, -62.1344819129999, -62.1361500669999, -62.136624137, -62.137976845, -62.138892282, -62.140089112, -62.1392566619999, -62.1401193849999, -62.14034115, -62.1420862349999, -62.1426166009999, -62.1442265519999, -62.143153751, 
-62.1431467609999, -62.1434268049999, -62.150426444, -62.153504878, -62.153948309, -62.1560905659999, -62.1574512839999, -62.158198017, -62.16092247, -62.162701046, -62.164260942, -62.165922015, -62.1671792539999, -62.16833799, -62.171286803, -62.172715672, -62.173703085, -62.1761673409999, -62.1779232499999, -62.179504384, -62.1798661769999, -62.1827058489999, -62.182674815, -62.182571907, -62.182090079, -62.1838658669999, -62.1818649959999, -62.182481679, -62.1812801739999, -62.1781017099999, -62.177118845, 
-62.1731981339999, -62.167283928, -62.166320194, -62.164704117, -62.1555096559999, -62.152006566, -62.14895456, -62.1460662429999, -62.145905884, -62.14295342, -62.143061454, -62.139863786, -62.139592103, -62.1370078119999, -62.134980599, -62.129622566, -62.127952266, -62.122918179, -62.12095291, -62.117088171, -62.118283103, -62.1193684359999, -62.1198644, -62.1250364519999, -62.130194987, -62.1310079519999, -62.13342911, -62.133927385, -62.1336712529999, -62.1382035179999, -62.139501827, -62.14423284, 
-62.1472548719999, -62.147785616, -62.1497880709999, -62.1490110629999, -62.149679063, -62.148035002, -62.1482015279999, -62.149065332, -62.1475615899999, -62.148226649, -62.1480663989999, -62.1473108279999, -62.1468411239999, -62.146068322, -62.1473652769999, -62.150062555, -62.152560122, -62.1580119529999, -62.158504074, -62.1605315019999, -62.164062485, -62.1663924899999, -62.167037077, -62.164312521, -62.1619826759999, -62.1605594389999, -62.15970018, -62.1600964619999, -62.158511026, -62.154484128, 
-62.153424637, -62.153615997, -62.156978581, -62.159225205, -62.1579750769999, -62.1575978389999, -62.1580121519999, -62.160951694, -62.165287361, -62.166585177, -62.166308897, -62.16573145, -62.1633965739999, -62.163728694, -62.164566008, -62.163814302, -62.1625921619999, -62.1596445009999, -62.160922712, -62.163334668, -62.165756289, -62.167508065, -62.169615541, -62.169366445, -62.1665643609999, -62.1647389469999, -62.163786312, -62.163786661, -62.1613962169999, -62.160841984, -62.1588129789999, 
-62.157114521, -62.156363874, -62.1545038879999, -62.152099824, -62.1487897119999, -62.147479868, -62.146419978, -62.1448696309999, -62.143976256, -62.145614946, -62.146113208, -62.145195658, -62.1444457599999, -62.142421844, -62.1412318709999, -62.1403835519999, -62.1345376619999, -62.132784181, -62.131726611, -62.13103772, -62.1290018829999, -62.1276398199999, -62.1272233169999, -62.126535395, -62.1236763089999, -62.1224753969999, -62.120528412, -62.120201487, -62.120425321, -62.119598276, -62.118931371, 
-62.117759388, -62.114812956, -62.1122293679999, -62.111227309, -62.11017182, -62.1080311199999, -62.1055414149999, -62.1038960809999, -62.101035645, -62.0928114339999, -62.0897276239999, -62.0901471499999, -62.093253252, -62.09358924, -62.0895022629999, -62.0912325659999, -62.0912820689999, -62.0965298099999, -62.097757238, -62.097119785, -62.0961200909999, -62.0967296529999, -62.0962570359999, -62.0911241959999, -62.0873854189999, -62.080752892, -62.076200249, -62.0791946969999, -62.0794095199999, 
-62.0787275389999, -62.0772282559999, -62.073644378, -62.0730918739999, -62.0685675089999, -62.066892593, -62.0668381449999, -62.0656648129999, -62.064370898, -62.0611123749999, -62.0613421629999, -62.062341152, -62.061590635, -62.058565909, -62.056283575, -62.0552343229999, -62.0552602379999, -62.0571204169999, -62.0573437849999, -62.0563980129999, -62.053507328, -62.0510886459999, -62.048949544, -62.0439234319999, -62.042148867, -62.041786082, -62.043452618, -62.046256425, -62.047560625, -62.044448782, 
-62.043451831, -62.045696969, -62.046087739, -62.047253666, -62.0496406899999, -62.050746487, -62.0447033679999, -62.0447595839999, -62.046699537, -62.047177153, -62.0451459419999, -62.0412028379999, -62.0417250549999, -62.040351263, -62.0382095619999, -62.033593753, -62.028706082, -62.026856884, -62.027209982, -62.0291835949999, -62.029547354, -62.026061658, -62.0260819609999, -62.023196642, -62.021032374, -62.020313304, -62.023061624, -62.023618604, -62.025286379, -62.0233356489999, -62.026116685, 
-62.0244199609999, -62.0264473979999, -62.0231453649999, -62.021308382, -62.01735793, -62.014786406, -62.0050610109999, -62.004297078, -62.0036761869999, -62.0000641889999, -61.996785219, -61.9942285869999, -61.9924755439999, -61.989032833, -61.9861137769999, -61.9819947829999, -61.9768369769999, -61.9758942649999, -61.9767820709999, -61.9764763469999, -61.9745653349999, -61.972146382, -61.969668621, -61.9665650339999, -61.9624190909999, -61.958307659, -61.9565859409999, -61.955001983, -61.952477563, 
-61.951172996, -61.95059235, -61.948230804, -61.948269618, -61.948925719, -61.948474897, -61.947013518, -61.944505063, -61.945650006, -61.94611775, -61.946509986, -61.948341294, -61.950007641, -61.9498114769999, -61.951110858, -61.9542298499999, -61.958006037, -61.957670771, -61.952612697, -61.951396722, -61.946533098, -61.944920131, -61.9429154379999, -61.9421482149999, -61.841255201, -61.8211027649999, -61.747742044, -61.6320009289999, -61.6318923419999, -61.6320931069999, -61.6319850529999, -61.631975773, 
-11.065396312, -11.091985796, -11.0976641669999, -11.1181627109999, -11.118351348, -11.118415447, -11.1354582749999, -11.207836219, -11.240339129, -11.258848147, -11.258453984, -11.2555111349999, -11.2559166999999, -11.2542283019999, -11.2545562189999, -11.2580142499999, -11.261518609, -11.26230845, -11.2622098, -11.2644139229999, -11.264431639, -11.26789484, -11.2706538109999, -11.274142061, -11.275848926, -11.2781284649999, -11.281742761, -11.28463294, -11.288024941, -11.291336079, -11.295217198, 
-11.2988666119999, -11.297653934, -11.301284449, -11.3048093979999, -11.3051131149999, -11.306759391, -11.3036221639999, -11.3023186559999, -11.3010700589999, -11.303733296, -11.3060674799999, -11.3108373909999, -11.3123702899999, -11.3166279329999, -11.3166795749999, -11.3183562349999, -11.319279983, -11.3234990479999, -11.326657839, -11.330660004, -11.333475022, -11.3354633399999, -11.340448651, -11.3462902599999, -11.3511982329999, -11.3530567319999, -11.3560795169999, -11.3560064409999, -11.355995472, 
-11.3616686609999, -11.364964147, -11.3664870719999, -11.372102796, -11.3743002799999, -11.3769475539999, -11.378332631, -11.379446777, -11.3806526819999, -11.38463371, -11.384622146, -11.385298082, -11.387925011, -11.389354713, -11.391273989, -11.390840215, -11.3919412019999, -11.3924062209999, -11.3964678859999, -11.3967676179999, -11.398726984, -11.399578305, -11.401983387, -11.400810701, -11.4020851399999, -11.4024077129999, -11.400261502, -11.3994512129999, -11.4003616599999, -11.3978323209999, 
-11.3977271599999, -11.3906099619999, -11.3883249939999, -11.386557413, -11.385137225, -11.381790241, -11.384193904, -11.3842596059999, -11.3815845399999, -11.377393338, -11.376546434, -11.3743613259999, -11.3715521969999, -11.36874796, -11.3653507929999, -11.361078123, -11.3580536349999, -11.353366154, -11.347324666, -11.3421554229999, -11.3394900979999, -11.3374283289999, -11.332837686, -11.3300016709999, -11.3279765719999, -11.324105457, -11.31785322, -11.300435203, -11.292453212, -11.2923817239999, 
-11.2917577769999, -11.298342271, -11.298098652, -11.2961100839999, -11.2959885549999, -11.295464191, -11.2966833279999, -11.296294877, -11.2935290939999, -11.292760004, -11.2912770129999, -11.29040804, -11.288459249, -11.2894683579999, -11.291212495, -11.2922079249999, -11.2932972319999, -11.2938739809999, -11.296000014, -11.296464774, -11.2948851309999, -11.2967948029999, -11.2963280019999, -11.2961738139999, -11.297780795, -11.2965266299999, -11.2999616029999, -11.301733113, -11.299163445, -11.298446154, 
-11.296961822, -11.2963794689999, -11.2972307079999, -11.297166583, -11.297424155, -11.295769354, -11.29376389, -11.294095876, -11.2935409829999, -11.2918438349999, -11.290925502, -11.291373327, -11.289170715, -11.2888825429999, -11.29230489, -11.294004801, -11.2934691799999, -11.295113708, -11.2976767939999, -11.299952457, -11.3001020609999, -11.303279065, -11.3048348849999, -11.305240211, -11.305648188, -11.2979146179999, -11.298447449, -11.2971845429999, -11.2992409889999, -11.3003116649999, -11.3018957209999, 
-11.3031804779999, -11.3031851179999, -11.302225749, -11.304321112, -11.3049859, -11.30625247, -11.306239793, -11.305881968, -11.3047718229999, -11.304396393, -11.3019979669999, -11.3031975079999, -11.30301805, -11.301030289, -11.299589491, -11.2996026019999, -11.3003047789999, -11.2983468259999, -11.2988750239999, -11.2979273789999, -11.295745778, -11.295435026, -11.2943891889999, -11.295501847, -11.2918149589999, -11.29218785, -11.2935616329999, -11.29676393, -11.297454517, -11.2958221269999, -11.2958147769999, 
-11.2942442399999, -11.295818578, -11.2940737519999, -11.2932566809999, -11.292086906, -11.291658854, -11.283086271, -11.282535767, -11.2825491989999, -11.283839755, -11.283940978, -11.2863725129999, -11.2902967219999, -11.2933378769999, -11.294701948, -11.295444818, -11.2975642549999, -11.296836957, -11.2969564649999, -11.298297539, -11.29721168, -11.2973817759999, -11.2954465029999, -11.293998861, -11.2918191639999, -11.2902543349999, -11.289350891, -11.288560966, -11.2869084569999, -11.2854576619999, 
-11.283427816, -11.281986064, -11.280875949, -11.279243681, -11.2779150489999, -11.2793986239999, -11.2794012169999, -11.2778882469999, -11.278726784, -11.2800971639999, -11.2817135879999, -11.282405449, -11.2805976929999, -11.2825677, -11.281074545, -11.281085478, -11.281358156, -11.282892166, -11.280719481, -11.2815688929999, -11.283583681, -11.282131981, -11.2831031009999, -11.2800851009999, -11.279238945, -11.275318909, -11.2720742779999, -11.2645150429999, -11.260137869, -11.259157773, -11.2605357649999, 
-11.2609619599999, -11.259789021, -11.242048584, -11.2407564969999, -11.23858834, -11.2335888489999, -11.2327810539999, -11.2291640249999, -11.222578924, -11.2224148889999, -11.219394151, -11.2128604279999, -11.2108510859999, -11.207741671, -11.2064321849999, -11.2043454509999, -11.201759166, -11.199689577, -11.1981951039999, -11.1979166249999, -11.1911150729999, -11.18999023, -11.1882234619999, -11.18529834, -11.1870848729999, -11.1849935319999, -11.1809323329999, -11.179084858, -11.17729004, -11.171097392, 
-11.1661489489999, -11.1631298239999, -11.1596556379999, -11.1580777579999, -11.154470331, -11.1514162009999, -11.1481690789999, -11.145535975, -11.1424903749999, -11.1411774309999, -11.139092552, -11.1350696359999, -11.1319691269999, -11.129973564, -11.1205748509999, -11.117989321, -11.1150097879999, -11.1123329999999, -11.1118925859999, -11.1078124759999, -11.1040051199999, -11.099989601, -11.0988148659999, -11.0983950509999, -11.096220801, -11.0920929029999, -11.091288334, -11.0908134649999, -11.089391839, 
-11.0857698959999, -11.0822199899999, -11.0779672839999, -11.0763546379999, -11.0748049619999, -11.0721757899999, -11.0699615599999, -11.067752996, -11.064945674, -11.0625117409999, -11.061345378, -11.0616966699999, -11.060237379, -11.057659288, -11.055859448, -11.0544222979999, -11.0534915389999, -11.0548976469999, -11.0566914549999, -11.0583002769999, -11.0585013189999, -11.0551930729999, -11.051710991, -11.0473200959999, -11.044560674, -11.0420430469999, -11.037766925, -11.0367436989999, -11.03668419, 
-11.0405703809999, -11.0405841739999, -11.039213959, -11.0411853139999, -11.042291801, -11.041425309, -11.0429653379999, -11.044910851, -11.045811277, -11.0453183569999, -11.042758367, -11.0414140659999, -11.0392122769999, -11.038767264, -11.038243845, -11.036527231, -11.035116833, -11.033027657, -11.030413666, -11.0290972499999, -11.027051999, -11.02656675, -11.02564382, -11.024867329, -11.023004758, -11.0205699339999, -11.020174368, -11.0192163629999, -11.0157702719999, -11.014991404, -11.015577729, 
-11.015249518, -11.012000666, -11.0107348229999, -11.0078977559999, -11.005125238, -11.003744787, -11.0021054179999, -11.00051387, -11.0018271639999, -11.003232985, -11.003828747, -11.0042400309999, -11.000449954, -11.0009663379999, -11.0048297389999, -11.007607691, -11.010009855, -11.0116191189999, -11.011726108, -11.015622493, -11.0181300349999, -11.024159911, -11.0243287869999, -11.027073298, -11.0300243839999, -11.033767343, -11.0366233089999, -11.0418640129999, -11.044975644, -11.0499009309999, 
-11.056313838, -11.0651296689999, -11.068000146, -11.0756841649999, -11.0762356169999, -11.0789597099999, -11.0813642059999, -11.0852043189999, -11.086815187, -11.0886630199999, -11.0904460739999, -11.095339263, -11.095756442, -11.0962171229999, -11.096260479, -11.09891304, -11.102660442, -11.104264064, -11.104819011, -11.1060628279999, -11.108389217, -11.111483466, -11.116502475, -11.1189518849999, -11.120813334, -11.1223143309999, -11.124261448, -11.1283403179999, -11.1296829549999, -11.1310817839999, 
-11.132535453, -11.1335572749999, -11.140900159, -11.146034311, -11.149082086, -11.151776289, -11.1554637999999, -11.1586603989999, -11.1610749419999, -11.163233026, -11.1658874069999, -11.175789246, -11.178145521, -11.1806881129999, -11.1820558249999, -11.194367302, -11.198459709, -11.2108833159999, -11.212570979, -11.21332688, -11.2114496249999, -11.2080924029999, -11.20440419, -11.2010201319999, -11.1957260089999, -11.192989385, -11.1864609109999, -11.1856729209999, -11.181665414, -11.1776288309999, 
-11.174082401, -11.170164448, -11.1667902209999, -11.164139045, -11.1595341579999, -11.152093859, -11.1470952, -11.1442025499999, -11.142355865, -11.138174269, -11.132929582, -11.1280030909999, -11.125398396, -11.1248908689999, -11.121355938, -11.121542534, -11.119515498, -11.1156435199999, -11.1142597849999, -11.1125334349999, -11.108693208, -11.107110808, -11.1029636259999, -11.1013030879999, -11.0962598319999, -11.0910642119999, -11.09119493, -11.090494958, -11.0892159189999, -11.089263122, -11.087749905, 
-11.089655653, -11.089306437, -11.087289762, -11.0870851319999, -11.086485743, -11.083684798, -11.0844184489999, -11.0828816929999, -11.0803064949999, -11.074663615, -11.0641988089999, -11.0580557369999, -11.054764478, -11.050063526, -11.049334727, -11.0459324579999, -11.036470418, -11.031655971, -11.0268635909999, -11.024398317, -11.016110038, -11.011190879, -10.9997729399999, -10.996058341, -10.9935940229999, -10.9921941219999, -10.9894683969999, -10.9867742449999, -10.9866927979999, -10.986671859, 
-10.9865389569999, -10.986294254, -11.008879147, -11.0235132149999, -11.0282052229999, -11.065396312)))"
1100262,Rio Crespo,11,RO,"list(list(c(-63.076810289, -63.0005883169999, -62.7543875759999, -62.6456372199999, -62.60074876, -62.600142841, -62.4904023279999, -62.422463853, -62.422540964, -62.4231408289999, -62.425532609, -62.4341650259999, -62.436545379, -62.443275986, -62.4443114849999, -62.449983785, -62.455449741, -62.458664879, -62.4597938889999, -62.4597820459999, -62.459392548, -62.457202189, -62.455835377, -62.45579445, -62.457254603, -62.459278078, -62.465391266, -62.470425683, -62.475093921, -62.478118198, -62.4800698819999, 
-62.484650393, -62.4889205529999, -62.489558049, -62.4902798359999, -62.491224721, -62.493116479, -62.500796381, -62.50259299, -62.5033530869999, -62.503728522, -62.505780171, -62.5073257509999, -62.511998327, -62.5148651889999, -62.514204515, -62.5134210739999, -62.5124540629999, -62.507558388, -62.5069750819999, -62.507696843, -62.5096995859999, -62.512450397, -62.5194841269999, -62.533339698, -62.5354142139999, -62.537089078, -62.539561728, -62.541921783, -62.5482889149999, -62.551813166, -62.5547556339999, 
-62.556565834, -62.558724716, -62.5589820169999, -62.5577239189999, -62.5581753499999, -62.560779087, -62.5659244889999, -62.5672537439999, -62.56663969, -62.565145161, -62.565337368, -62.567312121, -62.569723836, -62.573005768, -62.5807241379999, -62.5830111189999, -62.584503536, -62.5852332569999, -62.585249636, -62.5845589889999, -62.583088942, -62.5829724229999, -62.5853113969999, -62.593202717, -62.5954490169999, -62.597336864, -62.5977782859999, -62.599173442, -62.6031137949999, -62.60689876, 
-62.6101459729999, -62.61311411, -62.616700023, -62.622194497, -62.626647588, -62.629839276, -62.6338893989999, -62.639640465, -62.643195917, -62.644836143, -62.651980618, -62.6546156409999, -62.656532655, -62.6569182069999, -62.659813758, -62.6607900269999, -62.665003057, -62.6676463859999, -62.6703402109999, -62.67506211, -62.676253948, -62.676727084, -62.676756621, -62.6770891319999, -62.678313121, -62.6803100079999, -62.682777656, -62.684782185, -62.689085011, -62.6904241079999, -62.692422043, 
-62.693952674, -62.695086706, -62.6988418569999, -62.702227032, -62.7063936729999, -62.7080906299999, -62.712734871, -62.7164850929999, -62.7307306829999, -62.732813881, -62.734669829, -62.7352384889999, -62.735676685, -62.7364423079999, -62.73708717, -62.738084557, -62.740897955, -62.7431863809999, -62.745534249, -62.748172896, -62.748768799, -62.750281186, -62.7545045969999, -62.755381235, -62.757259448, -62.7608944209999, -62.763545727, -62.763681231, -62.7701600799999, -62.774428367, -62.7769752869999, 
-62.7823693449999, -62.784840877, -62.7878356029999, -62.789982618, -62.792310323, -62.794506216, -62.796316444, -62.7969782329999, -62.796867343, -62.7978734389999, -62.7991701579999, -62.800614646, -62.802088959, -62.804535488, -62.805703433, -62.8059726159999, -62.807143122, -62.8121973709999, -62.814590496, -62.8191169859999, -62.825563298, -62.82739615, -62.829502987, -62.832198911, -62.833453154, -62.8343450489999, -62.8352540209999, -62.836899316, -62.838090745, -62.846091417, -62.8539524329999, 
-62.8777618279999, -62.883807658, -62.8925905589999, -62.8946761219999, -62.903562731, -62.920894843, -62.930315026, -62.932034795, -62.9346440409999, -62.936506772, -62.942421544, -62.9540669819999, -62.9598128969999, -62.964311305, -62.9748631389999, -62.975703102, -62.977065613, -62.9783142529999, -62.9794811359999, -62.982564406, -62.990696945, -62.9952540159999, -62.996315624, -62.99720411, -62.999033449, -63.001593455, -63.0042553649999, -63.0054540909999, -63.0062583259999, -63.009059308, 
-63.0107519439999, -63.0121169019999, -63.013031371, -63.014143471, -63.015510126, -63.0160886039999, -63.017645783, -63.020587763, -63.021424272, -63.0225049169999, -63.0227052769999, -63.0232833369999, -63.0238476369999, -63.02531456, -63.026316535, -63.028090365, -63.0292237799999, -63.0304753859999, -63.0317002719999, -63.0326401789999, -63.0340961899999, -63.068644858, -63.0711514659999, -63.072698272, -63.073425986, -63.0759789639999, -63.0995088189999, -63.1015925399999, -63.103174821, -63.104727904, 
-63.1066409519999, -63.108832196, -63.109266577, -63.109866011, -63.111455899, -63.1126760909999, -63.112924495, -63.1117346019999, -63.111629003, -63.1127820459999, -63.1136181529999, -63.1163913179999, -63.11809204, -63.1200988669999, -63.119503927, -63.1163460779999, -63.1151204169999, -63.1135624899999, -63.109261035, -63.1053677139999, -63.102068809, -63.1005886519999, -63.099094268, -63.09873139, -63.0798980849999, -63.077473642, -63.0753125149999, -63.074986281, -63.073947534, -63.0723642309999, 
-63.072281363, -63.07164965, -63.0720415859999, -63.0726349999999, -63.0739509859999, -63.0756180439999, -63.076810289, -9.52497284899994, -9.52634486499996, -9.52596807899996, -9.5257463089999, -9.52564554899991, -9.52564333399991, -9.52537171399999, -9.52501877500001, -9.525891271, -9.53269534099995, -9.54022164999998, -9.55411219899998, -9.55681222899992, -9.56169049899996, -9.56321105300001, -9.56520167799995, -9.56647676999994, -9.56840017999992, -9.56990225399995, -9.57472933199993, -9.57591902899996, 
-9.57906983599997, -9.5827251769999, -9.59029036799995, -9.594684618, -9.59765940599993, -9.60409037999993, -9.60771419699991, -9.613083568, -9.61561318599996, -9.61636218299994, -9.61684418499994, -9.61828481699994, -9.61906567499998, -9.62225681099996, -9.62402607099998, -9.62604786499993, -9.62811206399993, -9.63101918399994, -9.63965828999994, -9.64391799699996, -9.64886686699998, -9.65102480900001, -9.65407973, -9.65831145199992, -9.66026024499996, -9.66103189599995, -9.66139288499997, -9.66166749499996, 
-9.66238861699994, -9.66515808999993, -9.66830150299996, -9.67020970199993, -9.67261676999996, -9.672844781, -9.67352655699992, -9.67472900199994, -9.67425576199995, -9.67250947699997, -9.67310256900001, -9.67108158399995, -9.67076937699996, -9.66916007499995, -9.66989687099989, -9.67208954399995, -9.67744363199992, -9.67941949299998, -9.68258401599998, -9.68626007699994, -9.68912491799992, -9.69070656399996, -9.69289683999991, -9.69467507199996, -9.69697106099995, -9.69863713699995, -9.69975561299995, 
-9.70076328299992, -9.70175507999992, -9.703433902, -9.70629546299998, -9.71087709199999, -9.71270127799993, -9.71793438799994, -9.72262579999997, -9.72417795899997, -9.72833747599996, -9.73025141299996, -9.73389088899991, -9.7354194239999, -9.73652880699994, -9.73508702899993, -9.73486746199997, -9.73599500599992, -9.73898827699996, -9.742988479, -9.75140263299995, -9.76031842899992, -9.76912875699997, -9.77096012899997, -9.77231846699992, -9.77335527999999, -9.77472103799993, -9.77874345999995, 
-9.78087744199994, -9.78411171899994, -9.78770654399993, -9.80744676899997, -9.81126811199996, -9.81935352799997, -9.82313615599995, -9.82564202199999, -9.83116596599999, -9.83387166699995, -9.83768226799993, -9.84081723499997, -9.84340429899989, -9.84590520999996, -9.84766022199995, -9.846096738, -9.84253091200001, -9.839388755, -9.83822514099991, -9.83766635299995, -9.83688512399997, -9.8356229839999, -9.83454281299997, -9.83454612299997, -9.83347510299991, -9.83184449199999, -9.82564853799991, 
-9.82538940399996, -9.8227576209999, -9.82149635099999, -9.82005576799999, -9.81900661199996, -9.81643608399999, -9.814454575, -9.813873862, -9.81410776499999, -9.81387594999999, -9.81303333099991, -9.81123146899995, -9.80963322899996, -9.80975394599991, -9.81056664899992, -9.81065644799997, -9.81060008199993, -9.8099020239999, -9.8092923159999, -9.80920846899989, -9.80916029599999, -9.80885247599993, -9.80805567099999, -9.8046195119999, -9.80136983099996, -9.80069855499993, -9.80081054799996, -9.80162108299997, 
-9.80212743499994, -9.80172156299993, -9.80045916899993, -9.79832225999996, -9.79555334599992, -9.79219968299999, -9.79021104999994, -9.788637083, -9.7877749579999, -9.78595985399991, -9.78382702399992, -9.78197918999998, -9.77939300599996, -9.77431660599995, -9.77310374599996, -9.77116389399995, -9.76364960099994, -9.76225084499994, -9.7616255679999, -9.75976840599998, -9.75728482899992, -9.75478640999997, -9.75293126099995, -9.75106351199996, -9.75098828399995, -9.75048995899993, -9.75125467499996, 
-9.75125774999995, -9.75041378699993, -9.75059959299994, -9.75153894099995, -9.75072599199992, -9.75108360799993, -9.75051901799993, -9.75175264299995, -9.75178339400001, -9.75090391699998, -9.75146479599994, -9.75160337899995, -9.7510037609999, -9.75147767399994, -9.75159837999998, -9.75093216700001, -9.75104865099997, -9.75069532499996, -9.75146839499997, -9.75180012999997, -9.75176615199992, -9.75110224399996, -9.75192532999994, -9.75042494899997, -9.75060959799988, -9.74881898499996, -9.74948233499996, 
-9.75105960599999, -9.75146756199999, -9.75016034099992, -9.74970686899997, -9.74893667199993, -9.74802810899998, -9.74734762199999, -9.7473476769999, -9.74847549999996, -9.74780125299995, -9.74594611699994, -9.74616553199997, -9.74809337899996, -9.74902731299997, -9.75017209000001, -9.75047277499993, -9.74979907099996, -9.74909284599997, -9.74860859599996, -9.74874872999992, -9.74911184299994, -9.74993494800001, -9.7509737039999, -9.75181307899989, -9.75200502999996, -9.75064359499994, -9.75089689399994, 
-9.75177213799997, -9.75217854899993, -9.75207713399989, -9.75255912999998, -9.75310794199991, -9.75388890499996, -9.75403050499995, -9.75357689199999, -9.75322504099992, -9.75274107799994, -9.75186914399991, -9.75048165699995, -9.74826574799993, -9.74336473799996, -9.74103755899996, -9.73335974399992, -9.73022783099996, -9.72732095099996, -9.72580385099993, -9.72284483099997, -9.72015537699994, -9.7130111079999, -9.71078935599992, -9.70848340899991, -9.70354701599994, -9.68491640399996, -9.67736152099997, 
-9.67491479499994, -9.67120244699991, -9.66827349399995, -9.65606758699989, -9.65411153499996, -9.64958343699994, -9.64759234499995, -9.63620796399992, -9.62716159199998, -9.61798062299991, -9.61478764899995, -9.60359120299993, -9.59507088199999, -9.57619807099995, -9.54143242499988, -9.52497284899994)))"
1100288,Rolim De Moura,11,RO,"list(list(c(-61.6049770029999, -61.6017264969999, -61.60079737, -61.6003391739999, -61.60213958, -61.6026730619999, -61.600947418, -61.5985910799999, -61.595672118, -61.5967304059999, -61.599069038, -61.5908350769999, -61.585667211, -61.5828699699999, -61.582144924, -61.580923335, -61.581034097, -61.5743971439999, -61.57120126, -61.566862489, -61.5635589649999, -61.5589522179999, -61.555232617, -61.553190554, -61.5516152989999, -61.5514511379999, -61.5489765199999, -61.54994879, -61.552251255, -61.5554252379999, 
-61.558615531, -61.55826291, -61.5553975179999, -61.5568666089999, -61.55788824, -61.558389628, -61.5600616329999, -61.559221738, -61.561978175, -61.564644405, -61.567948494, -61.5715022029999, -61.574286298, -61.5758111249999, -61.5738114029999, -61.572810007, -61.568331672, -61.5683132319999, -61.565371515, -61.566444508, -61.5658393859999, -61.565839543, -61.562919309, -61.564199877, -61.5628096369999, -61.560618221, -61.557760679, -61.557033984, -61.553871186, -61.550003624, -61.548847325, -61.5441431629999, 
-61.5444264599999, -61.5459798039999, -61.546445488, -61.547376783, -61.5482288979999, -61.5465924339999, -61.5462812269999, -61.544419736, -61.544862855, -61.5437265269999, -61.5433345879999, -61.545423409, -61.546364911, -61.545808726, -61.548281838, -61.547826605, -61.54720434, -61.5453645219999, -61.544121172, -61.544051284, -61.543952725, -61.5421475419999, -61.541620161, -61.539222991, -61.5364472649999, -61.535121242, -61.535399459, -61.535974571, -61.5368071969999, -61.5372856179999, -61.536417023, 
-61.535335312, -61.5335610489999, -61.5331694819999, -61.534584587, -61.535115071, -61.5364271939999, -61.537731116, -61.53873046, -61.540060372, -61.539994771, -61.540599731, -61.540919462, -61.539660359, -61.539614979, -61.54051095, -61.5386741379999, -61.5300000949999, -61.5255863479999, -61.5239517879999, -61.5218635839999, -61.521389479, -61.5221740869999, -61.521864326, -61.524091991, -61.5263138619999, -61.5284231109999, -61.527366731, -61.528751765, -61.527363462, -61.5255897869999, -61.525486459, 
-61.5253137029999, -61.528948804, -61.530557047, -61.531337129, -61.5341237999999, -61.5381726829999, -61.537276676, -61.533450333, -61.532726415, -61.536370637, -61.536173263, -61.537534357, -61.539672716, -61.5378634829999, -61.538119454, -61.5400609229999, -61.540475557, -61.5413092949999, -61.5435860089999, -61.545925089, -61.550891946, -61.5531732409999, -61.553328559, -61.553704656, -61.557456873, -61.559144397, -61.561925667, -61.564297669, -61.57357496, -61.610157904, -61.611232195, -61.650027996, 
-61.688137953, -61.6887586609999, -61.725509722, -61.7429680229999, -61.7618448839999, -61.7970185909999, -61.797623678, -61.8320674189999, -61.8321587519999, -61.832354715, -61.83292165, -61.834087387, -61.8366008799999, -61.837436481, -61.83788206, -61.839006205, -61.8415642849999, -61.844679293, -61.85084201, -61.856734037, -61.863892855, -61.8663440119999, -61.8666156739999, -61.86655947, -61.8694527589999, -61.871662019, -61.8742868789999, -61.8835054039999, -61.883950579, -61.885256653, -61.8866720359999, 
-61.888730271, -61.888866271, -61.889587941, -61.890526971, -61.8951737459999, -61.8948444159999, -61.897281924, -61.8993655029999, -61.9004829569999, -61.9054770059999, -61.912706429, -61.9151800119999, -61.919010395, -61.9207619629999, -61.9222558069999, -61.923368632, -61.9210922309999, -61.923673358, -61.929589611, -61.931617063, -61.932896378, -61.9402042889999, -61.943533575, -61.9490604269999, -61.95253761, -61.9555394229999, -61.9618127209999, -61.9651723819999, -61.966840587, -61.969147729, 
-61.9719528009999, -61.9747048309999, -61.978177525, -61.97977142, -61.981006608, -61.9851807349999, -61.9865934049999, -61.991397552, -61.994678012, -62.000540353, -62.00420969, -62.0072263609999, -62.012366845, -62.0155397949999, -62.019786256, -62.023956679, -62.028707804, -62.0297320489999, -62.0319860129999, -62.0354760239999, -62.0364306099999, -62.040976229, -62.0456764029999, -62.0488996459999, -62.050437771, -62.0487345419999, -62.0467366139999, -62.045529639, -62.045384674, -62.044523646, 
-62.0439738999999, -62.043558818, -62.0423228149999, -62.0412318039999, -62.0403562489999, -62.0398527919999, -62.037612109, -62.036399102, -62.036501024, -62.0387727339999, -62.038780978, -62.0390853329999, -62.039014218, -62.037092078, -62.037000542, -62.037134042, -62.038043245, -62.038121067, -62.037942487, -62.037604673, -62.0366452419999, -62.034921222, -62.03343275, -62.032566618, -62.030534415, -62.02909309, -62.026790594, -62.0261746299999, -62.0252807299999, -62.025786628, -62.025540649, 
-62.0220601659999, -62.02025773, -62.0205908569999, -62.021699812, -62.021703359, -62.0204779849999, -62.019900449, -62.019689956, -62.0185887319999, -62.017063106, -62.01498071, -62.013847648, -62.0137609619999, -62.01297827, -62.0115084009999, -62.008591089, -62.006790673, -62.0034648509999, -62.000792337, -62.000704915, -61.9980320179999, -61.9951799309999, -61.994485772, -61.9932549719999, -61.989154373, -61.988163175, -61.9832872869999, -61.9810675579999, -61.9800669519999, -61.9773184599999, 
-61.976397271, -61.974618566, -61.969788841, -61.965004425, -61.961086368, -61.9602563449999, -61.958809562, -61.9588436569999, -61.9593456809999, -61.960700169, -61.962066586, -61.9634252529999, -61.9647259859999, -61.966310504, -61.9676471769999, -61.9713547279999, -61.972783992, -61.9737890979999, -61.97350538, -61.9739051329999, -61.975030971, -61.9772887609999, -61.9772854909999, -61.976813948, -61.977224731, -61.977953892, -61.978310957, -61.9795924189999, -61.978291784, -61.978012708, -61.9774763189999, 
-61.977171001, -61.976704516, -61.9772039119999, -61.977315243, -61.9768368249999, -61.973056661, -61.972084059, -61.9727351709999, -61.973672047, -61.975093338, -61.975816394, -61.976421062, -61.977840471, -61.979205414, -61.9806165259999, -61.980893776, -61.980338916, -61.97894896, -61.977285512, -61.974287008, -61.9714256979999, -61.9693372099999, -61.9678734969999, -61.969313393, -61.968648065, -61.9655121139999, -61.9637878499999, -61.962502505, -61.959448342, -61.9576722139999, -61.957419826, 
-61.957759695, -61.9584208519999, -61.9597817769999, -61.9610346799999, -61.9621414199999, -61.96486319, -61.9645093029999, -61.964365953, -61.9646238089999, -61.964287525, -61.9630363789999, -61.962561678, -61.9624492789999, -61.960196713, -61.957702094, -61.956508534, -61.9557269809999, -61.9551478209999, -61.9544499419999, -61.951646526, -61.9495099939999, -61.948287008, -61.9453705009999, -61.9443153519999, -61.9434278519999, -61.9421480399999, -61.940621283, -61.939648511, -61.939147172, -61.9388718059999, 
-61.9390618529999, -61.9398199309999, -61.940689848, -61.9408662819999, -61.939957655, -61.938391436, -61.9379081759999, -61.9363162489999, -61.9358102999999, -61.933452689, -61.931699882, -61.93050536, -61.9298464599999, -61.9293108389999, -61.9269219459999, -61.926453631, -61.9269834659999, -61.9268642109999, -61.924591192, -61.9237525049999, -61.923116498, -61.92311295, -61.923455847, -61.922755638, -61.9217300229999, -61.92033759, -61.91934566, -61.917450593, -61.9164810259999, -61.916030807, 
-61.917558272, -61.9165075499999, -61.916065796, -61.9154255729999, -61.914639686, -61.914480482, -61.9155128049999, -61.915674008, -61.915396538, -61.914392714, -61.913726115, -61.912871165, -61.911593376, -61.9115054269999, -61.9115835109999, -61.9133998149999, -61.9137780549999, -61.907482509, -61.903263771, -61.86956801, -61.842511813, -61.833670728, -61.7953793089999, -61.794889481, -61.759907719, -61.7581152939999, -61.722669455, -61.6863274289999, -61.6481040229999, -61.614218637, -61.613002616, 
-61.612135337, -61.611577271, -61.611172268, -61.609964506, -61.6087550829999, -61.6049770029999, -11.581367423, -11.581907628, -11.580894343, -11.5801324189999, -11.5795914509999, -11.5782970699999, -11.577200503, -11.5779729289999, -11.581231325, -11.5860549869999, -11.591479238, -11.5972838609999, -11.594474431, -11.5924237269999, -11.5907845109999, -11.592717362, -11.5977801739999, -11.5996476019999, -11.602888148, -11.602882503, -11.607570541, -11.610542826, -11.6154192749999, -11.6151422619999, 
-11.614929348, -11.6173361309999, -11.619107857, -11.6222214329999, -11.625945244, -11.630275899, -11.6339854619999, -11.6370813729999, -11.6437894809999, -11.6455923579999, -11.648111743, -11.651336087, -11.6537488209999, -11.6566332459999, -11.658167529, -11.659352585, -11.661454493, -11.663253883, -11.665056276, -11.6694275629999, -11.670853674, -11.6738642689999, -11.6751740229999, -11.678197514, -11.6836388999999, -11.686712789, -11.6880737739999, -11.690028738, -11.6922923499999, -11.6941618229999, 
-11.696744146, -11.698414779, -11.6989109949999, -11.7015674589999, -11.6999910719999, -11.698477878, -11.698606726, -11.700602092, -11.7049361809999, -11.7050319289999, -11.706966745, -11.7076706229999, -11.7097433019999, -11.7113106499999, -11.714735639, -11.714076705, -11.7155529419999, -11.7159790339999, -11.717656462, -11.7172969429999, -11.7178014469999, -11.719276899, -11.7218326969999, -11.7234621079999, -11.7256893729999, -11.7255249639999, -11.725662416, -11.7271600229999, -11.729272029, 
-11.728360551, -11.7295133079999, -11.7284639329999, -11.728976837, -11.729448251, -11.7311019169999, -11.7345208569999, -11.735404885, -11.738137572, -11.7394651839999, -11.7403149789999, -11.7402358259999, -11.741691769, -11.7431695129999, -11.746059587, -11.7453795289999, -11.746447605, -11.74570667, -11.746684366, -11.7469031159999, -11.7470101379999, -11.747996343, -11.7480311129999, -11.7481838649999, -11.751749494, -11.7536809509999, -11.7533331769999, -11.755440547, -11.758363102, -11.758218611, 
-11.759308139, -11.7615225969999, -11.76392442, -11.7671549089999, -11.767251002, -11.7708459429999, -11.773161483, -11.778192387, -11.7796816759999, -11.7823828539999, -11.784006179, -11.7867138299999, -11.786592486, -11.787803187, -11.7867612099999, -11.7882683029999, -11.7883404459999, -11.790542388, -11.7935316019999, -11.7962859809999, -11.801239423, -11.805783497, -11.8042060439999, -11.808866226, -11.8105371, -11.815472808, -11.816973208, -11.818063594, -11.821973322, -11.82564321, -11.8269429019999, 
-11.832716449, -11.8394333599999, -11.84133407, -11.8459749569999, -11.8508906089999, -11.8508271099999, -11.848817305, -11.856365507, -11.8563921229999, -11.856489864, -11.856493503, -11.8565925689999, -11.8566850939999, -11.8566872059999, -11.8567709759999, -11.85680996, -11.856849657, -11.8569222519999, -11.856923657, -11.856989449, -11.85751664, -11.8586504249999, -11.860073387, -11.861150086, -11.8621593079999, -11.863184993, -11.8640573669999, -11.868445047, -11.869245019, -11.8683706939999, 
-11.8690382839999, -11.875317263, -11.873936063, -11.875193959, -11.8789424579999, -11.882083414, -11.884942188, -11.884878484, -11.884802385, -11.8851013629999, -11.888995456, -11.892239287, -11.894785538, -11.895179297, -11.8989501619999, -11.9017001949999, -11.906811842, -11.9046352249999, -11.9005677749999, -11.897829646, -11.896849714, -11.892040498, -11.8920596559999, -11.891711063, -11.8906306339999, -11.8906738339999, -11.887723572, -11.882322498, -11.87730123, -11.86686938, -11.8663685089999, 
-11.8663843259999, -11.8638628919999, -11.8627054639999, -11.863881367, -11.864417784, -11.864084745, -11.8642764349999, -11.8661443539999, -11.869079527, -11.864648202, -11.863607089, -11.8646367229999, -11.867936317, -11.868164077, -11.8644651779999, -11.8648399529999, -11.8651306679999, -11.866858753, -11.867785086, -11.8700473139999, -11.869131164, -11.867493975, -11.8691919349999, -11.8681119479999, -11.861565496, -11.85858895, -11.857807699, -11.8584691289999, -11.8604857619999, -11.8638084579999, 
-11.864863123, -11.8640222559999, -11.864291925, -11.8664931919999, -11.868359418, -11.8680616159999, -11.8673517409999, -11.8666678609999, -11.863993638, -11.861736065, -11.860681255, -11.859785467, -11.858828053, -11.857517462, -11.85610993, -11.855571765, -11.854711294, -11.8533915239999, -11.8498845289999, -11.846291269, -11.844356918, -11.8381259699999, -11.8357839579999, -11.833770475, -11.832819277, -11.830205366, -11.829308488, -11.828727805, -11.8272079879999, -11.8265133029999, -11.8254970329999, 
-11.825060373, -11.8250890839999, -11.8243096669999, -11.8218277459999, -11.8212813579999, -11.8214798699999, -11.8211350349999, -11.8199739769999, -11.8192548129999, -11.816663858, -11.815413372, -11.8145691669999, -11.8120505749999, -11.8097161209999, -11.807924869, -11.8052912869999, -11.804534159, -11.802812462, -11.800956181, -11.7994712909999, -11.79627951, -11.7955883739999, -11.794345658, -11.792354324, -11.791271798, -11.7889553119999, -11.7867753429999, -11.7836215169999, -11.7814032119999, 
-11.7783367979999, -11.776205397, -11.7750941839999, -11.773451919, -11.770696451, -11.769551015, -11.764088575, -11.752619519, -11.751512724, -11.7470587349999, -11.7461525639999, -11.746144431, -11.7446624089999, -11.743370811, -11.7425114919999, -11.7401774799999, -11.740361643, -11.7381939789999, -11.737417648, -11.7352721969999, -11.733909315, -11.7325424849999, -11.731458577, -11.731106378, -11.7311217509999, -11.731355549, -11.731882561, -11.731739927, -11.730086572, -11.7292738549999, -11.7280741399999, 
-11.7271161059999, -11.725769152, -11.7244603849999, -11.721832831, -11.721052526, -11.720009193, -11.716343159, -11.7152810059999, -11.713695128, -11.7110076699999, -11.7088663569999, -11.7068590119999, -11.7047745419999, -11.703128992, -11.700603556, -11.699719793, -11.6982661389999, -11.696630733, -11.6899209569999, -11.6886790229999, -11.6883475019999, -11.688348585, -11.687710034, -11.6869455629999, -11.6854156049999, -11.68270472, -11.680715705, -11.6777810749999, -11.675650895, -11.673874235, 
-11.671134984, -11.6701145419999, -11.6692186, -11.668626168, -11.6674999609999, -11.6663395429999, -11.6641146709999, -11.6632468109999, -11.663375926, -11.6617665539999, -11.6614165449999, -11.6595013359999, -11.6564955339999, -11.6543789029999, -11.652791711, -11.651434953, -11.6490447419999, -11.6473357739999, -11.6465778899999, -11.6433664039999, -11.641773163, -11.6400030149999, -11.638723634, -11.637584177, -11.6352189569999, -11.633377233, -11.6313723719999, -11.6305568299999, -11.629970095, 
-11.6299041779999, -11.6295850659999, -11.6281941579999, -11.627239267, -11.626374167, -11.626246165, -11.626337812, -11.6269738929999, -11.626967756, -11.626696291, -11.6265968179999, -11.627392056, -11.626414133, -11.625593591, -11.6245903609999, -11.622889856, -11.621453427, -11.620658207, -11.6199284959999, -11.6192364389999, -11.6186778959999, -11.6177179609999, -11.6169970179999, -11.616302923, -11.615946008, -11.6159856839999, -11.6168506559999, -11.616841716, -11.616103605, -11.616033329, 
-11.615016488, -11.6136481059999, -11.612647752, -11.6101656349999, -11.6100271499999, -11.609596406, -11.6081798029999, -11.6069786979999, -11.60399587, -11.6037020479999, -11.6050920709999, -11.604724744, -11.6016228849999, -11.6013965129999, -11.600755486, -11.5979809459999, -11.597479878, -11.5980752229999, -11.598432218, -11.597954421, -11.596835935, -11.595976349, -11.594932508, -11.594204345, -11.594192149, -11.591578398, -11.590830939, -11.5891441749999, -11.5879816299999, -11.587564619, 
-11.5860484769999, -11.585023845, -11.5850017559999, -11.584986944, -11.5848665819999, -11.584767466, -11.5847341789999, -11.584588686, -11.5845874249999, -11.58444835, -11.5844413169999, -11.5842975429999, -11.5841452539999, -11.5839794509999, -11.583829057, -11.583835678, -11.582198546, -11.579924767, -11.575589105, -11.5746162959999, -11.5745267569999, -11.581367423)))"
1100296,Santa Luzia D'oeste,11,RO,"list(list(c(-61.530687798, -61.530643978, -61.530450732, -61.530183203, -61.530180554, -61.529908475, -61.531162969, -61.531014382, -61.53094746, -61.531364444, -61.530509689, -61.5715592419999, -61.661424384, -61.678619574, -61.6782459999999, -61.67824501, -61.677900119, -61.675784592, -61.677625166, -61.6812092399999, -61.686952619, -61.689346749, -61.691706674, -61.6917843859999, -61.690895366, -61.695258859, -61.69964764, -61.702701183, -61.7052060619999, -61.7080326979999, -61.7133998789999, 
-61.716925744, -61.7180111699999, -61.7178727779999, -61.7219541989999, -61.726206631, -61.727061307, -61.7266222439999, -61.7243707, -61.725753922, -61.72964716, -61.727484819, -61.7259787879999, -61.7286706509999, -61.7314221299999, -61.731925682, -61.7348142539999, -61.736896115, -61.7392271129999, -61.743394972, -61.745674862, -61.750147782, -61.7522331359999, -61.753370056, -61.751729887, -61.7487871009999, -61.744085779, -61.7414781449999, -61.7405128559999, -61.743288542, -61.744454075, -61.744647451, 
-61.7443701699999, -61.7447867269999, -61.744447823, -61.74597736, -61.7459566559999, -61.74706187, -61.747534804, -61.75048069, -61.75692342, -61.759364251, -61.762819862, -61.769121258, -61.773676999, -61.77329125, -61.7743169469999, -61.776200847, -61.777397927, -61.7794270249999, -61.783007813, -61.788505225, -61.7913968889999, -61.792614741, -61.7938432139999, -61.796865342, -61.797512574, -61.800002536, -61.8002019159999, -61.7982552459999, -61.8005389539999, -61.8017618749999, -61.80317554, 
-61.803310492, -61.804904929, -61.8072870729999, -61.8092331279999, -61.811119799, -61.813198407, -61.815234715, -61.8165306509999, -61.8156725009999, -61.8165058379999, -61.816618551, -61.817120359, -61.8197006439999, -61.822842027, -61.8253413699999, -61.8255123569999, -61.8281142269999, -61.8295406989999, -61.83251102, -61.835787795, -61.836563681, -61.8364216699999, -61.834290322, -61.8358097169999, -61.8357595309999, -61.837063292, -61.837287348, -61.8367041519999, -61.836650715, -61.834924902, 
-61.832644785, -61.834037219, -61.8349276129999, -61.83414677, -61.832009153, -61.8324522659999, -61.8357006339999, -61.8373093239999, -61.838757328, -61.8392047369999, -61.8417277119999, -61.8428926299999, -61.848953789, -61.850203094, -61.8486193649999, -61.8475911269999, -61.845393174, -61.844147882, -61.8432594069999, -61.842648189, -61.844149293, -61.8442001849999, -61.843568247, -61.8452027519999, -61.847005624, -61.850898022, -61.85109287, -61.8518656019999, -61.85703689, -61.8582033039999, 
-61.857955536, -61.860836649, -61.8616477779999, -61.8628959339999, -61.86428697, -61.8673969, -61.869926642, -61.870314627, -61.871785945, -61.872699126, -61.872505033, -61.873587183, -61.8743100519999, -61.875533678, -61.875319658, -61.8758755489999, -61.8769253059999, -61.87767717, -61.8802309399999, -61.8818395049999, -61.8843986299999, -61.88589539, -61.888435336, -61.8871305719999, -61.886511016, -61.890526971, -61.889587941, -61.888866271, -61.888730271, -61.8866720359999, -61.885256653, -61.883950579, 
-61.8835054039999, -61.8742868789999, -61.871662019, -61.8694527589999, -61.86655947, -61.8666156739999, -61.8663440119999, -61.863892855, -61.856734037, -61.85084201, -61.844679293, -61.8415642849999, -61.839006205, -61.83788206, -61.837436481, -61.8366008799999, -61.834087387, -61.83292165, -61.832354715, -61.8321587519999, -61.8320674189999, -61.797623678, -61.7970185909999, -61.7618448839999, -61.7429680229999, -61.725509722, -61.6887586609999, -61.688137953, -61.650027996, -61.611232195, -61.610157904, 
-61.57357496, -61.564297669, -61.532198313, -61.530687798, -11.856169989, -11.88016186, -11.8843660209999, -11.9060607529999, -11.9062635109999, -11.9284516809999, -11.9532818069999, -11.9855805409999, -12.000333784, -12.027410351, -12.08899445, -12.0891986729999, -12.0896242909999, -12.0897025019999, -12.1781794129999, -12.178431381, -12.2642084499999, -12.4292214689999, -12.427331708, -12.422540876, -12.4194314159999, -12.414574566, -12.4066282279999, -12.402715202, -12.399369077, -12.3957489549999, 
-12.392957433, -12.3885672399999, -12.386503788, -12.385617405, -12.3835666449999, -12.381190232, -12.374991623, -12.369652264, -12.3652234179999, -12.3599228589999, -12.356501071, -12.351008008, -12.3469940069999, -12.3431521659999, -12.339088298, -12.335348806, -12.331685866, -12.3259641409999, -12.321986252, -12.315570283, -12.3128454749999, -12.308306429, -12.3065439709999, -12.3000154189999, -12.295303255, -12.2867734219999, -12.281329022, -12.27496731, -12.2686028109999, -12.2655297739999, 
-12.2613754609999, -12.2570566429999, -12.251703033, -12.2447970539999, -12.2384497989999, -12.2303323249999, -12.2252903049999, -12.222780244, -12.216854241, -12.2110303179999, -12.2077758609999, -12.204417404, -12.199178793, -12.19340603, -12.1851486429999, -12.1784873619999, -12.1721402899999, -12.1665807909999, -12.158601289, -12.155465674, -12.150585778, -12.1485289469999, -12.147220025, -12.143999228, -12.1413537079999, -12.133877092, -12.1324698559999, -12.131403289, -12.1284047709999, -12.1261495269999, 
-12.1228239369999, -12.119688993, -12.114592183, -12.11080916, -12.1075357169999, -12.1044110529999, -12.102405995, -12.099536637, -12.0977434719999, -12.0972468719999, -12.0974884359999, -12.0973014039999, -12.0973617719999, -12.0956288779999, -12.0934666809999, -12.0914272899999, -12.0878680999999, -12.087385431, -12.0856576949999, -12.0840208189999, -12.084290859, -12.0830299709999, -12.0793853449999, -12.077295228, -12.0752011489999, -12.0736779649999, -12.0703491849999, -12.067407476, -12.061951339, 
-12.058094032, -12.057988047, -12.056206756, -12.055890779, -12.0528658909999, -12.050828784, -12.0477390289999, -12.044326578, -12.041090846, -12.0368853039999, -12.0352821889999, -12.0311550499999, -12.027189296, -12.0213610229999, -12.018894735, -12.017003711, -12.0153053729999, -12.0115187639999, -12.009163186, -12.002821156, -11.9991932079999, -11.994837696, -11.99344681, -11.9934673059999, -11.994013219, -11.9938667539999, -11.992691333, -11.9905303939999, -11.989144349, -11.987734921, -11.9865353429999, 
-11.9865159779999, -11.985336665, -11.983929053, -11.9824797989999, -11.9809078509999, -11.979985411, -11.9784016389999, -11.9768311629999, -11.9760610349999, -11.9777673049999, -11.979308166, -11.980707919, -11.983093172, -11.984511373, -11.9832629169999, -11.9820577999999, -11.9822196849999, -11.98378537, -11.9843547959999, -11.9826525069999, -11.9811755629999, -11.9784983209999, -11.9761097289999, -11.975632411, -11.974956366, -11.970869463, -11.9711921099999, -11.9692119859999, -11.967308052, 
-11.9657111279999, -11.927154897, -11.9088302389999, -11.906811842, -11.9017001949999, -11.8989501619999, -11.895179297, -11.894785538, -11.892239287, -11.888995456, -11.8851013629999, -11.884802385, -11.884878484, -11.884942188, -11.882083414, -11.8789424579999, -11.875193959, -11.873936063, -11.875317263, -11.8690382839999, -11.8683706939999, -11.869245019, -11.868445047, -11.8640573669999, -11.863184993, -11.8621593079999, -11.861150086, -11.860073387, -11.8586504249999, -11.85751664, -11.856989449, 
-11.856923657, -11.8569222519999, -11.856849657, -11.85680996, -11.8567709759999, -11.8566872059999, -11.8566850939999, -11.8565925689999, -11.856493503, -11.856489864, -11.8563921229999, -11.856365507, -11.856178561, -11.856169989)))"
1100304,Vilhena,11,RO,"list(list(c(-60.441694271, -60.4416939629999, -60.437944448, -60.437938025, -60.4383605719999, -60.442075145, -60.4437732159999, -60.4472731609999, -60.446596636, -60.4465964309999, -60.4380505889999, -60.437976078, -60.4379697039999, -60.435684907, -60.432510875, -60.429703079, -60.4296986959999, -60.418192257, -60.414110949, -60.411490581, -60.412062509, -60.4147917399999, -60.414911571, -60.4143863059999, -60.408329506, -60.4083267109999, -60.404142726, -60.404138339, -60.400805384, -60.3992481349999, 
-60.3967994289999, -60.39585683, -60.3964305209999, -60.392218716, -60.391554085, -60.386078483, -60.3837473959999, -60.383741839, -60.380361588, -60.3780250979999, -60.378023499, -60.3747874739999, -60.3732461519999, -60.3732408689999, -60.370325994, -60.366747301, -60.3667471969999, -60.362751842, -60.3627455229999, -60.35913799, -60.355661787, -60.353280598, -60.3500200259999, -60.3479706639999, -60.347967296, -60.345718146, -60.344188371, -60.3446104549999, -60.346883754, -60.345942517, -60.343551435, 
-60.341966185, -60.346019713, -60.3486650529999, -60.3484349839999, -60.34843488, -60.34513615, -60.34013684, -60.337409289, -60.334550688, -60.3345462419999, -60.331133941, -60.3277166349999, -60.3256083299999, -60.321858125, -60.320161388, -60.317521532, -60.312968316, -60.309213068, -60.301250409, -60.301247968, -60.2974722709999, -60.292770396, -60.2914395589999, -60.2914394939999, -60.286331778, -60.282358376, -60.282354439, -60.280027071, -60.280406031, -60.279693058, -60.2780177069999, -60.280827976, 
-60.2709978219999, -60.270994086, -60.26732794, -60.2651654089999, -60.2651643839999, -60.259379998, -60.2516085679999, -60.2488018919999, -60.248800316, -60.2412467679999, -60.2388533019999, -60.238851521, -60.2340533509999, -60.230879279, -60.227496333, -60.227495299, -60.210554351, -60.2105502329999, -60.2072484659999, -60.203357671, -60.2003977399999, -60.198994773, -60.194967127, -60.194964289, -60.1914718079999, -60.191469187, -60.187608953, -60.1889972129999, -60.1856053349999, -60.1776041249999, 
-60.176442289, -60.1750407579999, -60.17128102, -60.1712783719999, -60.1674429019999, -60.161713585, -60.159276201, -60.1592728939999, -60.1524638969999, -60.1524623409999, -60.148027617, -60.148024698, -60.1459683559999, -60.1461593709999, -60.1424977249999, -60.142493577, -60.140047606, -60.13633135, -60.1306404799999, -60.130636059, -60.1271914759999, -60.1236590429999, -60.1204106759999, -60.1204084019999, -60.1152474139999, -60.1126920359999, -60.112690889, -60.1089717149999, -60.1048551729999, 
-60.0999106049999, -60.0985925089999, -60.096190925, -60.089358264, -60.087743748, -60.089851017, -60.088517719, -60.085777179, -60.0842513249999, -60.0842461149999, -60.079942887, -60.0750227, -60.071966151, -60.0702705379999, -60.066354186, -60.0667134529999, -60.062245215, -60.0622421789999, -60.056026427, -60.056023168, -60.0533871339999, -60.053383585, -60.0497142169999, -60.0474050859999, -60.046026197, -60.044058671, -60.044054267, -60.0426323679999, -60.0374422639999, -60.0374390419999, -60.0338558939999, 
-60.0323543249999, -60.0320234499999, -60.028218363, -60.026243535, -60.0262419679999, -60.0229058549999, -60.019388803, -60.016079854, -60.0176287769999, -60.0157479689999, -60.015745427, -60.0139949739999, -60.013135353, -60.0074917539999, -60.0074886739999, -60.004470032, -60.004467346, -60.001048778, -59.995349324, -59.9953459259999, -59.991211523, -59.986850775, -59.986849789, -59.9839010404999, -59.976776586, -59.978356101, -59.9781364309999, -59.979718932, -59.979942168, -59.979946727, -59.9847432219999, 
-59.98910907, -59.98910932, -59.989805468, -59.9856633339999, -59.9849352209999, -59.995022335, -59.99777109, -59.995907104, -59.9906063559999, -59.988989411, -59.989438916, -59.9876086089999, -59.987581826, -59.9850179919999, -59.9815800599999, -59.980412257, -59.9804120029999, -59.9767506669999, -59.9767484379999, -59.971211104, -59.969353132, -59.9697966479999, -59.96588204, -59.9640221019999, -59.964462938, -59.9678568419999, -59.972468705, -59.975885164, -59.9769893879999, -59.981129603, -59.983131714, 
-59.981964415, -59.9844053389999, -59.9839928389999, -59.981658949, -59.9828043329999, -59.9820275559999, -59.9796883389999, -59.9732178579999, -59.970883255, -59.967911203, -59.96832432, -59.966685421, -59.968519536, -59.9638764309999, -59.9604383479999, -59.9587958109999, -59.9583215779999, -59.9585510039999, -59.9594679049999, -59.951854082, -59.950022057, -59.9367106759999, -59.934662974, -59.9305227529999, -59.930522556, -59.9277774109999, -59.927773815, -59.927076753, -59.9252427599999, -59.9252172319999, 
-59.922243162, -59.920408469, -59.9171930599999, -59.917858628, -59.9178587989999, -59.924524392, -59.9224411909999, -59.924271732, -59.925436975, -59.919912484, -59.919904191, -59.921298616, -59.922909826, -59.92063432, -59.9229039929999, -59.9245226729999, -59.925052498, -59.927741543, -59.9252169879999, -59.925909179, -59.934412933, -59.937405511, -59.937407707, -59.9394942559999, -59.939498032, -59.941332925, -59.942020439, -59.942020504, -59.9447665929999, -59.9466048769999, -59.950051899, -59.9523519689999, 
-59.9523552059999, -59.9581014409999, -59.9581024249999, -59.965217931, -59.973494328, -59.976241256, -59.978294574, -59.978993514, -59.981063929, -59.9833447489999, -59.9854077079999, -59.993879501, -59.9970761819999, -60.0000482249999, -60.002413009, -60.0040763729999, -60.005967895, -60.007913022, -60.010135684, -60.0156373549999, -60.016969234, -60.017246804, -60.017969309, -60.0198055899999, -60.01980817, -60.0244364129999, -60.0244376039999, -60.027602274, -60.027603316, -60.0284991519999, 
-60.03123826, -60.031238274, -60.031273492, -60.031793415, -60.0328028369999, -60.031741067, -60.027722601, -60.0267195069999, -60.02796807, -60.031413485, -60.0361028359999, -60.04152091, -60.049222923, -60.0526887919999, -60.052107355, -60.056635015, -60.0574941359999, -60.05746492, -60.061213916, -60.0647697, -60.067411339, -60.0692723209999, -60.0705184709999, -60.076973986, -60.076978411, -60.079712291, -60.079712282, -60.0795185919999, -60.078696935, -60.082575211, -60.0853323049999, -60.0866924619999, 
-60.0880792569999, -60.0880792609999, -60.088105558, -60.0907800799999, -60.090781582, -60.093552029, -60.0941605559999, -60.0906072449999, -60.0899961439999, -60.0899954009999, -60.0876682069999, -60.0876657789999, -60.0867460689999, -60.0872149889999, -60.092746111, -60.097263261, -60.0972635059999, -60.0983866569999, -60.098389289, -60.09952682, -60.099274787, -60.0972503099999, -60.0941110179999, -60.092415244, -60.091659505, -60.092302855, -60.093891473, -60.093894182, -60.0984575759999, -60.098460656, 
-60.101137506, -60.101609539, -60.095500675, -60.094440912, -60.0944465549999, -60.1059940039999, -60.1109102249999, -60.1109102939999, -60.111712717, -60.1141383929999, -60.1148844189999, -60.113663811, -60.1132481929999, -60.1106076099999, -60.11240988, -60.1140741129999, -60.112214284, -60.1127460069999, -60.1112701469999, -60.1112743619999, -60.109908504, -60.112193568, -60.115301664, -60.1134362069999, -60.111050561, -60.1110249019999, -60.112940707, -60.113575612, -60.11330044, -60.1115555209999, 
-60.1120528049999, -60.11335412, -60.1132973809999, -60.1141932519999, -60.111555884, -60.111635983, -60.1156618159999, -60.115664184, -60.117470558, -60.117470715, -60.1178825739999, -60.117252079, -60.11838339, -60.118798069, -60.11802672, -60.118025644, -60.115744761, -60.1157409559999, -60.114491076, -60.1154685319999, -60.11455551, -60.114832742, -60.1157798599999, -60.1159429289999, -60.1150207279999, -60.1156656479999, -60.115716675, -60.115722115, -60.116639154, -60.116641438, -60.1175207689999, 
-60.1189987939999, -60.119440557, -60.1181894439999, -60.1187454929999, -60.122411085, -60.120994854, -60.1188347039999, -60.117492187, -60.1181896289999, -60.117169369, -60.117832405, -60.117717549, -60.118687084, -60.1173339729999, -60.116244768, -60.116194556, -60.119139568, -60.1216617919999, -60.1190793489999, -60.119077792, -60.118139642, -60.1181358699999, -60.116490243, -60.1124905499999, -60.116692518, -60.1156585689999, -60.1153364749999, -60.11268899, -60.1131118069999, -60.110446133, 
-60.1112218849999, -60.107934014, -60.107389151, -60.107384518, -60.1099689869999, -60.110942326, -60.1102435139999, -60.1123819549999, -60.111326392, -60.1103018309999, -60.1102992259999, -60.107612509, -60.1076103459999, -60.1063838299999, -60.1055805929999, -60.106414373, -60.1071082669999, -60.1029948969999, -60.1043890279999, -60.1088592389999, -60.109351186, -60.10915596, -60.109155745, -60.107554466, -60.1059436429999, -60.104500273, -60.104497119, -60.1026103889999, -60.101082945, -60.101304429, 
-60.1055012459999, -60.1058877089999, -60.104970377, -60.1049691059999, -60.103193711, -60.103189406, -60.102605552, -60.1028895689999, -60.1073575159999, -60.1084983659999, -60.1057441269999, -60.105741099, -60.10372413, -60.103722226, -60.098940049, -60.0986645339999, -60.0986601109999, -60.0968556879999, -60.095825777, -60.0966953, -60.096698314, -60.1007791479999, -60.1007803019999, -60.1046671349999, -60.102524129, -60.1025233879999, -60.098923058, -60.098918629, -60.098600876, -60.0995824839999, 
-60.1002470379999, -60.10160469, -60.1001326969999, -60.0957749029999, -60.0956665729999, -60.098231207, -60.0982352899999, -60.10165759, -60.101657953, -60.10336006, -60.101086933, -60.1000815329999, -60.099278124, -60.102133232, -60.102407049, -60.102908391, -60.1073541679999, -60.1085211449999, -60.1087710099999, -60.1076063869999, -60.1076021749999, -60.103583933, -60.101136041, -60.101132745, -60.0979079519999, -60.098910876, -60.0988618539999, -60.097524747, -60.0951102109999, -60.093884191, 
-60.0944125539999, -60.095855738, -60.096248642, -60.096248938, -60.0929646979999, -60.093913092, -60.0926058479999, -60.0926051109999, -60.0908038399999, -60.0894359579999, -60.0908580029999, -60.091550677, -60.091137717, -60.0885045059999, -60.0885012669999, -60.086194674, -60.083326655, -60.0833228279999, -60.0824393789999, -60.0799477769999, -60.0799415389999, -60.082463854, -60.085437712, -60.078526379, -60.079663652, -60.075964596, -60.0749090359999, -60.07677115, -60.0766299409999, -60.0766298669999, 
-60.073385327, -60.073382183, -60.0724119819999, -60.0718917049999, -60.0684932289999, -60.067078674, -60.065884025, -60.06588371, -60.064248866, -60.064244787, -60.0632481249999, -60.060354805, -60.0605227059999, -60.060523055, -60.0584165389999, -60.058415052, -60.0539711879999, -60.055081348, -60.055081979, -60.052688947, -60.052686734, -60.050390002, -60.050386265, -60.049270919, -60.049270152, -60.047135864, -60.0471323619999, -60.0448846689999, -60.0443888419999, -60.0429114819999, -60.0420538709999, 
-60.042051425, -60.041111782, -60.041109669, -60.039670588, -60.039669477, -60.0383825959999, -60.038831905, -60.0377265919999, -60.037724649, -60.036051414, -60.0360490579999, -60.0349693719999, -60.0338001759999, -60.0334393369999, -60.0334385509999, -60.031352996, -60.029946949, -60.029886877, -60.0279497539999, -60.0279453599999, -60.0273563189999, -60.0273561779999, -60.026335597, -60.0254110879999, -60.025407623, -60.0247174239999, -60.02471722, -60.0197477169999, -60.0185517939999, -60.017971519, 
-60.016468635, -60.016468573, -60.015132539, -60.01512804, -60.01207948, -60.012076709, -60.008939846, -60.008939439, -60.0068942169999, -60.0068897899999, -60.003550786, -59.9998327339999, -59.9997997599999, -59.9997997309999, -59.997278618, -59.9972739249999, -59.9975240259999, -59.996356439, -59.9954413919999, -59.9954413519999, -59.9938613399999, -59.993602966, -59.9936025949999, -59.9922180339999, -59.991298521, -59.991298194, -59.9892509769999, -59.9892466269999, -59.9887749969999, -59.9876307009999, 
-59.9876300099999, -59.9858006039999, -59.98579721, -59.984195558, -59.984630325, -59.983467346, -59.983471632, -59.9853301219999, -59.985330768, -59.9887409819999, -59.9887410019999, -59.987589576, -59.987585095, -59.9861906129999, -59.9871054939999, -59.9871055049999, -59.983667321, -59.983662709, -59.9845769289999, -59.982492716, -59.9831631489999, -59.982245978, -59.98224515, -59.98041821, -59.9804138229999, -59.9801650729999, -59.980383414, -59.981773855, -59.983384063, -59.983829847, -59.983356643, 
-59.9840216389999, -59.982662479, -59.984495634, -59.985384552, -59.986991425, -59.9856096719999, -59.9821596099999, -59.980079722, -59.98007863, -59.978027166, -59.9780248229999, -59.9761900569999, -59.975029186, -59.975028108, -59.97388776, -59.9738833929999, -59.973413411, -59.971358075, -59.972021077, -59.9736317599999, -59.97432797, -59.974328, -59.972944968, -59.972941309, -59.9726884949999, -59.970632772, -59.96947209, -59.9703838669999, -59.969024293, -59.970382692, -59.9703871339999, -59.973273958, 
-59.9754393809999, -59.9795812749999, -59.978410781, -59.976104531, -59.976104444, -59.9751869209999, -59.974055221, -59.9740530179999, -59.972666719, -59.9706069799999, -59.9696593059999, -59.9681113249999, -59.967166462, -59.9665784869999, -59.9669937779999, -59.9703260249999, -59.9746615409999, -59.975916002, -59.9760548579999, -59.979387741, -59.979353775, -59.9695797559999, -59.966926537, -59.9670279919999, -59.9657160519999, -59.9638559199999, -59.9614731689999, -59.962768602, -59.961996716, 
-59.958275911, -59.958272518, -59.9569126979999, -59.956910236, -59.953608311, -59.951804819, -59.947185991, -59.9464405599999, -59.9421915349999, -59.9384143419999, -59.9323257229999, -59.929276268, -59.928050521, -59.9276870529999, -59.9237710829999, -59.9230464989999, -59.9131817909999, -59.912547565, -59.9104130919999, -59.9013178649999, -59.899803838, -59.9006371089999, -59.899825552, -59.90038632, -59.899946306, -59.901164318, -59.9007978189999, -59.899609176, -59.900162224, -59.902605315, 
-59.909574279, -59.9108106629999, -59.908685383, -59.9085626609999, -59.9078853859999, -59.9066376109999, -59.901274238, -59.90088378, -59.9017147009999, -59.899806283, -59.898356586, -59.8941062879999, -59.89360222, -59.8939723339999, -59.8923310029999, -59.89025257, -59.890249837, -59.886799902, -59.886796873, -59.886344854, -59.7743528519999, -59.776242746, -59.7789670319999, -59.784435433, -59.7865251769999, -59.7929412659999, -59.7939937, -59.7966959939999, -59.7984693879999, -59.802112211, 
-59.802275162, -59.8044849029999, -59.804915735, -59.8046090789999, -59.8054960689999, -59.8075273099999, -59.8088819859999, -59.811132019, -59.8115773579999, -59.8138691029999, -59.819255875, -59.820166418, -59.817965795, -59.8188327779999, -59.8187705009999, -59.823833496, -59.8263637599999, -59.8278891859999, -59.8296335219999, -59.8325494279999, -59.8326643339999, -59.83511722, -59.8425486849999, -59.843468813, -59.8428885429999, -59.8405020929999, -59.841997154, -59.8435823149999, -59.8413523469999, 
-59.844160029, -59.8479750389999, -59.8558571829999, -59.8604655989999, -59.863619518, -59.866225864, -59.867933834, -59.869913691, -59.870952337, -59.8724259049999, -59.873060777, -59.8747155829999, -59.8769689119999, -59.878278145, -59.879369947, -59.8800206309999, -59.8814784909999, -59.8830371009999, -59.884117738, -59.8850529039999, -59.8860296329999, -59.88781684, -59.8903729609999, -59.892859349, -59.8957081159999, -59.898178368, -59.898933336, -59.8985480499999, -59.8980952369999, -59.896774238, 
-59.8959336019999, -59.8956333749999, -59.895753466, -59.895153012, -59.893413414, -59.89269115, -59.8931715139999, -59.8940721949999, -59.895693421, -59.89623383, -59.89635392, -59.8960536929999, -59.8960536929999, -59.8968943289999, -59.8980952369999, -59.899476282, -59.9004452609999, -59.900937157, -59.9016379159999, -59.903439278, -59.906201367, -59.909924182, -59.9110937349999, -59.911965726, -59.912208331, -59.912837596, -59.9134668619999, -59.914329782, -59.9150880879999, -59.91544836, -59.915808632, 
-59.916769359, -59.9176291179999, -59.918709342, -59.9196201819999, -59.9207023329999, -59.921452901, -59.923854717, -59.925189486, -59.925535988, -59.9263947819999, -59.926796942, -59.9270784789999, -59.927637578, -59.9283581229999, -59.9294389399999, -59.930414154, -59.931900802, -59.9329466629999, -59.9338948449999, -59.9348430269999, -59.936077668, -59.936960996, -59.9378452969999, -59.939423156, -59.9406007419999, -59.9415540089999, -59.942073972, -59.9429116919999, -59.9443795749999, -59.946525768, 
-59.94765478, -59.9495165499999, -59.9519286039999, -59.9539128469999, -59.956216601, -59.9605887359999, -59.963064368, -59.9646921449999, -59.9690689089999, -59.9727316789999, -59.975373677, -59.977415221, -59.978083225, -59.978476952, -59.97864227, -59.979535508, -59.9807974689999, -59.981573925, -59.985040988, -59.988789558, -59.992408814, -59.995210329, -59.997495192, -59.999946498, -60.0033205379999, -60.005709624, -60.006191569, -60.0067178669999, -60.007250929, -60.007421994, -60.00716807, 
-60.0065119059999, -60.0049853479999, -60.0040041, -60.00367334, -60.003487296, -60.0033614089999, -60.0034243699999, -60.0038145279999, -60.004038899, -60.0050682739999, -60.0053440589999, -60.006327976, -60.006702709, -60.007539743, -60.007901339, -60.008618473, -60.009627828, -60.0102304609999, -60.010833093, -60.0117268929999, -60.0126905559999, -60.0138297239999, -60.015073383, -60.0156672639999, -60.0161592079999, -60.01645404, -60.0169432289999, -60.018047956, -60.01898053, -60.021151174, 
-60.023240832, -60.026161739, -60.02894196, -60.0304467189999, -60.0312577939999, -60.0315690699999, -60.0318065639999, -60.0325367039999, -60.0335539129999, -60.03452852, -60.035592472, -60.036944582, -60.0384717579999, -60.040749201, -60.0422824359999, -60.044140177, -60.0453785199999, -60.046168815, -60.0466483519999, -60.047372316, -60.0477290979999, -60.04729701, -60.0461460089999, -60.045391885, -60.0453772489999, -60.0457983109999, -60.0480331789999, -60.0501199319999, -60.052628241, -60.0573185199999, 
-60.05907303, -60.059834766, -60.06005075, -60.0605507339999, -60.061091163, -60.0616315919999, -60.062655362, -60.063440805, -60.064964011, -60.066083563, -60.067041213, -60.067070439, -60.0661205959999, -60.065937534, -60.0658922659999, -60.0658618419999, -60.065845757, -60.065260159, -60.064448081, -60.0632751549999, -60.062066618, -60.0604412399999, -60.057953467, -60.0567441369999, -60.056057725, -60.055768731, -60.0557303429999, -60.055976356, -60.0566357019999, -60.0582835819999, -60.058867856, 
-60.06037375, -60.061699882, -60.062138674, -60.0621733259999, -60.06400009, -60.066499861, -60.0679819049999, -60.0692145349999, -60.0722942039999, -60.0728750799999, -60.0736078679999, -60.0742543549999, -60.074649982, -60.0750582969999, -60.0748438019999, -60.074191582, -60.073776817, -60.071390685, -60.0707779539999, -60.0698767279999, -60.069424026, -60.068484952, -60.066792675, -60.065561859, -60.06414855, -60.063048183, -60.0624587359999, -60.062163172, -60.06235965, -60.063833673, -60.064911509, 
-60.065435116, -60.0661562629999, -60.0664728869999, -60.066907856, -60.066386575, -60.065623124, -60.0643996909999, -60.0632408069999, -60.0622035979999, -60.060604462, -60.059563306, -60.0590058269999, -60.0587407, -60.058705876, -60.0592185169999, -60.060013113, -60.060874493, -60.0617358729999, -60.063116705, -60.064622, -60.06521444, -60.0664331149999, -60.067446943, -60.068130773, -60.068450614, -60.0684102749999, -60.0683707099999, -60.068327627, -60.067905043, -60.0674838359999, -60.0668322989999, 
-60.066282149, -60.065468115, -60.065638511, -60.066253167, -60.0672121169999, -60.069973735, -60.0717597009999, -60.072070513, -60.0727081869999, -60.0728780819999, -60.0728404919999, -60.072546845, -60.072021759, -60.072144457, -60.0722851159999, -60.073562428, -60.075302408, -60.082817567, -60.08196595, -60.079196181, -60.079193433, -60.0791127459999, -60.081282623, -60.082356058, -60.084080962, -60.08810784, -60.0977254099999, -60.1015280519999, -60.103146785, -60.10514097, -60.1055003359999, 
-60.1075310699999, -60.108488569, -60.110553397, -60.1117561519999, -60.112560851, -60.113943734, -60.1158267449999, -60.1167970339999, -60.117165277, -60.121712067, -60.122772873, -60.1308595749999, -60.1321305399999, -60.1349086369999, -60.1379634159999, -60.1397946229999, -60.150631719, -60.1565537259999, -60.164078171, -60.1674158969999, -60.172532642, -60.17778039, -60.183344392, -60.1892776189999, -60.190004271, -60.1920656389999, -60.194411742, -60.2014162839999, -60.20457285, -60.2052772609999, 
-60.2058504199999, -60.2100020329999, -60.213656751, -60.215016276, -60.2155708019999, -60.21323971, -60.215292186, -60.218641517, -60.2202201349999, -60.2231652579999, -60.2246931019999, -60.229138091, -60.2341106739999, -60.2376778579999, -60.2413314089999, -60.242134992, -60.243047968, -60.245568195, -60.2466884669999, -60.2478087379999, -60.247612006, -60.2483432289999, -60.249734742, -60.251431199, -60.253367825, -60.256445437, -60.256202241, -60.257337278, -60.2606808739999, -60.2638603539999, 
-60.2641277389999, -60.2667217809999, -60.268778167, -60.267615835, -60.273204343, -60.278400551, -60.2829915889999, -60.2843717499999, -60.283709162, -60.283734681, -60.2844554289999, -60.2835701619999, -60.2844026239999, -60.282518345, -60.283372788, -60.2846488289999, -60.284290485, -60.2824277589999, -60.2802037529999, -60.2791746739999, -60.2823684099999, -60.2806499229999, -60.2804376159999, -60.2792601149999, -60.277955032, -60.2771202879999, -60.2779243689999, -60.279621133, -60.281009294, 
-60.278756026, -60.2782552799999, -60.276146705, -60.2768659, -60.277360648, -60.2784420909999, -60.279566401, -60.280621698, -60.2777013619999, -60.272310938, -60.2700648359999, -60.2685052099999, -60.271114008, -60.27275438, -60.274673656, -60.276092727, -60.276791693, -60.2769767339999, -60.2786128179999, -60.279837985, -60.2818338659999, -60.2822742959999, -60.282708729, -60.283242206, -60.2856930739999, -60.2833918449999, -60.2857971299999, -60.2893388839999, -60.291276575, -60.2939113479999, 
-60.294306449, -60.2957815009999, -60.296167433, -60.2996412429999, -60.3021010859999, -60.3038368289999, -60.304381596, -60.306169197, -60.305668934, -60.30819537, -60.3081122019999, -60.309336277, -60.3078343589999, -60.308223616, -60.3117671219999, -60.3128548129999, -60.3120820559999, -60.3127238599999, -60.31383348, -60.3139161519999, -60.314596278, -60.315276404, -60.3152755429999, -60.3180781199999, -60.3200814929999, -60.32028602, -60.3208280439999, -60.323543453, -60.324155401, -60.325413411, 
-60.324359379, -60.325112987, -60.32492225, -60.3284505999999, -60.328309583, -60.329783811, -60.3277780429999, -60.326085397, -60.3248106679999, -60.325639536, -60.3267128699999, -60.3287998259999, -60.333170292, -60.333171349, -60.333753685, -60.33470033, -60.336526076, -60.3380875599999, -60.339168736, -60.340824157, -60.3458319599999, -60.34472161, -60.346091708, -60.347532978, -60.3467029609999, -60.3480887909999, -60.347170884, -60.346060758, -60.3433343689999, -60.343393958, -60.3455076239999, 
-60.348971319, -60.3496201199999, -60.3487780409999, -60.349448275, -60.351755307, -60.3531961179999, -60.3575582299999, -60.3568697609999, -60.3546970669999, -60.354143848, -60.354390412, -60.355059057, -60.3566376619999, -60.3554192, -60.353752638, -60.3543900309999, -60.3558316719999, -60.355197726, -60.355554371, -60.3539988969999, -60.3552785569999, -60.3557272429999, -60.357252334, -60.3601746529999, -60.36050055, -60.360137902, -60.359120935, -60.357194156, -60.35505403, -60.3514755819999, 
-60.349415803, -60.3473353159999, -60.3464452709999, -60.347642556, -60.3458086899999, -60.346447909, -60.3456077939999, -60.3466977229999, -60.3458105289999, -60.346420151, -60.345366859, -60.347218596, -60.34602849, -60.3471377609999, -60.34941587, -60.3505286399999, -60.350975492, -60.3521978879999, -60.353558365, -60.3519466399999, -60.3508932989999, -60.3523601509999, -60.354854212, -60.355009843, -60.3569250589999, -60.357185698, -60.3596574479999, -60.361312171, -60.3643966069999, -60.3644716709999, 
-60.3664093499999, -60.3673839089999, -60.368035387, -60.3688942919999, -60.3697958499999, -60.369653108, -60.370693326, -60.3694806269999, -60.3704498989999, -60.3707289169999, -60.3690416269999, -60.3693878339999, -60.3699093879999, -60.37266584, -60.372784161, -60.36963849, -60.370284785, -60.3702438349999, -60.371770392, -60.372860077, -60.374112827, -60.379734817, -60.383381212, -60.3860469059999, -60.3882800419999, -60.389333547, -60.3922088699999, -60.392482, -60.393614425, -60.3945451719999, 
-60.3996431749999, -60.4036202519999, -60.4042923599999, -60.405890451, -60.4066478069999, -60.4066624499999, -60.40579895, -60.406109107, -60.4080784859999, -60.408246382, -60.409179176, -60.413944592, -60.415452879, -60.4159278619999, -60.414445668, -60.414950533, -60.415212021, -60.4157967739999, -60.41822204, -60.419619692, -60.4197189339999, -60.4172738379999, -60.41884575, -60.418434752, -60.4204779509999, -60.4204878549999, -60.419658341, -60.418451864, -60.4170083179999, -60.4206076889999, 
-60.423037874, -60.424765814, -60.430116946, -60.4324209229999, -60.436961738, -60.441499897, -60.443456975, -60.4474045269999, -60.44909812, -60.4526394699999, -60.458483309, -60.4601036669999, -60.4623802819999, -60.464251691, -60.4661530339999, -60.467793285, -60.4708338089999, -60.4721912489999, -60.4730654979999, -60.471683694, -60.472059979, -60.473256039, -60.477320317, -60.4816956879999, -60.481799343, -60.4865315759999, -60.4925376799999, -60.498013008, -60.4990042259999, -60.500593967, 
-60.504754465, -60.5047480799999, -60.504699885, -60.503251698, -60.504485684, -60.506138744, -60.5134269, -60.5201843149999, -60.5249830119999, -60.5295566409999, -60.533639007, -60.5369166159999, -60.538667743, -60.5431533019999, -60.5472096559999, -60.5521295119999, -60.559704041, -60.5643484779999, -60.5710496849999, -60.574645494, -60.5777493789999, -60.578664847, -60.580659994, -60.584637166, -60.589401161, -60.5919038759999, -60.597641498, -60.6043991669999, -60.6079295739999, -60.610133151, 
-60.6126556039999, -60.611250678, -60.6108352479999, -60.605500831, -60.5998875459999, -60.599251217, -60.5994203389999, -60.5986418949999, -60.594367612, -60.5935042899999, -60.5898344659999, -60.589260939, -60.5898590589999, -60.589857706, -60.592473946, -60.5943117469999, -60.5964126299999, -60.596946465, -60.5939733879999, -60.5948312779999, -60.59289312, -60.5913036539999, -60.588145381, -60.585394908, -60.585639965, -60.581582186, -60.5825219979999, -60.5851136389999, -60.5858361, -60.584338341, 
-60.582136491, -60.582035086, -60.5803920339999, -60.577954763, -60.577422431, -60.576501384, -60.575084572, -60.576255132, -60.5778632869999, -60.5779477309999, -60.575416602, -60.5762263319999, -60.5770775979999, -60.5761084689999, -60.5769442759999, -60.5728060759999, -60.57189092, -60.572913151, -60.5736402909999, -60.5728663769999, -60.572773234, -60.571943028, -60.569672317, -60.568470106, -60.566225844, -60.5654218599999, -60.562590029, -60.56180941, -60.561837319, -60.5618384429999, -60.5618449949999, 
-60.5618495949999, -60.561998379, -60.562067906, -60.562078582, -60.5621449529999, -60.5621449584999, -60.5621449689999, -60.5621449889999, -60.56214504, -60.562145119, -60.562145216, -60.562145401, -60.5621489009999, -60.5621500329999, -60.5621512839999, -60.5621585439999, -60.562256035, -60.562329765, -60.559750187, -60.558500674, -60.559027086, -60.5586442389999, -60.5548373729999, -60.553310966, -60.5525907099999, -60.550330668, -60.5501242729999, -60.5487610589999, -60.548114358, -60.5469509219999, 
-60.542587914, -60.541944055, -60.5409719799999, -60.540693227, -60.539951805, -60.539484752, -60.5373587969999, -60.534977751, -60.5339495139999, -60.532139124, -60.53086607, -60.5299992769999, -60.529422364, -60.529997623, -60.5293052819999, -60.5287507429999, -60.527396338, -60.5265601, -60.5254165749999, -60.523053766, -60.521441666, -60.52078012, -60.519588303, -60.519279693, -60.5170320699999, -60.515946001, -60.514862744, -60.5151673789999, -60.5148323059999, -60.514144657, -60.511835775, 
-60.5081712579999, -60.5056649789999, -60.504951487, -60.503916829, -60.5037190509999, -60.5005830539999, -60.498666726, -60.499359036, -60.4990258549999, -60.4956714899999, -60.4950879639999, -60.491663774, -60.491665473, -60.490060552, -60.489250296, -60.488422721, -60.486581695, -60.486645229, -60.486168548, -60.4836689899999, -60.4823928159999, -60.482488841, -60.482613481, -60.4792827739999, -60.4791402859999, -60.4780269509999, -60.476085852, -60.475306421, -60.4755494999999, -60.4748946149999, 
-60.475639818, -60.475388009, -60.474338944, -60.4748392619999, -60.47131008, -60.4715315589999, -60.470388739, -60.4699028759999, -60.468747407, -60.4675831819999, -60.4671107729999, -60.4659514429999, -60.4654716359999, -60.461642176, -60.46080371, -60.4587842289999, -60.4568896859999, -60.455004168, -60.453921151, -60.452469341, -60.4506672919999, -60.448525613, -60.4477448819999, -60.4466947729999, -60.4448337819999, -60.443638364, -60.4436486249999, -60.446451695, -60.4464739799999, -60.6399483979999, 
-60.628697979, -60.808838525, -60.8089449779999, -60.8094198699999, -60.810001214, -60.809465469, -60.809170052, -60.804188778, -60.801003337, -60.8000023389999, -60.7970826009999, -60.791620656, -60.790587583, -60.788611312, -60.785365172, -60.784117141, -60.783392348, -60.781495498, -60.777970485, -60.7760568859999, -60.773505711, -60.772059935, -60.7710301319999, -60.767036169, -60.7615017329999, -60.760528688, -60.7598361329999, -60.759359057, -60.756168885, -60.755407958, -60.7496318129999, 
-60.745501468, -60.7415245409999, -60.739866358, -60.737437978, -60.736366579, -60.7352305269999, -60.7342547419999, -60.7319923489999, -60.7288080639999, -60.7266449149999, -60.7220033749999, -60.7209181949999, -60.719780537, -60.718198261, -60.716145938, -60.7103375579999, -60.7075298839999, -60.705671174, -60.7004141349999, -60.6996378369999, -60.696946506, -60.6959212689999, -60.6925854219999, -60.690777219, -60.6897108079999, -60.686755181, -60.685432389, -60.6845500549999, -60.684335291, -60.684374761, 
-60.6853075459999, -60.6849444649999, -60.6844572709999, -60.681223304, -60.680917441, -60.681721452, -60.683331507, -60.683367903, -60.6837476549999, -60.6845667049999, -60.6853857549999, -60.6499852999999, -60.645710359, -60.5660229759999, -60.565422596, -60.543802145, -60.4859154169999, -60.302243165, -60.302160477, -60.30097691, -60.300711591, -60.3021652099999, -60.3063917309999, -60.308051709, -60.3074447979999, -60.3067207939999, -60.3066674919999, -60.3060253189999, -60.303172513, -60.302841891, 
-60.3033892249999, -60.304554235, -60.306216476, -60.305803759, -60.3076312379999, -60.307663996, -60.307058639, -60.306972711, -60.308774952, -60.309019607, -60.3082506309999, -60.308303704, -60.307832439, -60.307911511, -60.3073058159999, -60.308051881, -60.307529939, -60.3085004019999, -60.3087174189999, -60.307739069, -60.3085233239999, -60.3085006439999, -60.307144445, -60.30696739, -60.3054201399999, -60.305246511, -60.305890974, -60.3056424649999, -60.306578774, -60.3059489789999, -60.3062747009999, 
-60.3095777699999, -60.310162053, -60.3097707469999, -60.3103598809999, -60.312391663, -60.311299969, -60.3110287699999, -60.311299902, -60.3138677329999, -60.314553244, -60.3142918509999, -60.315497175, -60.31422307, -60.313221136, -60.3139781749999, -60.313725991, -60.3142468339999, -60.3138564989999, -60.314816343, -60.3144692329999, -60.3132829669999, -60.3125242089999, -60.313554396, -60.312632998, -60.312170752, -60.3111619529999, -60.311423316, -60.3129150759999, -60.3138885929999, -60.314971321, 
-60.316099846, -60.317054379, -60.31707715, -60.318390843, -60.318223659, -60.319026302, -60.3199803959999, -60.3213564869999, -60.324969384, -60.325030416, -60.323503818, -60.324889904, -60.3257749009999, -60.325226685, -60.325464924, -60.3279492899999, -60.328913316, -60.329615005, -60.3292229019999, -60.3301084139999, -60.330642179, -60.3301876099999, -60.3302221219999, -60.33111044, -60.331556972, -60.331502004, -60.33283775, -60.333763193, -60.334053531, -60.335106704, -60.3365826049999, -60.338358705, 
-60.33930637, -60.3410542389999, -60.3418162889999, -60.342031122, -60.342834542, -60.3436930729999, -60.344560077, -60.345691944, -60.3465204369999, -60.346607818, -60.348158892, -60.349108117, -60.3493367529999, -60.350274636, -60.3508337059999, -60.351999827, -60.354911939, -60.3570312219999, -60.3583035069999, -60.359249678, -60.359807132, -60.361499751, -60.3623301589999, -60.363135757, -60.364970138, -60.3633378769999, -60.3613631519999, -60.362112764, -60.361203538, -60.36036548, -60.3622230719999, 
-60.3619117529999, -60.363750227, -60.36530786, -60.366336762, -60.3670792069999, -60.3700944019999, -60.3721949429999, -60.3746082329999, -60.3742175939999, -60.373108141, -60.37272817, -60.3733341259999, -60.374108434, -60.374140111, -60.3733878519999, -60.3737808669999, -60.375410597, -60.3750021669999, -60.375693996, -60.375307976, -60.37746735, -60.3772519719999, -60.375524411, -60.374993093, -60.375682193, -60.379393012, -60.379297508, -60.3783891659999, -60.37758529, -60.3773351769999, -60.377553368, 
-60.3793011889999, -60.3820700119999, -60.3830872569999, -60.3826375629999, -60.3844453989999, -60.3839454189999, -60.385305608, -60.386195815, -60.3872172709999, -60.3866374849999, -60.3852771759999, -60.383798837, -60.380166178, -60.377691777, -60.375549366, -60.3683035399999, -60.3673884009999, -60.3684168239999, -60.3677990739999, -60.364771625, -60.3639169009999, -60.3636666339999, -60.3623279969999, -60.3613306, -60.359100625, -60.354471964, -60.350442162, -60.3472182169999, -60.3466931399999, 
-60.3471643649999, -60.34802811, -60.350084813, -60.353082768, -60.353742911, -60.3530568189999, -60.356272463, -60.3590578449999, -60.360578617, -60.362718361, -60.3629698719999, -60.365049768, -60.3656373689999, -60.3673840699999, -60.37310595, -60.3746930929999, -60.3746147779999, -60.370994771, -60.372916114, -60.374529417, -60.3744439119999, -60.373753077, -60.373995195, -60.375722266, -60.376857017, -60.374354694, -60.373973619, -60.373172142, -60.373807784, -60.3722768629999, -60.37175004, 
-60.372057732, -60.370476955, -60.371776164, -60.372858146, -60.3745016949999, -60.376083931, -60.3764945029999, -60.376083585, -60.37469351, -60.374336146, -60.374968398, -60.376720373, -60.378194364, -60.3775837629999, -60.379555089, -60.380470107, -60.3800884959999, -60.3807761469999, -60.3793553149999, -60.38177727, -60.384558897, -60.386494258, -60.3860285659999, -60.38697308, -60.385468047, -60.385553026, -60.3863069079999, -60.3856114039999, -60.3848324809999, -60.3838325399999, -60.385056904, 
-60.3849672429999, -60.3838819659999, -60.3817737939999, -60.380112525, -60.378885715, -60.379022687, -60.3773317439999, -60.378249065, -60.3878288289999, -60.389251937, -60.391021247, -60.392864473, -60.3941909289999, -60.395805043, -60.3966944199999, -60.393468038, -60.3946324929999, -60.395965348, -60.403028921, -60.403799275, -60.403999774, -60.403056594, -60.400914593, -60.399995415, -60.401772884, -60.4044385479999, -60.403465419, -60.4043351989999, -60.406772452, -60.40804768, -60.409139445, 
-60.4107494959999, -60.4110253399999, -60.4119107279999, -60.413169278, -60.4138622239999, -60.415915054, -60.417191808, -60.416631309, -60.4186382649999, -60.418800754, -60.41975156, -60.421552573, -60.424052204, -60.4246910529999, -60.426220916, -60.431629777, -60.43383002, -60.433938623, -60.4262495369999, -60.4273867579999, -60.429748688, -60.4296697299999, -60.429132398, -60.4298337989999, -60.430971809, -60.431799568, -60.4320594219999, -60.4331394069999, -60.4349934399999, -60.434217524, -60.4357721979999, 
-60.4367194119999, -60.437635262, -60.438581442, -60.438025162, -60.4368923459999, -60.436863652, -60.437835347, -60.439166262, -60.4399922889999, -60.441691904, -60.4408062329999, -60.441057742, -60.4423015309999, -60.443023416, -60.444911501, -60.445331349, -60.446769073, -60.449224409, -60.450029773, -60.450775994, -60.450360152, -60.452194202, -60.454577219, -60.457579638, -60.460140193, -60.461585102, -60.4631434039999, -60.463088021, -60.461776375, -60.461556265, -60.4608334949999, -60.4621056619999, 
-60.4617159899999, -60.4599394809999, -60.4585286959999, -60.455363909, -60.4549102179999, -60.455505266, -60.455253071, -60.455803741, -60.45837928, -60.4569901569999, -60.4576118799999, -60.457609017, -60.45689048, -60.4549656029999, -60.452793028, -60.4509206719999, -60.445936805, -60.4454091369999, -60.444023394, -60.438420518, -60.4368599269999, -60.4353582959999, -60.431412521, -60.4320776699999, -60.434500326, -60.437612849, -60.441381645, -60.4424450279999, -60.442392383, -60.440469356, -60.429606045, 
-60.4264131479999, -60.4253097199999, -60.4292514299999, -60.4324932679999, -60.436440561, -60.4418580259999, -60.443000868, -60.439474325, -60.4435065429999, -60.443999066, -60.445242822, -60.4469751799999, -60.449301013, -60.4503846169999, -60.4512742829999, -60.453022382, -60.455358133, -60.457194724, -60.4592202149999, -60.4594992059999, -60.4578650659999, -60.4500505179999, -60.4494388169999, -60.449440238, -60.448025221, -60.447826861, -60.449389833, -60.4474748659999, -60.44638712, -60.44624766, 
-60.447749522, -60.448634031, -60.456058016, -60.460913756, -60.461780075, -60.4612486979999, -60.4592166469999, -60.458417463, -60.4576666529999, -60.4576947769999, -60.4564995549999, -60.4563302489999, -60.4546366089999, -60.454192414, -60.45522234, -60.4531079239999, -60.453774266, -60.4524713259999, -60.4549686199999, -60.455024614, -60.4524993559999, -60.454332918, -60.454748707, -60.4543289009999, -60.45172127, -60.44917674, -60.446724346, -60.4457438189999, -60.4441359629999, -60.443521104, 
-60.4453294699999, -60.44436169, -60.439713714, -60.437247046, -60.4379154069999, -60.43977516, -60.439253254, -60.437049275, -60.4358285659999, -60.4359107129999, -60.436550595, -60.4384455949999, -60.4390560409999, -60.440251856, -60.4403311309999, -60.4417803869999, -60.4399677289999, -60.4386653939999, -60.437720228, -60.436191543, -60.43594609, -60.4378870149999, -60.441300322, -60.4439447969999, -60.4468374199999, -60.4489719769999, -60.451582182, -60.4487218049999, -60.446832868, -60.4432075239999, 
-60.4411868069999, -60.440625301, -60.4421671619999, -60.44175236, -60.4439963559999, -60.445552143, -60.440664527, -60.4422455699999, -60.4428637389999, -60.443574019, -60.4439670459999, -60.442524229, -60.442549851, -60.4438007469999, -60.445778679, -60.44616072, -60.4434777509999, -60.4416359089999, -60.440472432, -60.4382170119999, -60.438472711, -60.439023625, -60.440499609, -60.441830392, -60.446777047, -60.448495691, -60.450084122, -60.45088722, -60.4554435999999, -60.455619316, -60.46196084, 
-60.4631951429999, -60.4694166529999, -60.472357662, -60.4689969709999, -60.4697527769999, -60.4695283179999, -60.4660869469999, -60.4631907139999, -60.463333868, -60.463636729, -60.461494283, -60.457164215, -60.456108418, -60.453553785, -60.45071996, -60.4461592849999, -60.443308981, -60.4380256529999, -60.435053785, -60.4374977389999, -60.44016791, -60.4374138319999, -60.440662054, -60.442329601, -60.441330608, -60.4418560599999, -60.441524971, -60.440048819, -60.4405471959999, -60.443298042, -60.445389191, 
-60.4435241439999, -60.442686944, -60.443446085, -60.4479692229999, -60.4501890549999, -60.447047648, -60.4484705269999, -60.452444961, -60.454694672, -60.4575260919999, -60.458777498, -60.459304028, -60.4592168839999, -60.462022416, -60.4624152879999, -60.461520147, -60.459280617, -60.4608268229999, -60.466776434, -60.4671698749999, -60.4758028619999, -60.4799128869999, -60.4820834799999, -60.4840791109999, -60.486159549, -60.487274057, -60.487219125, -60.4847217079999, -60.4849958999999, -60.49032898, 
-60.4956637549999, -60.4967748029999, -60.495052797, -60.4925839599999, -60.4909435499999, -60.490947825, -60.492384731, -60.4921385349999, -60.49244581, -60.4942962869999, -60.493162072, -60.4934674909999, -60.4917522199999, -60.488861839, -60.4896943589999, -60.4912175259999, -60.492882229, -60.490327814, -60.4893592999999, -60.4857168769999, -60.4837988209999, -60.489296512, -60.4905269079999, -60.4922147039999, -60.496554421, -60.500634658, -60.5057769119999, -60.5104678249999, -60.5094684039999, 
-60.51205508, -60.5135228549999, -60.514692677, -60.518863568, -60.523332662, -60.525970151, -60.5280499459999, -60.5250214049999, -60.5287722899999, -60.5294139059999, -60.531439307, -60.531692523, -60.5306065469999, -60.5325541379999, -60.5319686729999, -60.534326604, -60.537547579, -60.537384123, -60.534888025, -60.5351309989999, -60.5324196779999, -60.5322734059999, -60.5331606649999, -60.5321372399999, -60.5291954039999, -60.5260507099999, -60.524080347, -60.5223325749999, -60.5218855749999, 
-60.5228564759999, -60.521580838, -60.5198901539999, -60.519879317, -60.521495683, -60.522191531, -60.522273885, -60.5219161149999, -60.520414877, -60.5188566209999, -60.51838465, -60.5184670629999, -60.520637118, -60.523084899, -60.5256912639999, -60.5318614, -60.532660299, -60.534355991, -60.5356852179999, -60.533637829, -60.52966821, -60.5201620239999, -60.519219338, -60.5208607879999, -60.5233854269999, -60.524468209, -60.526242328, -60.527882726, -60.5272144419999, -60.5238536749999, -60.520665863, 
-60.5179090129999, -60.515441531, -60.5116078499999, -60.5106373569999, -60.507828784, -60.5069963149999, -60.5134129529999, -60.514247945, -60.512634449, -60.510637845, -60.511050274, -60.5138626629999, -60.514494632, -60.5128262699999, -60.506417859, -60.501188363, -60.4947727619999, -60.489388705, -60.4846393869999, -60.4826297609999, -60.4789695659999, -60.475248024, -60.47244585, -60.4716098049999, -60.470829869, -60.467497376, -60.464996833, -60.4644691949999, -60.46585778, -60.4659696629999, 
-60.467466046, -60.466914162, -60.469137937, -60.468044565, -60.465050394, -60.460050132, -60.4524646139999, -60.4511312759999, -60.4511948729999, -60.450183218, -60.445028424, -60.442941767, -60.441694271, -11.0167934529999, -11.016793719, -11.016685291, -11.0166851049999, -11.023839191, -11.0259456209999, -11.0277953069999, -11.039199934, -11.042153107, -11.042154003, -11.0423445169999, -11.042346178, -11.04234632, -11.0417996249999, -11.03763083, -11.037494458, -11.037494245, -11.040911277, -11.043485065, 
-11.046775875, -11.0510501529999, -11.058999016, -11.064276843, -11.067470521, -11.071228629, -11.0712303629999, -11.0693773999999, -11.0693754569999, -11.075595309, -11.0776495439999, -11.0787069039999, -11.0804434959999, -11.085170857, -11.0918191919999, -11.09379263, -11.095939342, -11.0962224679999, -11.096223143, -11.0940741589999, -11.0934927519999, -11.093492354, -11.093920429, -11.094124322, -11.0941250209999, -11.099013128, -11.100698132, -11.1006981809999, -11.1007470869999, -11.1007471639999, 
-11.1031770329999, -11.1037731169999, -11.1053403729999, -11.1083220359999, -11.1090362659999, -11.1090374399999, -11.1079160109999, -11.1048819139999, -11.1020532319999, -11.099182199, -11.0958840819999, -11.091584344, -11.082633868, -11.0800430259999, -11.076176421, -11.074043735, -11.0740427699999, -11.0747040679999, -11.078897583, -11.081930815, -11.0828880019999, -11.082889491, -11.0813066759999, -11.078131912, -11.0750754369999, -11.0709725779999, -11.067466067, -11.065094712, -11.0649717639999, 
-11.064025821, -11.0571542219999, -11.0571521159999, -11.0599011599999, -11.06257767, -11.06548901, -11.0654891519999, -11.0654626829999, -11.064017156, -11.0640157239999, -11.0677227489999, -11.0714017189999, -11.0760723879999, -11.0795771859999, -11.0915314949999, -11.0986915659999, -11.0986942869999, -11.0950832349999, -11.0936623189999, -11.093661645, -11.0946810499999, -11.095084147, -11.09686812, -11.0968691219999, -11.0968880939999, -11.0949438229999, -11.094942376, -11.099158846, -11.103118938, 
-11.1054346279999, -11.105435336, -11.1068079369999, -11.106808271, -11.1117563739999, -11.1134563549999, -11.113889102, -11.1140942179999, -11.1123167889999, -11.1123155369999, -11.114112057, -11.1141134049999, -11.111637877, -11.1081019279999, -11.1044316709999, -11.0992539439999, -11.0988181549999, -11.099037309, -11.0996252089999, -11.099625623, -11.0992181609999, -11.096303561, -11.0956544809999, -11.0956535999999, -11.100878421, -11.100879615, -11.0992631689999, -11.099262105, -11.1006976039999, 
-11.104126923, -11.1057398259999, -11.1057416529999, -11.1026161049999, -11.101387533, -11.100872882, -11.1008724819999, -11.1025167449999, -11.1052148829999, -11.1068980769999, -11.106899255, -11.1051870299999, -11.102541141, -11.102539953, -11.103929722, -11.109181775, -11.1104703079999, -11.1105829049999, -11.110788057, -11.1089021759999, -11.1069903549999, -11.100462223, -11.0980258349999, -11.0969046, -11.09684472, -11.096844516, -11.101679274, -11.1050245539999, -11.110383801, -11.11470672, 
-11.1209933909999, -11.1255089439999, -11.1258421479999, -11.1258423739999, -11.1253000069999, -11.125299723, -11.126053978, -11.126054994, -11.124391793, -11.1238165349999, -11.124003623, -11.1242705779999, -11.124271176, -11.120109424, -11.117354834, -11.117353124, -11.1221185239999, -11.1256219259999, -11.12777807, -11.1293829709999, -11.1307326469999, -11.1307337179999, -11.130574495, -11.129099406, -11.1237220559999, -11.118862287, -11.1162841469999, -11.1162806629999, -11.1193572979999, -11.122522356, 
-11.123533492, -11.1235340439999, -11.1226046259999, -11.122603799, -11.124264581, -11.1251741149999, -11.1251746569999, -11.123587259, -11.1145192429999, -11.1145171929999, -11.1162755224999, -11.1223888899999, -11.1262442729999, -11.131213701, -11.135968454, -11.1398029659999, -11.1398025589999, -11.1393741169999, -11.1380399869999, -11.1380409569999, -11.1407416229999, -11.1432073619999, -11.1470364189999, -11.1482032919999, -11.151359658, -11.1569831749999, -11.159219375, -11.161232113, -11.165277919, 
-11.1670691499999, -11.171108246, -11.1742353829999, -11.1753381149999, -11.1795888039999, -11.1795897289999, -11.178674571, -11.178674014, -11.180203349, -11.182884711, -11.185350389, -11.186884359, -11.189116025, -11.193145999, -11.197864786, -11.1985664609999, -11.198587554, -11.203287818, -11.2037621379999, -11.2098035229999, -11.2135964579999, -11.215199185, -11.216955971, -11.2218686469999, -11.2245531789999, -11.233500383, -11.2395294739999, -11.2455493629999, -11.250922707, -11.252933926, 
-11.256523628, -11.2628078019999, -11.2664050889999, -11.274037408, -11.27739916, -11.2834658259999, -11.289323866, -11.292927181, -11.2947339309999, -11.3030627049999, -11.3044045219999, -11.307529927, -11.3081923519999, -11.310444493, -11.3104445999999, -11.310434626, -11.3104346129999, -11.3113300589999, -11.316979799, -11.3201377359999, -11.323065688, -11.3269082789999, -11.338434586, -11.34137998, -11.346355462, -11.352267399, -11.3556562709999, -11.360864086, -11.3617763169999, -11.376027859, 
-11.3814622699999, -11.3907636739999, -11.3941667909999, -11.3980076429999, -11.401868906, -11.4034646219999, -11.406333457, -11.4127643079999, -11.413885497, -11.415480889, -11.423667513, -11.4248117159999, -11.424809821, -11.4230092429999, -11.4230089289999, -11.422856298, -11.422799109, -11.422799333, -11.4323191599999, -11.4330025639999, -11.43347355, -11.436422443, -11.4364218209999, -11.435316695, -11.435317137, -11.4385088279999, -11.43853079, -11.4392225009999, -11.4471501359999, -11.4532613339999, 
-11.4548994319999, -11.4649827989999, -11.469340939, -11.47274704, -11.474786453, -11.477513077, -11.478662765, -11.482440534, -11.483878677, -11.486501146, -11.487557394, -11.488601219, -11.491263138, -11.494008748, -11.496035579, -11.497023186, -11.497022015, -11.494922333, -11.4949228699999, -11.4963502319999, -11.4963476499999, -11.4941282569999, -11.493172505, -11.493174005, -11.4970130869999, -11.497876593, -11.499552059, -11.503452103, -11.5037057329999, -11.505676279, -11.507901768, -11.5116325299999, 
-11.5127338249999, -11.51660715, -11.5263248129999, -11.5285455329999, -11.5305451629999, -11.538941254, -11.5409838499999, -11.5420969559999, -11.54373959, -11.546200075, -11.546237796, -11.547152394, -11.5491913409999, -11.5530130759999, -11.5530128859999, -11.5528957549999, -11.5528958569999, -11.5550050999999, -11.55631725, -11.558916333, -11.5595791429999, -11.5609446749999, -11.561084783, -11.5610842239999, -11.5576866539999, -11.554878931, -11.554882068, -11.560666462, -11.562847125, -11.5655572609999, 
-11.567026036, -11.5670278209999, -11.566545521, -11.5665450179999, -11.566801651, -11.568127326, -11.5694613679999, -11.5697922139999, -11.569791799, -11.567894574, -11.567896846, -11.568878808, -11.5708265499999, -11.5721081629999, -11.573235943, -11.574495374, -11.5760534879999, -11.57780715, -11.5783260649999, -11.578324465, -11.575629686, -11.5756304769999, -11.5763181469999, -11.577360418, -11.5827861479999, -11.5858821439999, -11.585880656, -11.5828350219999, -11.582488113, -11.582488381, 
-11.585602518, -11.5874930629999, -11.591462025, -11.5921369629999, -11.5946078969999, -11.5954808539999, -11.598637166, -11.603448304, -11.603538702, -11.605627306, -11.6090198389999, -11.6118983169999, -11.6155403489999, -11.6164373619999, -11.6192756049999, -11.6204129269999, -11.620831895, -11.6225518429999, -11.6241751179999, -11.625985449, -11.6276189259999, -11.62831488, -11.6305417799999, -11.6325826529999, -11.63459821, -11.635757347, -11.637587254, -11.6429164409999, -11.6437486909999, 
-11.6437481359999, -11.6433246979999, -11.6433256389999, -11.6457979539999, -11.650505426, -11.6515624199999, -11.6540706799999, -11.6553612669999, -11.6553630669999, -11.654836728, -11.6548358499999, -11.6564009169999, -11.6574683629999, -11.661381491, -11.662309066, -11.6624535969999, -11.663654262, -11.664268187, -11.6664397559999, -11.66913647, -11.669133168, -11.6685764869999, -11.668577788, -11.6690784959999, -11.6719626, -11.674570086, -11.678580318, -11.6803769469999, -11.682401687, -11.6864514019999, 
-11.687426154, -11.6890355249999, -11.6906681809999, -11.6942868709999, -11.6961055, -11.698303035, -11.702078236, -11.703042196, -11.7047820119999, -11.7067066039999, -11.7104416359999, -11.7121038129999, -11.7159512939999, -11.715953614, -11.715266879, -11.7152641179999, -11.718897043, -11.7222553669999, -11.729297225, -11.730632144, -11.7332873329999, -11.736180841, -11.7390773869999, -11.744719479, -11.748262292, -11.748872379, -11.7489734819999, -11.7489743419999, -11.754261038, -11.7543311389999, 
-11.757916137, -11.7592554599999, -11.76297306, -11.763373424, -11.763374442, -11.7621278769999, -11.7621268729999, -11.7626844659999, -11.7637087629999, -11.7657224819999, -11.770079096, -11.772513852, -11.775378948, -11.7757521829999, -11.778610381, -11.7805548439999, -11.7805569849999, -11.7799436619999, -11.7784852059999, -11.77822883, -11.7782282699999, -11.778772078, -11.7806211829999, -11.781919532, -11.782499137, -11.7858973709999, -11.7866443489999, -11.7866453839999, -11.7866374939999, 
-11.786637475, -11.7889071319999, -11.7900440669999, -11.790965823, -11.793118619, -11.7937675959999, -11.793768309, -11.793283073, -11.7932826149999, -11.794274949, -11.79433212, -11.7943330379999, -11.795323857, -11.799789233, -11.8009235889999, -11.8009214389999, -11.7980109059999, -11.7980123439999, -11.802857799, -11.804233142, -11.804233618, -11.803880236, -11.8038798009999, -11.8049468469999, -11.806870165, -11.81055206, -11.8145680609999, -11.8152398019999, -11.816115247, -11.818222813, -11.8187247059999, 
-11.8187245089999, -11.818559767, -11.8185598969999, -11.819171761, -11.8213381749999, -11.8231816249999, -11.8300235189999, -11.8313221729999, -11.8321598449999, -11.83369319, -11.835356095, -11.837058606, -11.8395793199999, -11.8399349179999, -11.839936204, -11.8366598599999, -11.8354091469999, -11.835407463, -11.839856913, -11.842768044, -11.8455551, -11.847385009, -11.847742449, -11.8491616979999, -11.8518662749999, -11.8548399309999, -11.858847448, -11.858850466, -11.856887484, -11.854583857, 
-11.8531477019999, -11.8531468919999, -11.8538392279999, -11.8551553989999, -11.856726635, -11.8597595499999, -11.86112634, -11.8626117429999, -11.8626135699999, -11.859659225, -11.858489236, -11.858487675, -11.8604131119999, -11.8622650069999, -11.863925287, -11.866466793, -11.8676801979999, -11.8702202179999, -11.8726060829999, -11.876804994, -11.879703617, -11.8829751109999, -11.8852881879999, -11.8852894019999, -11.884487307, -11.8844865299999, -11.885073858, -11.886407003, -11.8871631559999, 
-11.887957827, -11.890824528, -11.8908252849999, -11.890573144, -11.890572515, -11.8919949889999, -11.892805048, -11.895001201, -11.895005764, -11.893477092, -11.893476013, -11.8951627219999, -11.896892686, -11.896893669, -11.8968998089999, -11.8968998149999, -11.897865569, -11.8978671399999, -11.8959379439999, -11.895936617, -11.8972409689999, -11.8972431089999, -11.894834821, -11.8936312269999, -11.8936258179999, -11.8925607189999, -11.8925576819999, -11.8939327049999, -11.8939357959999, -11.892707367, 
-11.892706419, -11.893093559, -11.895224531, -11.896548978, -11.896551306, -11.89514183, -11.895139846, -11.8965928439999, -11.8972373949999, -11.89869174, -11.898694906, -11.8970124219999, -11.896869629, -11.89498307, -11.8947891229999, -11.894788683, -11.896419732, -11.8964201219999, -11.896353662, -11.895495174, -11.8954919569999, -11.8975287809999, -11.897529382, -11.896960326, -11.8964370589999, -11.8946883129999, -11.893980895, -11.8939808659999, -11.894018156, -11.8940182819999, -11.8930405099999, 
-11.8930396209999, -11.894743713, -11.894743934, -11.8946831349999, -11.8946830029999, -11.899445141, -11.9029659899999, -11.905010203, -11.9050120209999, -11.9045545349999, -11.9045536829999, -11.906823092, -11.9075043919999, -11.9093126779999, -11.909312756, -11.909319195, -11.9084103289999, -11.908409025, -11.908869142, -11.910462071, -11.9104626379999, -11.910236651, -11.9102361709999, -11.911377659, -11.912294469, -11.9122950229999, -11.9120805009999, -11.9120801029999, -11.914821332, -11.9166389609999, 
-11.9205402389999, -11.9205380989999, -11.9196103959999, -11.919612266, -11.929487143, -11.9294871999999, -11.9294936499999, -11.9294936749999, -11.930425345, -11.9352774129999, -11.9352774729999, -11.935306225, -11.935306264, -11.9376255309999, -11.9392625969999, -11.941352266, -11.9418228039999, -11.941823229, -11.9416016679999, -11.941601136, -11.9436913759999, -11.94647602, -11.9478587549999, -11.9480873019999, -11.94948103, -11.9522596159999, -11.953640599, -11.9552623569999, -11.957561223, 
-11.9575603659999, -11.9600897619999, -11.9619359859999, -11.9642317309999, -11.965146952, -11.965147433, -11.9649222719999, -11.9649220149999, -11.965384539, -11.9672055209999, -11.967207212, -11.9669795739999, -11.9669787019999, -11.9690304809999, -11.969945605, -11.972901666, -11.974727677, -11.9763148309999, -11.9763148999999, -11.9763181929999, -11.9763182019999, -11.97768088, -11.979497324, -11.982671024, -11.9840360149999, -11.9844794909999, -11.9890201009999, -11.989019509, -11.9886347689999, 
-11.9883461739999, -11.991286789, -11.993554038, -11.996042302, -11.9960423959999, -11.996042988, -11.9942347359999, -11.994231216, -11.997624705, -11.99784921, -12.0003528039999, -12.001293232, -12.0026355279999, -12.0071625579999, -12.008540764, -12.0133992199999, -12.015106954, -12.0199086879999, -12.023772595, -12.0281819359999, -12.02954986, -12.032475243, -12.038101329, -12.040815639, -12.0462405179999, -12.0473226139999, -12.050441498, -12.0529775109999, -12.056367063, -12.0569494969999, -12.056950028, 
-12.056457281, -12.0564563889999, -12.0591009959999, -12.0656104469999, -12.065750899, -12.067312118, -12.0712982309999, -12.0741489989999, -12.0767159619999, -12.0784546939999, -12.0811523509999, -12.0863684619999, -12.093764905, -12.094653744, -12.0988844029999, -12.0991564019999, -12.101360587, -12.112917571, -12.1172226749999, -12.12088347, -12.124499924, -12.129508673, -12.1461190839999, -12.159766133, -12.164757655, -12.1663203119999, -12.170876694, -12.1750357369999, -12.1813571999999, -12.1864566469999, 
-12.194635049, -12.1951099459999, -12.2013189049999, -12.2051426599999, -12.2152343919999, -12.2204522569999, -12.223879059, -12.2261067009999, -12.228790546, -12.2314100039999, -12.232760265, -12.236629655, -12.2454538109999, -12.2456257499999, -12.2456259759999, -12.245087479, -12.2450870059999, -12.245471785, -12.340955739, -12.3410994179999, -12.341306532, -12.3432794729999, -12.3433352079999, -12.3457818749999, -12.3492146459999, -12.352018635, -12.3550267019999, -12.3573940819999, -12.3589813599999, 
-12.362208618, -12.364054723, -12.3667784259999, -12.3686220399999, -12.370261393, -12.370754452, -12.3730917959999, -12.3744678999999, -12.376360749, -12.37874818, -12.381518786, -12.3855513999999, -12.3873953309999, -12.389888862, -12.3904826589999, -12.394893879, -12.395363336, -12.398142124, -12.4013987629999, -12.4061754709999, -12.4131972369999, -12.424848975, -12.433969943, -12.4375910119999, -12.440709279, -12.44460876, -12.446698828, -12.459370168, -12.467172923, -12.4720524259999, -12.4786046579999, 
-12.479886065, -12.4803372379999, -12.481619115, -12.482819447, -12.483513874, -12.483918454, -12.4852171819999, -12.486557535, -12.4885521669999, -12.490322753, -12.4908838529999, -12.4909816259999, -12.4910246389999, -12.491091667, -12.4915072969999, -12.4927334029999, -12.494499828, -12.4954349949999, -12.496577975, -12.4979079899999, -12.500165359, -12.5010963419999, -12.5016428649999, -12.503073384, -12.5057168709999, -12.508823672, -12.514047622, -12.515488712, -12.517230029, -12.518971346, 
-12.520172254, -12.5217221629999, -12.523714933, -12.525816522, -12.527377703, -12.5288788379999, -12.5300197009999, -12.532001199, -12.534102789, -12.5364445589999, -12.5377055129999, -12.5384260579999, -12.5396870119999, -12.54167597, -12.5427252809999, -12.544250462, -12.5460518249999, -12.5479732779999, -12.550074867, -12.551382014, -12.552356593, -12.552725352, -12.5536818349999, -12.5546383179999, -12.5562682799999, -12.5577006339999, -12.558901542, -12.56010245, -12.562804493, -12.564518882, 
-12.565809258, -12.567148589, -12.568268626, -12.569289398, -12.570970669, -12.5724961189999, -12.5728921219999, -12.57411897, -12.5746934839999, -12.5752967779999, -12.5764948459999, -12.5781761179999, -12.5796172079999, -12.580521065, -12.581898933, -12.5830515149999, -12.58409645, -12.5851413849999, -12.5859809409999, -12.586634343, -12.5871829289999, -12.5891960599999, -12.5910251479999, -12.5922961699999, -12.5929027939999, -12.593422758, -12.5946138719999, -12.597983605, -12.5992651539999, 
-12.6002615809999, -12.6012098089999, -12.602357007, -12.6031950129999, -12.6046128519999, -12.6058570509999, -12.6062318559999, -12.60717805, -12.6099401389999, -12.609459775, -12.60651755, -12.6032567, -12.600424898, -12.5968482919999, -12.5945363389999, -12.5927147779999, -12.5921384769999, -12.5915061979999, -12.591354044, -12.5908240279999, -12.5906877379999, -12.5907683039999, -12.5914416809999, -12.592337221, -12.5941724299999, -12.5952476699999, -12.5964050019999, -12.5979372929999, -12.5994286829999, 
-12.6004005789999, -12.6011167669999, -12.6014546439999, -12.601709913, -12.6019429669999, -12.6022149019999, -12.602892591, -12.603121364, -12.603496091, -12.6035749769999, -12.603541007, -12.603590202, -12.6039773709999, -12.604249743, -12.6052699199999, -12.6063750499999, -12.6072637259999, -12.6079621039999, -12.6085511369999, -12.6091401699999, -12.6093424939999, -12.6091413949999, -12.6085361469999, -12.6085405589999, -12.609277955, -12.6102674809999, -12.6110108189999, -12.6121159749999, -12.613098067, 
-12.61356624, -12.6146559499999, -12.6157050049999, -12.6171713639999, -12.618567096, -12.6206021309999, -12.622595131, -12.6249181159999, -12.6266904789999, -12.6282589259999, -12.6293912909999, -12.6304595439999, -12.6316121589999, -12.633288776, -12.634805677, -12.637785067, -12.638920671, -12.639934114, -12.6417105529999, -12.6441578989999, -12.645718858, -12.648075462, -12.6507788839999, -12.652913217, -12.6554548169999, -12.657086217, -12.660920329, -12.661508588, -12.66232459, -12.6628937409999, 
-12.663051987, -12.663235622, -12.663550104, -12.6641531239999, -12.6645933309999, -12.665612371, -12.6665333, -12.66745423, -12.6681946719999, -12.6688602809999, -12.6708201939999, -12.673541857, -12.6775031839999, -12.6805991199999, -12.68383972, -12.6860616719999, -12.6890513399999, -12.692172589, -12.693822822, -12.695238454, -12.696868169, -12.697994144, -12.6989007679999, -12.69880784, -12.6985513, -12.698583333, -12.6991249789999, -12.701237345, -12.70361763, -12.704925449, -12.7062075749999, 
-12.7090896759999, -12.7101115579999, -12.7117001039999, -12.7130990199999, -12.714591713, -12.715734196, -12.716926353, -12.7181621199999, -12.7191255839999, -12.720471073, -12.726083918, -12.727210096, -12.7286307959999, -12.729884177, -12.730651203, -12.733232727, -12.7344836689999, -12.736101493, -12.7371303139999, -12.7426607109999, -12.7447184659999, -12.7477450869999, -12.7490800329999, -12.750878559, -12.752995359, -12.754534935, -12.755641967, -12.7568325459999, -12.7574060339999, -12.7581709409999, 
-12.759031729, -12.7599441959999, -12.7605928879999, -12.761229924, -12.7629105739999, -12.765166297, -12.767432984, -12.770243982, -12.7735323539999, -12.776483686, -12.778191454, -12.7793577679999, -12.7807191959999, -12.782640989, -12.784036533, -12.785512506, -12.7862110449999, -12.786948125, -12.7871965619999, -12.787227858, -12.787259155, -12.7870130229999, -12.786817804, -12.7867464, -12.7869731469999, -12.787577765, -12.788624412, -12.789918096, -12.791720722, -12.7934887439999, -12.795413981, 
-12.798173107, -12.7995367929999, -12.8015040839999, -12.803126039, -12.8076786879999, -12.810704765, -12.8131112099999, -12.8162077069999, -12.8219034509999, -12.825207747, -12.8262774909999, -12.828514313, -12.829792395, -12.83127002, -12.832275455, -12.833034824, -12.8336255499999, -12.8343027439999, -12.836674736, -12.8396754769999, -12.8526360019999, -12.8587174859999, -12.8739260359999, -12.874163663, -12.881142505, -12.8893049499999, -12.8918609209999, -12.895968113, -12.902430887, -12.911019481, 
-12.913415536, -12.916126053, -12.9194661149999, -12.925509092, -12.931667841, -12.933564625, -12.9376568489999, -12.94115491, -12.942334302, -12.9443611, -12.948641796, -12.956553122, -12.95955562, -12.9582380589999, -12.9598795999999, -12.9616705569999, -12.964357434, -12.9645962909999, -12.9666379049999, -12.970206304, -12.964058305, -12.9687478929999, -12.9695877819999, -12.9706430349999, -12.9694247549999, -12.9696351579999, -12.967628982, -12.9711429599999, -12.9752340509999, -12.9820557539999, 
-12.982485731, -12.988120094, -12.995613256, -12.999457434, -13.0004409609999, -13.0037472879999, -13.007052743, -13.0116409839999, -13.018585205, -13.021573706, -13.0269806859999, -13.0283438879999, -13.0277128, -13.0322621439999, -13.033540149, -13.0339455039999, -13.035528556, -13.0365796869999, -13.038457504, -13.039570194, -13.04304934, -13.045420009, -13.0476601469999, -13.0499002849999, -13.0530706559999, -13.0551128779999, -13.0546299149999, -13.055157369, -13.056356931, -13.059933123, -13.0638130369999, 
-13.065113635, -13.066835742, -13.0697601779999, -13.0717963769999, -13.0737791609999, -13.076017619, -13.0772845509999, -13.0769914119999, -13.077776586, -13.080552332, -13.0848441219999, -13.087225485, -13.088156253, -13.089402825, -13.0905363489999, -13.0917865069999, -13.0933901419999, -13.0958660339999, -13.0976178789999, -13.098904968, -13.098674995, -13.1005961369999, -13.102568352, -13.1061626009999, -13.107288469, -13.1076725219999, -13.109802561, -13.1099564479999, -13.112678259, -13.1158530319999, 
-13.1156105229999, -13.1199461329999, -13.122027187, -13.125111314, -13.126826555, -13.1320226029999, -13.1325050049999, -13.1335594619999, -13.133692202, -13.1356155159999, -13.136698136, -13.139722754, -13.1442030529999, -13.144971059, -13.1495153709999, -13.1491150439999, -13.151075099, -13.1547626349999, -13.1552886689999, -13.1565005629999, -13.1596136969999, -13.1595722189999, -13.1619950959999, -13.1619427689999, -13.1618911539999, -13.161827772, -13.163098668, -13.164683023, -13.1659019729999, 
-13.1703853869999, -13.171861077, -13.1729205789999, -13.175229477, -13.175322039, -13.1771645659999, -13.1754282859999, -13.1784032069999, -13.1783697769999, -13.1793885019999, -13.182734879, -13.184272698, -13.188822682, -13.191291532, -13.192312474, -13.1947648209999, -13.199487545, -13.2016301899999, -13.20265533, -13.2037872109999, -13.2056287629999, -13.2067872989999, -13.208060019, -13.208810157, -13.2095602949999, -13.211672006, -13.2147019549999, -13.21533686, -13.2160502429999, -13.2179407989999, 
-13.220055832, -13.2222983679999, -13.22690845, -13.2293310139999, -13.2294212419999, -13.229861033, -13.2302865729999, -13.233464253, -13.2354685569999, -13.2389160219999, -13.243085735, -13.2504877109999, -13.253263041, -13.2553203579999, -13.2564213379999, -13.2579792189999, -13.257976583, -13.2565238029999, -13.256366484, -13.2541279729999, -13.257241083, -13.2563648689999, -13.256912756, -13.253519518, -13.2516061909999, -13.2510158749999, -13.250394129, -13.2464126409999, -13.2419934239999, 
-13.2396690219999, -13.238896412, -13.235205334, -13.232525049, -13.228940974, -13.2262737299999, -13.2244616619999, -13.223026204, -13.2168511459999, -13.2164526009999, -13.2133687989999, -13.210088807, -13.2095556799999, -13.207875334, -13.2068282729999, -13.2024624579999, -13.1994247139999, -13.197704796, -13.1944556339999, -13.191788312, -13.187152183, -13.1847066619999, -13.183069191, -13.179348798, -13.17455097, -13.17173013, -13.1707419639999, -13.1693821059999, -13.1678898419999, -13.164798575, 
-13.162873967, -13.160302078, -13.1600438839999, -13.1604192639999, -13.1569107289999, -13.1525395779999, -13.1519713329999, -13.147623522, -13.1460398859999, -13.143584996, -13.1422919359999, -13.1380147889999, -13.1369551849999, -13.1354298999999, -13.131199889, -13.127881713, -13.127458766, -13.122839604, -13.119989798, -13.1196112469999, -13.117865234, -13.117163012, -13.1165927919999, -13.114329226, -13.1118904329999, -13.109317481, -13.105739811, -13.102827345, -13.102996122, -13.105079589, 
-13.1062444739999, -13.10633307, -13.109436828, -13.110709454, -13.1117233629999, -13.1128119699999, -13.1129345449999, -13.1110847999999, -13.110980097, -13.1099197259999, -13.1072148849999, -13.106380327, -13.1054653929999, -13.105027192, -13.104258082, -13.1026464759999, -13.099834341, -13.0992768069999, -13.0992477529999, -13.098685741, -13.09510633, -13.0935920189999, -13.0921835699999, -13.0914665379999, -13.0914784339999, -13.0924472249999, -13.089690667, -13.085339496, -13.083089714, -13.0806645019999, 
-13.0768876609999, -13.0761859399999, -13.0739069239999, -13.070794213, -13.0696207919999, -13.0674190139999, -13.0684158669999, -13.069830252, -13.070636674, -13.06957267, -13.0681081169999, -13.065678285, -13.063372337, -13.0615288619999, -13.059285749, -13.057375238, -13.049145081, -13.04741455, -13.045954856, -13.042279262, -13.040762211, -13.0373951029999, -13.036435152, -13.034824978, -13.0328131749999, -13.0315164479999, -13.0295776989999, -13.027172436, -13.025365161, -13.021893109, -13.0209922609999, 
-13.0207592129999, -13.0211403349999, -13.0202698479999, -13.014854961, -13.0129067779999, -13.0120813969999, -13.007627349, -13.00657924, -13.002853355, -13.004867079, -13.004098889, -13.005096167, -13.0049420069999, -13.003716714, -13.002954845, -13.004738327, -13.004948933, -13.008547898, -13.0110262619999, -13.011691134, -13.011524116, -13.010606122, -13.0068205979999, -13.0025868009999, -13.000711727, -12.9988028679999, -12.996774406, -12.99281496, -12.989749592, -12.986610808, -12.984204266, 
-12.979339445, -12.9777511249999, -12.973270375, -12.9678828459999, -12.9667192259999, -12.9577292179999, -12.953702254, -12.9489428329999, -12.94954797, -12.955963195, -12.9648409699999, -12.966951009, -12.96775094, -12.966831384, -12.963701489, -12.961005973, -12.957606894, -12.9569682369999, -12.9591609829999, -12.9661314159999, -12.9728370559999, -12.9866128919999, -12.9890151399999, -12.985953894, -12.977328132, -12.972891264, -12.969144992, -12.967614479, -12.9681553209999, -12.974464942, -12.9881747579999, 
-12.991364237, -12.9923993259999, -12.9923867629999, -12.986046535, -12.981165598, -12.966783096, -12.9546454389999, -12.9500349849999, -12.9459694289999, -12.9440365269999, -12.940703528, -12.937751992, -12.9352392959999, -12.932226529, -12.9277080729999, -12.924507532, -12.92311298, -12.9211781669999, -12.917754191, -12.914715474, -12.9093467789999, -12.9055200199999, -12.896945423, -12.8961226319999, -12.890946147, -12.8852166549999, -12.8828240109999, -12.865318384, -12.8589386439999, -12.8540874939999, 
-12.849684613, -12.844248939, -12.8420852829999, -12.839968143, -12.837392479, -12.837289588, -12.836594773, -12.8327278469999, -12.829635201, -12.8268205919999, -12.8259458669999, -12.823884291, -12.821872425, -12.8182940409999, -12.8167336779999, -12.8095261929999, -12.805497009, -12.802652402, -12.8003406349999, -12.7972404289999, -12.7929255069999, -12.7907989289999, -12.789022991, -12.7878844139999, -12.787151702, -12.7854166809999, -12.7802695039999, -12.7772971489999, -12.773997492, -12.7711763809999, 
-12.770981513, -12.770973669, -12.77092792, -12.7708957999999, -12.7698569699999, -12.7693715199999, -12.769296976, -12.7688335629999, -12.7688335254999, -12.768833448, -12.76883331, -12.7688329519999, -12.768832398, -12.76883172, -12.7688304289999, -12.7688059889999, -12.768798086, -12.768789351, -12.768738665, -12.7680579669999, -12.7675431719999, -12.769637646, -12.77151148, -12.772628897, -12.773889174, -12.776264655, -12.780291162, -12.780938851, -12.7812183719999, -12.782427581, -12.78300846, 
-12.784149458, -12.7843336159999, -12.781741788, -12.782423523, -12.782240798, -12.7811154179999, -12.7809809199999, -12.787327637, -12.7914786049999, -12.7934612159999, -12.7936024699999, -12.7927115959999, -12.793005342, -12.7936898699999, -12.7931127759999, -12.792163143, -12.7913615359999, -12.792828268, -12.7935041229999, -12.7925173349999, -12.7939033059999, -12.7945257739999, -12.793784501, -12.7923898989999, -12.792940409, -12.7935491879999, -12.7928145139999, -12.793929461, -12.7941169319999, 
-12.794819383, -12.7954027509999, -12.79517521, -12.7976421119999, -12.798594803, -12.796832022, -12.7977481939999, -12.797999143, -12.7975456729999, -12.7990955059999, -12.8020002829999, -12.8027669539999, -12.8045356329999, -12.805802339, -12.808298807, -12.8087511959999, -12.8099284369999, -12.8105429259999, -12.811676258, -12.8117414669999, -12.813244249, -12.813923905, -12.81437774, -12.8150311969999, -12.815855099, -12.815566086, -12.8151909469999, -12.817135493, -12.816251055, -12.816706983, 
-12.8178679769999, -12.8173325349999, -12.819049426, -12.819561537, -12.821347927, -12.82191219, -12.8222883549999, -12.8235082549999, -12.824258739, -12.8256364549999, -12.825339966, -12.8256169709999, -12.82727012, -12.8276481899999, -12.8289889589999, -12.82937859, -12.8306467449999, -12.831010851, -12.831732351, -12.832034226, -12.8337961949999, -12.834436303, -12.836404041, -12.835881354, -12.836831274, -12.835816699, -12.8361673829999, -12.8376948229999, -12.8385751539999, -12.8403667799999, 
-12.8392547559999, -12.5384193349999, -12.5360676569999, -12.538519963, -12.444183751, -12.447877607, -12.447879714, -12.447889114, -12.4479006199999, -12.4013607539999, -12.3754814539999, -12.374796966, -12.3758569229999, -12.3756365909999, -12.372621175, -12.371948349, -12.3704201069999, -12.370152944, -12.367701382, -12.3650098589999, -12.3643002659999, -12.363616987, -12.3599074889999, -12.3570455039999, -12.355490871, -12.354035548, -12.3536567829999, -12.354141626, -12.352920939, -12.352317064, 
-12.351461949, -12.3475843329999, -12.3436729249999, -12.3431607979999, -12.3411480309999, -12.338933867, -12.3382851159999, -12.337391634, -12.337878827, -12.337594319, -12.3370481959999, -12.335220778, -12.334075256, -12.3347803189999, -12.3343841789999, -12.3348562809999, -12.334427409, -12.332415205, -12.3309609329999, -12.330544909, -12.328144645, -12.325193949, -12.323965492, -12.3245662669999, -12.324056975, -12.3166411859999, -12.3098567069999, -12.306440618, -12.302558796, -12.3015210679999, 
-12.300248947, -12.298347804, -12.2965177039999, -12.2956281479999, -12.2946470749999, -12.2904218949999, -12.2879260719999, -12.286155541, -12.27755394, -12.275279495, -12.2710826069999, -12.2671635689999, -12.2642061699999, -12.263189909, -12.2623660409999, -12.261542173, -12.2613712439999, -12.261350211, -12.2601987199999, -12.2601986239999, -12.2598844339999, -12.2594444659999, -12.258427442, -12.2563472899999, -12.2534786909999, -12.2513721369999, -12.249833166, -12.2480304149999, -12.2437727299999, 
-12.2417989599999, -12.2411223789999, -12.2392708099999, -12.238594154, -12.237737781, -12.23678611, -12.231315029, -12.229703573, -12.228551844, -12.227703632, -12.227662862, -12.226644479, -12.225967871, -12.225060968, -12.224694448, -12.223811475, -12.2231350029999, -12.2210769469999, -12.22023996, -12.219313116, -12.218543915, -12.215938774, -12.2140906939999, -12.2139256479999, -12.2130010569999, -12.211519365, -12.2109845929999, -12.210030403, -12.2085456229999, -12.2074771799999, -12.206345532, 
-12.2054208419999, -12.2046510359999, -12.2018887479999, -12.199241542, -12.1973761149999, -12.1964607429999, -12.1938487049999, -12.192945433, -12.190826478, -12.1870293229999, -12.1869723189999, -12.1843874559999, -12.180278157, -12.179347856, -12.1760864689999, -12.173097121, -12.170368425, -12.167168602, -12.1657223609999, -12.162690449, -12.1619423989999, -12.161034782, -12.1590065839999, -12.1580086109999, -12.157403392, -12.1556304329999, -12.1555225179999, -12.154955413, -12.1534397549999, 
-12.1529122979999, -12.152058882, -12.152109637, -12.150299485, -12.1473952559999, -12.146941671, -12.1471031909999, -12.14465669, -12.144838195, -12.14382006, -12.143062994, -12.1410081829999, -12.1404416079999, -12.138741614, -12.137477025, -12.1354389039999, -12.133553334, -12.1322242849999, -12.128782234, -12.1281247999999, -12.12359758, -12.1224424279999, -12.118232068, -12.118236266, -12.1176000799999, -12.1157859329999, -12.1155402109999, -12.114719959, -12.113838528, -12.1109467709999, -12.110509517, 
-12.1095366319999, -12.10752337, -12.1056466709999, -12.103050248, -12.100212937, -12.0984721049999, -12.097045301, -12.09650162, -12.094924091, -12.0949743289999, -12.094290041, -12.0932343329999, -12.092667764, -12.093187628, -12.0927454599999, -12.089907076, -12.0891970089999, -12.0882304969999, -12.086761531, -12.086727397, -12.0847419199999, -12.0839961109999, -12.0819968449999, -12.080568984, -12.079621038, -12.0797239099999, -12.078280148, -12.078118421, -12.0761308969999, -12.074591292, -12.075127929, 
-12.074695231, -12.0713465489999, -12.067522055, -12.0676612979999, -12.066028977, -12.0642959029999, -12.063860994, -12.061258794, -12.0602159669999, -12.059446129, -12.0581064819999, -12.0582988429999, -12.056520182, -12.0539627049999, -12.053864635, -12.050488476, -12.0494717509999, -12.048437201, -12.0466678769999, -12.044790763, -12.0442428429999, -12.04313652, -12.041239923, -12.035333548, -12.0342898219999, -12.031393073, -12.030776929, -12.029875144, -12.027496286, -12.0263910839999, -12.0255494039999, 
-12.024834279, -12.0237534949999, -12.0205592459999, -12.0165597089999, -12.014660356, -12.014032308, -12.0127382299999, -12.008754937, -12.006338741, -12.005073301, -12.0034988189999, -12.002348601, -11.995321768, -11.9939857279999, -11.993282563, -11.9917747969999, -11.9885913119999, -11.986986535, -11.985893799, -11.9859093069999, -11.983681502, -11.9797016199999, -11.978426941, -11.9771614389999, -11.9753483969999, -11.974597994, -11.9718784649999, -11.9711189029999, -11.969216376, -11.964699756, 
-11.965223411, -11.964987008, -11.962984188, -11.9611395879999, -11.958472408, -11.9557034309999, -11.9544567579999, -11.9543832499999, -11.9542478869999, -11.9558008179999, -11.954762611, -11.9523647959999, -11.9469868429999, -11.946699731, -11.9436869519999, -11.9446693889999, -11.943497651, -11.941298724, -11.941100916, -11.9379227509999, -11.936478507, -11.9354247629999, -11.9329351229999, -11.9299877219999, -11.922492656, -11.923293471, -11.921254507, -11.92034858, -11.9195506509999, -11.917264791, 
-11.9181230029999, -11.915177081, -11.9137960869999, -11.9116383979999, -11.910348568, -11.908829585, -11.9086203969999, -11.9072560709999, -11.9051017689999, -11.902091909, -11.901699595, -11.9000672279999, -11.901639276, -11.900982615, -11.897378855, -11.8950411659999, -11.8948836219999, -11.89220405, -11.8901862969999, -11.8881523999999, -11.887227642, -11.885811271, -11.8860923969999, -11.884821546, -11.8835393629999, -11.881497014, -11.8806489329999, -11.8797469469999, -11.8746347709999, -11.875069494, 
-11.8739995449999, -11.8727747849999, -11.8723681469999, -11.8709370779999, -11.8698046899999, -11.868328224, -11.868821194, -11.867595137, -11.8669924029999, -11.8655122209999, -11.866173852, -11.865529926, -11.8638944139999, -11.8652971599999, -11.8632986349999, -11.8631837239999, -11.8618939849999, -11.853959934, -11.8547549449999, -11.8570081739999, -11.860497409, -11.860729179, -11.859443551, -11.8574731189999, -11.856352831, -11.8532679729999, -11.851772062, -11.849204567, -11.8479558809999, 
-11.846009939, -11.844853682, -11.845937229, -11.8447076129999, -11.843030953, -11.84235899, -11.841177337, -11.839116598, -11.838531556, -11.839717193, -11.8369054629999, -11.837022077, -11.8355508299999, -11.835297242, -11.8336520129999, -11.832745728, -11.8322501769999, -11.8310701139999, -11.82998709, -11.82980714, -11.826945336, -11.827840718, -11.824981618, -11.8241659159999, -11.825967975, -11.827874901, -11.825391116, -11.823513454, -11.821060076, -11.8113807999999, -11.81063531, -11.8115097209999, 
-11.8089212379999, -11.807963548, -11.807264708, -11.807337978, -11.808155212, -11.810197657, -11.810496909, -11.8089281789999, -11.807542673, -11.8069872989999, -11.808162226, -11.8080768939999, -11.8073275939999, -11.8063065489999, -11.8061415159999, -11.804877607, -11.803650499, -11.8044752539999, -11.8017325289999, -11.8018021089999, -11.800824437, -11.7998463239999, -11.8000088529999, -11.8014386839999, -11.8009737399999, -11.7977027319999, -11.794197599, -11.7942456409999, -11.793364704, -11.791566592, 
-11.7895277389999, -11.787427415, -11.7861163909999, -11.7857799929999, -11.784605141, -11.7828209469999, -11.781958079, -11.780341638, -11.780021617, -11.779597892, -11.778207691, -11.771681276, -11.770092135, -11.7690438059999, -11.7691115279999, -11.7657990639999, -11.7642949129999, -11.762233322, -11.7589469509999, -11.75620423, -11.7551684919999, -11.7502360699999, -11.74876526, -11.7471125689999, -11.7458165779999, -11.7466947459999, -11.74686937, -11.743003712, -11.7357961669999, -11.7319371009999, 
-11.7307090039999, -11.732873732, -11.735209483, -11.7349545889999, -11.72982282, -11.7284768769999, -11.7272642039999, -11.726952823, -11.727281013, -11.725306922, -11.722178655, -11.717611983, -11.718816415, -11.717242934, -11.714926241, -11.711920877, -11.710428467, -11.7113019939999, -11.7110820609999, -11.708934564, -11.703620864, -11.7014807319999, -11.6993414949999, -11.6976681009999, -11.6978720479999, -11.69889854, -11.700123551, -11.702870854, -11.704261618, -11.7044888319999, -11.702587341, 
-11.701706164, -11.6991493429999, -11.6963082229999, -11.691279367, -11.6893949039999, -11.6870869149999, -11.68426862, -11.681731413, -11.6797813059999, -11.67569614, -11.67337559, -11.6713574299999, -11.667603151, -11.6670163219999, -11.665143088, -11.663290242, -11.6618428289999, -11.657961453, -11.657323788, -11.6565255849999, -11.653897395, -11.6514711139999, -11.6513548719999, -11.653192047, -11.654091695, -11.6515501069999, -11.650036158, -11.6447699899999, -11.642211741, -11.639778235, -11.6375387149999, 
-11.6352025739999, -11.632704593, -11.6306407489999, -11.628511397, -11.6273344169999, -11.6240850849999, -11.6228492659999, -11.622424726, -11.618967475, -11.6188494859999, -11.6161318459999, -11.615320589, -11.6140029389999, -11.612468518, -11.610941388, -11.6044375669999, -11.6031911389999, -11.600838983, -11.599521682, -11.5935009629999, -11.5915290689999, -11.588604739, -11.5864606349999, -11.5838919769999, -11.582850836, -11.576682756, -11.573900541, -11.5732386879999, -11.570877685, -11.570851831, 
-11.5682162869999, -11.5654715099999, -11.564892102, -11.5667732929999, -11.5667606879999, -11.562500521, -11.56404409, -11.5627811519999, -11.559940599, -11.553235516, -11.54685809, -11.5397468369999, -11.537770283, -11.5328246449999, -11.531487462, -11.5322199199999, -11.5306074339999, -11.519645246, -11.5193785699999, -11.5171810109999, -11.516485926, -11.514908068, -11.5143214839999, -11.5131157029999, -11.5128473139999, -11.513098568, -11.5114014259999, -11.5091848489999, -11.5091903099999, 
-11.5076251089999, -11.502443946, -11.5003900729999, -11.4959642039999, -11.4963622889999, -11.495981646, -11.497526612, -11.4955825989999, -11.4956851699999, -11.4939581159999, -11.49435216, -11.4916512209999, -11.4896476609999, -11.487656788, -11.486783654, -11.4830988539999, -11.481545383, -11.479118413, -11.4768406569999, -11.475001298, -11.4665623279999, -11.464882185, -11.4613229239999, -11.4566158089999, -11.4544191429999, -11.452778775, -11.453267996, -11.450391279, -11.4498153449999, -11.4481440769999, 
-11.446864805, -11.4358678789999, -11.433251257, -11.433416714, -11.4243716149999, -11.424122755, -11.422882022, -11.4196494759999, -11.417678741, -11.4164555839999, -11.415624099, -11.414561691, -11.415464216, -11.41463666, -11.410838845, -11.4071372119999, -11.4053672059999, -11.4046843439999, -11.401246773, -11.3993201239999, -11.3969523769999, -11.3927665639999, -11.3872918759999, -11.386058165, -11.384297228, -11.3807978189999, -11.3781224439999, -11.373441854, -11.37010985, -11.3669182719999, 
-11.3618983289999, -11.358180815, -11.3603518399999, -11.3631193539999, -11.36840304, -11.3669472059999, -11.3672547219999, -11.368493481, -11.364870343, -11.361043682, -11.355796649, -11.353559629, -11.349931082, -11.3475058469999, -11.347217531, -11.344452325, -11.3376161639999, -11.3366726069999, -11.33423622, -11.33329253, -11.3326931939999, -11.331128609, -11.3297271759999, -11.3269188959999, -11.3236473769999, -11.318561488, -11.3152379119999, -11.312658849, -11.310942227, -11.3099474599999, 
-11.305730605, -11.3025250119999, -11.3006139729999, -11.2963248129999, -11.2928895569999, -11.2897145229999, -11.28618207, -11.285057077, -11.2849347829999, -11.2834647179999, -11.279128183, -11.277606107, -11.2742041039999, -11.270336645, -11.269737623, -11.266656803, -11.2662513569999, -11.2618594109999, -11.256562101, -11.2545137449999, -11.24376867, -11.2427892269999, -11.23149603, -11.2318293229999, -11.230468725, -11.2278478099999, -11.223681749, -11.2208738099999, -11.218250709, -11.216005097, 
-11.212009953, -11.2085876379999, -11.204781322, -11.2004587349999, -11.189243875, -11.185125236, -11.1827841479999, -11.1818765799999, -11.1821703099999, -11.180029401, -11.176869112, -11.1752325379999, -11.1731995319999, -11.1707110369999, -11.168824587, -11.166502805, -11.1639724009999, -11.1611887349999, -11.158284446, -11.1553537269999, -11.1521062369999, -11.1500730809999, -11.1482141529999, -11.145266713, -11.143214166, -11.142566437, -11.14319488, -11.143124423, -11.140813941, -11.138846204, 
-11.1360938419999, -11.134582647, -11.1364125959999, -11.130194543, -11.128983767, -11.12585536, -11.123653259, -11.120889167, -11.1191525559999, -11.1167179229999, -11.1151238379999, -11.1142796889999, -11.111706436, -11.111253566, -11.1103091869999, -11.1034344629999, -11.1026115009999, -11.1018450739999, -11.0981695629999, -11.0932133809999, -11.0916507219999, -11.0857454579999, -11.083236188, -11.079587907, -11.0762916629999, -11.073913841, -11.0663472519999, -11.066332588, -11.064160103, -11.0572346799999, 
-11.0562990199999, -11.052597996, -11.0503410979999, -11.048782519, -11.0460568889999, -11.0405544649999, -11.037875253, -11.032416084, -11.025713306, -11.0230881749999, -11.018643588, -11.0160591769999, -11.011057342, -11.0079629049999, -11.0041191729999, -10.9999282369999, -10.9956367279999, -10.9929778629999, -10.9898562209999, -10.993278611, -10.99596785, -11.0013956979999, -11.0084621509999, -11.011141311, -11.0157167649999, -11.0167934529999)))"
1100320,São Miguel Do Guaporé,11,RO,"list(list(c(-63.627016924, -63.6262335859999, -63.624071232, -63.6209308909999, -63.618680865, -63.6165202949999, -63.6154979459999, -63.613735005, -63.609927725, -63.600149668, -63.5967965409999, -63.593720345, -63.5918163919999, -63.5886779809999, -63.586706637, -63.5849602499999, -63.5824908079999, -63.581181629, -63.5795117759999, -63.577705798, -63.576852226, -63.5756007859999, -63.5724046549999, -63.571512243, -63.5707375699999, -63.5695953299999, -63.5690712909999, -63.568239011, -63.5680193809999, 
-63.5680126729999, -63.567269521, -63.5665679159999, -63.565595093, -63.5645855869999, -63.5620745299999, -63.559903456, -63.557986202, -63.556877926, -63.556431907, -63.555764109, -63.555350574, -63.5546569639999, -63.5534356299999, -63.5523210489999, -63.550485134, -63.548373754, -63.546791699, -63.5448715569999, -63.543460242, -63.5423316329999, -63.5405132769999, -63.538392701, -63.536908453, -63.53618671, -63.535602645, -63.53479123, -63.5311281049999, -63.5304540399999, -63.5281591119999, -63.5267904699999, 
-63.5191266099999, -63.5167076119999, -63.513404007, -63.509343015, -63.507156228, -63.503854699, -63.5016813339999, -63.5002900759999, -63.496266481, -63.495344226, -63.494430697, -63.4918495769999, -63.490705755, -63.488012298, -63.487266111, -63.4862633929999, -63.485416932, -63.483515548, -63.4829597199999, -63.482156655, -63.481101826, -63.480044892, -63.479150056, -63.477232616, -63.474289802, -63.4667908229999, -63.4654630719999, -63.461374682, -63.453345031, -63.4503252769999, -63.447581946, 
-63.444485, -63.442230811, -63.4413153419999, -63.43898453, -63.438120163, -63.4358740229999, -63.434012603, -63.4330979969999, -63.431678567, -63.4307616279999, -63.42823228, -63.427325987, -63.424594325, -63.423743964, -63.422154013, -63.4208212069999, -63.4197646819999, -63.418987627, -63.417931428, -63.415127074, -63.4144413349999, -63.4138728419999, -63.4127349269999, -63.411486826, -63.4101017299999, -63.407907435, -63.4036268909999, -63.4025420149999, -63.400287901, -63.3964567529999, -63.39461707, 
-63.3913609649999, -63.388098484, -63.3862110739999, -63.385124514, -63.3841758049999, -63.3835380889999, -63.383261763, -63.3832403659999, -63.3844561459999, -63.384432879, -63.384019476, -63.3832956079999, -63.3794547999999, -63.377542086, -63.376491513, -63.3745083499999, -63.3736214749999, -63.3698173069999, -63.3673468659999, -63.366427963, -63.364234469, -63.3633227999999, -63.362710417, -63.359791935, -63.356852495, -63.355745802, -63.355097561, -63.353322136, -63.352331164, -63.349155782, 
-63.348120224, -63.3438738609999, -63.3422668479999, -63.341350771, -63.339122491, -63.3375468739999, -63.337230012, -63.335571589, -63.3347932149999, -63.3337394689999, -63.3290990259999, -63.3280127689999, -63.327815759, -63.328259156, -63.329096214, -63.329624715, -63.332404797, -63.334734987, -63.3353988759999, -63.334930618, -63.3322377799999, -63.331317075, -63.329988569, -63.328999563, -63.328090488, -63.3271954259999, -63.3263145929999, -63.324925935, -63.323820166, -63.321651986, -63.3205970179999, 
-63.3198201739999, -63.319823195, -63.320738615, -63.3205952669999, -63.320047013, -63.317262365, -63.314428451, -63.3135384029999, -63.311621953, -63.3108974849999, -63.310098625, -63.309487383, -63.307572526, -63.3054616519999, -63.303955112, -63.302901686, -63.3024870849999, -63.302456574, -63.302761752, -63.303902285, -63.3048056259999, -63.306317587, -63.3064567069999, -63.3061209379999, -63.305306269, -63.3032404589999, -63.299076048, -63.2974257129999, -63.296797344, -63.291236138, -63.2906209349999, 
-63.2896848359999, -63.2887148549999, -63.2873191469999, -63.278855692, -63.2742408999999, -63.271119684, -63.269345603, -63.2674872999999, -63.260013091, -63.2550951819999, -63.2540398959999, -63.251816549, -63.250045249, -63.247204783, -63.2454064279999, -63.2438143759999, -63.2422683349999, -63.241820643, -63.2385425569999, -63.237261684, -63.2365675279999, -63.2362084229999, -63.2360394699999, -63.2353213019999, -63.2347068129999, -63.233272455, -63.2312353199999, -63.230455805, -63.229317049, 
-63.228258738, -63.2248938359999, -63.220543821, -63.217624504, -63.2168449459999, -63.2159291829999, -63.2143159699999, -63.2136815509999, -63.2117610119999, -63.2101295449999, -63.209272115, -63.207596581, -63.2065104709999, -63.2051443879999, -63.2025810069999, -63.198165724, -63.1954614969999, -63.1919861619999, -63.1891466309999, -63.1882641229999, -63.1855689189999, -63.1848196969999, -63.178901197, -63.176795835, -63.176128669, -63.1756500579999, -63.173737746, -63.171547187, -63.170371262, 
-63.168344952, -63.165877693, -63.1629068729999, -63.1559780659999, -63.1534335919999, -63.1497067549999, -63.148935746, -63.1472927839999, -63.146732703, -63.1444020749999, -63.141517074, -63.1404868919999, -63.13993049, -63.139208911, -63.138993069, -63.140816467, -63.1438819959999, -63.1443976919999, -63.1447660139999, -63.145225555, -63.147008892, -63.1479423069999, -63.1497893869999, -63.150097472, -63.1501213829999, -63.150323062, -63.150208554, -63.1496779359999, -63.14840294, -63.1460558309999, 
-63.1442647539999, -63.1422137659999, -63.14059911, -63.139806717, -63.139561605, -63.1397646189999, -63.1408646519999, -63.141324808, -63.14115323, -63.1394798119999, -63.138268738, -63.135556868, -63.1337135519999, -63.1318940589999, -63.12485852, -63.1212894429999, -63.117542481, -63.114248037, -63.1126910969999, -63.111595639, -63.110761379, -63.1107059239999, -63.110875719, -63.1115100279999, -63.1135123589999, -63.114848428, -63.116789944, -63.117789338, -63.11832365, -63.1178973849999, -63.1174079309999, 
-63.1147070509999, -63.111209575, -63.1100942319999, -63.108904525, -63.1080372449999, -63.10709227, -63.105488898, -63.1033208249999, -63.1026498249999, -63.1023468889999, -63.1018138999999, -63.1015086359999, -63.1008969869999, -63.1005149369999, -63.1000105349999, -63.0977421529999, -63.0974643029999, -63.096844065, -63.096014372, -63.0959558279999, -63.0970100499999, -63.098179812, -63.099071838, -63.099683668, -63.1001490629999, -63.1007065439999, -63.1018429299999, -63.1019877929999, -63.1020146959999, 
-63.1015710989999, -63.100789951, -63.09968485, -63.0980406369999, -63.0979409529999, -63.097184384, -63.097152351, -63.095597881, -63.0940119759999, -63.093020676, -63.092616626, -63.089541857, -63.087223975, -63.085126157, -63.079929334, -63.078481451, -63.077694871, -63.0745455489999, -63.0729572589999, -63.071119017, -63.0697885409999, -63.0675028809999, -63.064291704, -63.0630050929999, -63.0600384319999, -63.0520421819999, -63.049427562, -63.045341818, -63.03704194, -63.030009027, -63.025209694, 
-63.022958724, -63.021806472, -63.019096501, -63.017985998, -63.0166267079999, -63.0150155799999, -63.012651092, -63.011656627, -63.0107421319999, -63.0090705909999, -63.00803737, -63.007268706, -63.0054866229999, -63.003433364, -63.0011766629999, -62.992065843, -62.9865130219999, -62.9827899599999, -62.9720712049999, -62.9688453229999, -62.9661496949999, -62.960371678, -62.9597679599999, -62.951762022, -62.945682495, -62.940066863, -62.936712363, -62.933038563, -62.927293231, -62.9212322809999, 
-62.916069592, -62.912847222, -62.9088769399999, -62.902487056, -62.893961696, -62.885455738, -62.877401843, -62.8707329599999, -62.863508802, -62.8566256089999, -62.8519311359999, -62.8448434549999, -62.8379556099999, -62.8352876049999, -62.8306746489999, -62.829313274, -62.8245420309999, -62.81295922, -62.802568839, -62.80065139, -62.7987322429999, -62.7931184459999, -62.7859533939999, -62.7837113419999, -62.7803423, -62.775763119, -62.7704037399999, -62.764727933, -62.757985692, -62.752001918, 
-62.7434298689999, -62.738260689, -62.732622062, -62.727703094, -62.728125199, -62.728204531, -62.731286832, -62.73687159, -62.740816283, -62.7439539069999, -62.7546792759999, -62.755509824, -62.752928451, -62.745040793, -62.740182493, -62.7354605879999, -62.728957, -62.725010005, -62.72342965, -62.7191300159999, -62.7130696009999, -62.70172986, -62.6945418589999, -62.6915704419999, -62.6794280359999, -62.669154019, -62.665207363, -62.659264208, -62.6550107729999, -62.653016515, -62.651619883, -62.650731118, 
-62.6469051379999, -62.64359833, -62.640200559, -62.6377594249999, -62.6345903919999, -62.6338441179999, -62.6314892769999, -62.6254801109999, -62.625206799, -62.618985159, -62.614929983, -62.6095640839999, -62.6077076719999, -62.6052403469999, -62.599736052, -62.5919033869999, -62.58950628, -62.5856000919999, -62.584013031, -62.581987275, -62.5772031189999, -62.571093087, -62.5653761129999, -62.559953544, -62.555340086, -62.55145198, -62.5438748449999, -62.5418162989999, -62.538038036, -62.534515068, 
-62.5307061889999, -62.5270431339999, -62.520794182, -62.5195032039999, -62.517422916, -62.511870855, -62.5087281949999, -62.508728933, -62.50823371, -62.508013716, -62.505701291, -62.5008464759999, -62.4968704889999, -62.496843423, -62.494700084, -62.4929582769999, -62.489815721, -62.487840562, -62.4889591419999, -62.487758828, -62.486571287, -62.486510323, -62.487760408, -62.49062177, -62.49159723, -62.489958384, -62.489924861, -62.4868690439999, -62.479512331, -62.4778026449999, -62.476608657, 
-62.4773291779999, -62.476066715, -62.476778481, -62.476761654, -62.479907741, -62.478621311, -62.4774881769999, -62.465475166, -62.4646917519999, -62.464222026, -62.464904998, -62.464788056, -62.46395948, -62.463493555, -62.462834287, -62.462642288, -62.461408848, -62.460960828, -62.4570959859999, -62.455474048, -62.4549638569999, -62.454349579, -62.4539461809999, -62.453785527, -62.4533123759999, -62.4530966959999, -62.4537448339999, -62.453911971, -62.4541685729999, -62.4544856249999, -62.456933288, 
-62.459923963, -62.4593493609999, -62.4628163519999, -62.4646770069999, -62.466375754, -62.4659520419999, -62.465456897, -62.467207849, -62.468985976, -62.4680990179999, -62.468069451, -62.470319397, -62.471817447, -62.475594317, -62.4765651749999, -62.4773163309999, -62.477784324, -62.4800961279999, -62.480538614, -62.479930243, -62.4789035039999, -62.4785712359999, -62.4785973989999, -62.4794890589999, -62.47950943, -62.481542155, -62.482177806, -62.4834319829999, -62.48423366, -62.486793811, -62.48820661, 
-62.4876230019999, -62.4885710269999, -62.490237063, -62.4930300789999, -62.494515228, -62.494212407, -62.4952052, -62.4957039239999, -62.495736031, -62.497150112, -62.4985357289999, -62.5008757039999, -62.502427486, -62.504199848, -62.507289051, -62.5145731619999, -62.5165349339999, -62.516513816, -62.51765045, -62.5191215179999, -62.520045431, -62.5201764379999, -62.5209793669999, -62.522024589, -62.523038215, -62.5268137009999, -62.5279878379999, -62.529592187, -62.53115045, -62.5341570669999, 
-62.5353752889999, -62.536735408, -62.537925596, -62.5388717849999, -62.5411731439999, -62.5406270389999, -62.542506821, -62.5442322, -62.545099626, -62.545178587, -62.547404151, -62.546512545, -62.545792932, -62.546151502, -62.54673317, -62.546952021, -62.545260455, -62.545206544, -62.549316721, -62.551010854, -62.551682241, -62.5532390309999, -62.5551770719999, -62.555268105, -62.5581798419999, -62.559214096, -62.5621880959999, -62.563237242, -62.563871753, -62.5649835719999, -62.5664874079999, 
-62.5673678449999, -62.569653571, -62.5693158289999, -62.572264999, -62.5732403209999, -62.57584938, -62.577095793, -62.577986879, -62.578981733, -62.581013781, -62.5817379059999, -62.5830377879999, -62.584154669, -62.5852889219999, -62.585124933, -62.586453191, -62.5885383539999, -62.590901624, -62.592709094, -62.5938503799999, -62.596233394, -62.597845955, -62.598957716, -62.6018197659999, -62.603343633, -62.602652535, -62.6028785679999, -62.6049008999999, -62.6074021559999, -62.6078763, -62.610207286, 
-62.611457889, -62.611373489, -62.6101500749999, -62.606536227, -62.606792678, -62.6099267369999, -62.6063219319999, -62.607297281, -62.608541469, -62.6084841809999, -62.606352495, -62.609851102, -62.608321466, -62.60909365, -62.6067646039999, -62.607123275, -62.60512891, -62.604622263, -62.60609823, -62.6077627809999, -62.608576337, -62.6126833599999, -62.6139266299999, -62.611429357, -62.6110165119999, -62.6068149809999, -62.609794248, -62.6085119999999, -62.608205863, -62.6080428449999, -62.606626405, 
-62.6054547349999, -62.606119635, -62.603815246, -62.6047310909999, -62.6031272389999, -62.604428993, -62.602514415, -62.603097335, -62.60396236, -62.6085183399999, -62.6110186259999, -62.612708992, -62.6148517619999, -62.6145445979999, -62.6187421009999, -62.6209572349999, -62.6204850229999, -62.618537532, -62.616514164, -62.614515988, -62.616511896, -62.614544423, -62.614960457, -62.616037799, -62.6158761149999, -62.6150135949999, -62.612982364, -62.6154579729999, -62.6155406899999, -62.6175978639999, 
-62.622098011, -62.624039243, -62.626707024, -62.627648642, -62.6295173769999, -62.630961411, -62.6343529279999, -62.633544512, -62.6355191279999, -62.6392374219999, -62.638045097, -62.639127124, -62.6395981059999, -62.64092976, -62.639518045, -62.6392977519999, -62.6402044479999, -62.641239667, -62.642522874, -62.64389154, -62.64389276, -62.6447600669999, -62.6478583559999, -62.6687842779999, -62.699920205, -62.710187041, -62.73131945, -62.731644934, -62.731534161, -62.731856164, -62.7333897199999, 
-62.735039394, -62.7363558379999, -62.739974784, -62.743054677, -62.745799621, -62.7471172579999, -62.748657037, -62.751949052, -62.754911994, -62.757436328, -62.75842138, -62.758418976, -62.758855782, -62.7598427419999, -62.761488804, -62.763793886, -62.763574744, -62.7640091969999, -62.764120007, -62.7658015869999, -62.765517783, -62.766303316, -62.7681245789999, -62.773399565, -62.7784818929999, -62.783151279, -62.7887357819999, -62.7933241419999, -62.7988533749999, -62.80204616, -62.8070931729999, 
-62.8105173659999, -62.813935725, -62.820265943, -62.8289874209999, -62.833936718, -62.8379033319999, -62.841264891, -62.846763336, -62.8520428849999, -62.85562645, -62.862374647, -62.871020635, -62.880935398, -62.8860145979999, -62.8935872499999, -62.9047356609999, -62.9115440839999, -62.9152421109999, -62.9202421919999, -62.9258504159999, -62.9311231469999, -62.936269584, -62.938962868, -62.9425134939999, -62.947516274, -62.9489017759999, -62.9538830559999, -62.9538856409999, -62.9538885369999, 
-62.9539187399999, -62.957320329, -62.9582499749999, -62.9587181359999, -62.959601135, -62.965209019, -62.9698208029999, -62.9740122979999, -62.97943083, -62.984663804, -62.988297612, -62.9943481649999, -62.9980470579999, -63.006375339, -63.007569566, -63.010264971, -63.0120761949999, -63.0138225159999, -63.016814968, -63.0198217, -63.0227764099999, -63.0237544609999, -63.02690543, -63.028293316, -63.0302960799999, -63.031520041, -63.0329615309999, -63.034012707, -63.036268233, -63.0376063179999, 
-63.038904671, -63.0397941049999, -63.042546555, -63.045884625, -63.048547293, -63.0518208809999, -63.0551321039999, -63.057065094, -63.0596761209999, -63.06063126, -63.068761735, -63.073849493, -63.0794772099999, -63.083028825, -63.0854233969999, -63.0872695029999, -63.089713245, -63.096572777, -63.0978814499999, -63.103629366, -63.1047388649999, -63.105951421, -63.1112462289999, -63.112211758, -63.1143226089999, -63.1165937329999, -63.1186811429999, -63.1200473679999, -63.124630295, -63.128881628, 
-63.1295648099999, -63.130379384, -63.1299125869999, -63.12848947, -63.128600658, -63.129851962, -63.1295710849999, -63.1285170059999, -63.128406825, -63.1287166369999, -63.128546635, -63.126764195, -63.126257794, -63.1255439, -63.124098037, -63.1241028149999, -63.123714868, -63.1225743059999, -63.121657978, -63.121520978, -63.1217414909999, -63.1215953239999, -63.1193817079999, -63.118994038, -63.119440525, -63.120820813, -63.121976821, -63.1218175779999, -63.1206825749999, -63.1191608759999, -63.11876399, 
-63.1186601859999, -63.119296325, -63.118601422, -63.118684577, -63.1180767289999, -63.117494358, -63.1166282419999, -63.116043967, -63.115012316, -63.114234093, -63.1134617109999, -63.1122916839999, -63.112152395, -63.1124881479999, -63.113520247, -63.115205522, -63.116127408, -63.1163334209999, -63.116634248, -63.1175732979999, -63.1184384059999, -63.1188742539999, -63.119375244, -63.1199912869999, -63.120520164, -63.1208462939999, -63.1214645209999, -63.122209169, -63.1220995419999, -63.120955821, 
-63.1195716659999, -63.1189622769999, -63.118206248, -63.116931463, -63.11640442, -63.116401701, -63.1168164259999, -63.118071607, -63.1183435569999, -63.1181582999999, -63.118902374, -63.119958799, -63.1213795259999, -63.123017021, -63.123987845, -63.1245910269999, -63.12427122, -63.123349651, -63.120964621, -63.120661856, -63.1221279589999, -63.122234927, -63.123065577, -63.12448888, -63.1256798269999, -63.125964341, -63.1273492519999, -63.127686473, -63.1276794179999, -63.127072906, -63.125825162, 
-63.124549881, -63.125009604, -63.1272094609999, -63.1275164429999, -63.127573114, -63.127209275, -63.126432675, -63.1256852329999, -63.1245717359999, -63.1236866639999, -63.1214311379999, -63.1205399559999, -63.1179349449999, -63.117376007, -63.1175172169999, -63.118656172, -63.1189566209999, -63.118934079, -63.119032259, -63.1190981729999, -63.120431561, -63.121238408, -63.122433197, -63.1222653159999, -63.1223721009999, -63.1220210399999, -63.1215117859999, -63.1202178249999, -63.1186582769999, 
-63.1180213389999, -63.117291061, -63.11565843, -63.1150441909999, -63.11382645, -63.112793655, -63.1112915069999, -63.110796736, -63.1112913959999, -63.112234047, -63.112959746, -63.113377574, -63.1129353919999, -63.1120503039999, -63.110988896, -63.110208986, -63.108165776, -63.10610138, -63.1036807209999, -63.100074954, -63.0987358249999, -63.097903559, -63.097410908, -63.097741656, -63.0984652559999, -63.098959172, -63.0991313959999, -63.100032111, -63.100655984, -63.101098666, -63.1019897679999, 
-63.10282046, -63.103319091, -63.103599316, -63.1039645509999, -63.103850909, -63.102692111, -63.10174026, -63.0998202809999, -63.0983466509999, -63.0973762489999, -63.096182104, -63.0949079759999, -63.0936808609999, -63.09324397, -63.093603416, -63.093660615, -63.091459995, -63.0904594209999, -63.089822466, -63.088766257, -63.0875412689999, -63.08704352, -63.08607403, -63.0849329099999, -63.0839214929999, -63.083440443, -63.084598597, -63.0854294809999, -63.085794877, -63.0857952229999, -63.084860518, 
-63.084547719, -63.083597904, -63.082407262, -63.080902731, -63.078795038, -63.0781782349999, -63.0766786289999, -63.075567298, -63.075704873, -63.0737109309999, -63.0726727789999, -63.069767299, -63.0647056939999, -63.063681762, -63.0620745359999, -63.061817195, -63.061988217, -63.06262351, -63.0623546719999, -63.061603704, -63.060196489, -63.058821208, -63.056737733, -63.055616543, -63.0536533589999, -63.0518453829999, -63.051254501, -63.0483184209999, -63.0477943749999, -63.0467135719999, -63.0464366459999, 
-63.046449714, -63.0467660499999, -63.047818382, -63.048985452, -63.049513905, -63.049268772, -63.0485470739999, -63.047824874, -63.047044584, -63.046629142, -63.0457365439999, -63.04531939, -63.0446846969999, -63.0444303069999, -63.0439640019999, -63.043321787, -63.042952922, -63.042435212, -63.041993001, -63.041265018, -63.040905296, -63.0407322649999, -63.0400217599999, -63.03882285, -63.0381287599999, -63.0370459259999, -63.0368194919999, -63.037099444, -63.038377533, -63.0387666199999, -63.0385993599999, 
-63.0379879619999, -63.036771354, -63.0361827799999, -63.035878451, -63.036487162, -63.03526698, -63.034739366, -63.0324838909999, -63.031988637, -63.0310783149999, -63.028627359, -63.0283494, -63.028384601, -63.0302594929999, -63.0306030889999, -63.030599439, -63.02977175, -63.0287127079999, -63.0273334059999, -63.0260934709999, -63.02153829, -63.020264147, -63.020516353, -63.0215126219999, -63.021430347, -63.020347019, -63.016561647, -63.0136799889999, -63.013153692, -63.0127438809999, -63.012850808, 
-63.013573537, -63.014130284, -63.0163520069999, -63.017374815, -63.017349711, -63.0170731529999, -63.017071491, -63.016847309, -63.0151787669999, -63.012794404, -63.011732728, -63.0104308269999, -63.009735506, -63.00878176, -63.0076632609999, -63.004174167, -63.002125942, -63.0004074519999, -63.0004853629999, -62.993539357, -62.9920670939999, -62.991793922, -62.990794512, -62.9890958349999, -62.9878795319999, -62.984157199, -62.9767637849999, -62.973408035, -62.972150797, -62.9702651069999, -62.965686487, 
-62.964011963, -62.961989625, -62.9597055899999, -62.9597940399999, -62.96018213, -62.959232855, -62.9585712899999, -62.9575103459999, -62.9568216069999, -62.9566798279999, -62.957011902, -62.956295899, -62.95548756, -62.9545164199999, -62.952042948, -62.9517591749999, -62.949713715, -62.947271364, -62.9439527329999, -62.9428892879999, -62.9405468369999, -62.939570649, -62.938678528, -62.935818333, -62.931851432, -62.9305731649999, -62.929044039, -62.9278444769999, -62.9262066639999, -62.9250109229999, 
-62.9246208399999, -62.9218150069999, -62.921574247, -62.919627902, -62.918406594, -62.9180428669999, -62.9184887249999, -62.917094475, -62.91526113, -62.9142343779999, -62.914092108, -62.9133232339999, -62.9122643869999, -62.9112101429999, -62.9086685749999, -62.9070453199999, -62.9072343729999, -62.907596665, -62.904794792, -62.9039347519999, -62.903898641, -62.902344262, -62.9018598719999, -62.9004564199999, -62.899566069, -62.898431336, -62.8969873489999, -62.8961541609999, -62.8960736669999, 
-62.892931017, -62.890845712, -62.8901009829999, -62.891510827, -62.892874531, -62.894824636, -62.8948758099999, -62.8931797629999, -62.892327028, -62.8910168539999, -62.889068701, -62.8872607099999, -62.885601469, -62.8862099139999, -62.886353023, -62.8842121919999, -62.881436545, -62.881121311, -62.881017821, -62.8807094149999, -62.879769736, -62.878792431, -62.8792870389999, -62.8786795309999, -62.876713566, -62.875317394, -62.8739862309999, -62.873513499, -62.872738591, -62.8743664019999, -62.873100197, 
-62.872205803, -62.8684540119999, -62.86598472, -62.865767601, -62.8659804069999, -62.8667353539999, -62.8671557329999, -62.8667085529999, -62.8657046439999, -62.863737496, -62.8599628379999, -62.8590954049999, -62.8588172779999, -62.8577592629999, -62.856291905, -62.8540167359999, -62.8538536199999, -62.8520119209999, -62.850993928, -62.850463205, -62.850736307, -62.8499322929999, -62.8499326229999, -62.8513164049999, -62.85137448, -62.8510381929999, -62.849962037, -62.8501023159999, -62.8484926689999, 
-62.848489413, -62.848759533, -62.848207233, -62.845843106, -62.842124617, -62.840600798, -62.839563531, -62.838822497, -62.8376291719999, -62.8374911579999, -62.8390187299999, -62.840350313, -62.8412075349999, -62.8418707739999, -62.842922003, -62.846176894, -62.847124165, -62.8467219939999, -62.846017831, -62.847171987, -62.8489015, -62.8527114719999, -62.853846577, -62.854153704, -62.854122446, -62.856153659, -62.857322089, -62.8578179819999, -62.856876062, -62.8565102279999, -62.8577126749999, 
-62.859648556, -62.860779041, -62.8600273239999, -62.859932557, -62.8607099159999, -62.8625741819999, -62.8662080979999, -62.867844033, -62.8701507549999, -62.872904827, -62.875763337, -62.8791304589999, -62.881599592, -62.88304226, -62.884433709, -62.885987065, -62.886955803, -62.8883150739999, -62.889792544, -62.8959009059999, -62.898290693, -62.902205677, -62.904907411, -62.908238803, -62.912182688, -62.914129916, -62.915376083, -62.9172358159999, -62.920209673, -62.923194887, -62.9251998639999, 
-62.9269279109999, -62.928323343, -62.929706046, -62.9319861489999, -62.933989664, -62.937850396, -62.946220946, -62.954043888, -62.957504507, -62.9600430799999, -62.96170936, -62.9636567649999, -62.969069147, -62.975625683, -62.9790974919999, -62.983316828, -62.987344496, -62.990759116, -62.991116862, -62.9908189089999, -62.99087815, -62.9902649689999, -62.9904631809999, -62.990983299, -62.9919060519999, -62.9940927769999, -62.994319552, -62.993460113, -62.993454649, -62.9971888509999, -62.99817571, 
-62.998207976, -62.9983779839999, -62.997046392, -62.9952907829999, -62.993875119, -62.9930440939999, -62.992610995, -62.9907961919999, -62.989940373, -62.989453919, -62.988656463, -62.98704713, -62.9853433159999, -62.981569359, -62.97779339, -62.9746204829999, -62.9728224139999, -62.9709558429999, -62.970814471, -62.9713796379999, -62.9720453129999, -62.971934151, -62.971317071, -62.9702642899999, -62.968789008, -62.9686591569999, -62.9690975409999, -62.970288256, -62.973875793, -62.9757379489999, 
-62.977565586, -62.9790977529999, -62.9815141179999, -62.98332108, -62.9877379879999, -62.988435521, -62.991157861, -62.992194307, -62.995959151, -62.9974613139999, -63.001454885, -63.002370659, -63.0035416119999, -63.005514928, -63.0067651399999, -63.0095918, -63.011412964, -63.015285584, -63.0172673489999, -63.019822728, -63.0223203669999, -63.0251767409999, -63.0316292899999, -63.0349837569999, -63.037879505, -63.040519907, -63.043734238, -63.047371818, -63.048232787, -63.0481282939999, -63.047460128, 
-63.0475985749999, -63.04884673, -63.052987129, -63.0546826779999, -63.0569284809999, -63.057682266, -63.0568745569999, -63.055323168, -63.054846169, -63.0555456909999, -63.063260011, -63.065962909, -63.069963215, -63.0752630599999, -63.0765727599999, -63.077653213, -63.078324518, -63.080656409, -63.083931878, -63.0862894399999, -63.087487782, -63.0874840659999, -63.088652144, -63.0902066759999, -63.0932109039999, -63.09579544, -63.0985824329999, -63.1013531849999, -63.103453425, -63.1052638229999, 
-63.1074601069999, -63.1082008119999, -63.1094363719999, -63.111460086, -63.113318426, -63.1154263399999, -63.119705219, -63.12140363, -63.1199316199999, -63.1185926489999, -63.1174853529999, -63.116907965, -63.1167906199999, -63.117152856, -63.1181215939999, -63.119010752, -63.1228465259999, -63.122372339, -63.1235458909999, -63.1258784019999, -63.131014287, -63.1331018039999, -63.1350662449999, -63.135679464, -63.135820627, -63.1345753299999, -63.1345980329999, -63.135153061, -63.136795667, -63.1383221, 
-63.140484415, -63.143125266, -63.1453807179999, -63.147211994, -63.148102531, -63.1508190529999, -63.1541251419999, -63.1560111909999, -63.1577888099999, -63.1578434909999, -63.1591265569999, -63.160317687, -63.1627717229999, -63.166430766, -63.1674614299999, -63.1684867769999, -63.170288182, -63.1732048329999, -63.174906549, -63.1767906869999, -63.179520778, -63.178783877, -63.1783476349999, -63.179711383, -63.18002684, -63.1831859149999, -63.1831885569999, -63.185924513, -63.190554231, -63.195392449, 
-63.1981280779999, -63.201704167, -63.204860673, -63.21159119, -63.2153785319999, -63.22063878, -63.226317671, -63.2305252029999, -63.233259085, -63.235995131, -63.240383647, -63.258600728, -63.2726705759999, -63.272837531, -63.2734789959999, -63.273694292, -63.274619866, -63.276473311, -63.2770421749999, -63.278893233, -63.2795344339999, -63.281599414, -63.282883964, -63.283953492, -63.284167407, -63.285230755, -63.289791995, -63.291785257, -63.2934928179999, -63.29399102, -63.296835826, -63.2981944459999, 
-63.299541823, -63.299763527, -63.3005623799999, -63.301409591, -63.302821463, -63.3070865139999, -63.308462405, -63.312219785, -63.313565953, -63.314395313, -63.315403239, -63.3175424639999, -63.320170512, -63.3248749829999, -63.325654833, -63.3273375609999, -63.327768732, -63.3300037029999, -63.330081695, -63.332106516, -63.3325716219999, -63.333611007, -63.3352639639999, -63.335982457, -63.337210445, -63.3398988019999, -63.3401461089999, -63.342595358, -63.3451654869999, -63.347086222, -63.3479410309999, 
-63.349508338, -63.3517136529999, -63.3537064609999, -63.355341021, -63.3566468889999, -63.356968786, -63.357177333, -63.357699665, -63.3579738539999, -63.358239401, -63.3600669949999, -63.3610718089999, -63.36231003, -63.3643102359999, -63.3644501339999, -63.365302587, -63.366029555, -63.36670019, -63.370151587, -63.3704493379999, -63.370703604, -63.3717751949999, -63.3715679679999, -63.371579324, -63.37212332, -63.3723441739999, -63.372921953, -63.373125358, -63.3737005789999, -63.3742709009999, 
-63.374060055, -63.3746296609999, -63.37534162, -63.3754804289999, -63.37654925, -63.376961845, -63.3771188909999, -63.378394494, -63.3808940769999, -63.3811031829999, -63.3828949999999, -63.383530004, -63.385234779, -63.387350343, -63.388226918, -63.38908198, -63.3896504999999, -63.3902902829999, -63.3911421409999, -63.3914311359999, -63.392145237, -63.393417516, -63.39399825, -63.394422072, -63.3953484199999, -63.3962736619999, -63.3970570379999, -63.3966327799999, -63.3970590559999, -63.399048916, 
-63.3990495439999, -63.399616643, -63.400115316, -63.40018617, -63.40132443, -63.4018220609999, -63.403102743, -63.403742525, -63.404030665, -63.403959722, -63.4053818759999, -63.408590736, -63.409942523, -63.4106544329999, -63.4119362259999, -63.4161366849999, -63.417487915, -63.418199377, -63.419268403, -63.419057166, -63.420482374, -63.4219077109999, -63.4227628789999, -63.4239010289999, -63.4239652999999, -63.424573628, -63.4250099409999, -63.425682347, -63.427601747, -63.4278875959999, -63.428630106, 
-63.429295737, -63.4304058709999, -63.432402037, -63.4342951619999, -63.434261737, -63.4346367539999, -63.434866206, -63.4359330569999, -63.436641218, -63.4386962709999, -63.439989278, -63.441269924, -63.442480183, -63.4445419589999, -63.446464637, -63.447035719, -63.449099531, -63.450401802, -63.451947677, -63.4552111959999, -63.455715894, -63.4576365279999, -63.4587036349999, -63.4591293729999, -63.4610485159999, -63.4624734979999, -63.463683342, -63.464394097, -63.465459969, -63.4664546159999, 
-63.468231663, -63.4695129419999, -63.470291873, -63.472129636, -63.4725541069999, -63.4739751969999, -63.4772193999999, -63.479004784, -63.4798759779999, -63.481943191, -63.4832284599999, -63.4855054229999, -63.485862394, -63.486930671, -63.4890637459999, -63.491267431, -63.4926910979999, -63.494258681, -63.494261992, -63.4946206779999, -63.495404012, -63.496472527, -63.4973251599999, -63.4986133229999, -63.499255459, -63.501828124, -63.5042306549999, -63.505622098, -63.50616977, -63.5065290279999, 
-63.507491059, -63.5083783869999, -63.5079609599999, -63.508461466, -63.5095256869999, -63.510238483, -63.511518701, -63.511450956, -63.512022267, -63.513306614, -63.514231702, -63.514376128, -63.5132378529999, -63.5125993899999, -63.514078895, -63.5170140279999, -63.517784667, -63.517730763, -63.518446022, -63.519772713, -63.520042925, -63.5200168369999, -63.5193769249999, -63.5198764119999, -63.5224043519999, -63.523148395, -63.523146601, -63.524144478, -63.524967265, -63.526282825, -63.5271393509999, 
-63.528138103, -63.529421043, -63.53133912, -63.53334203, -63.5348369999999, -63.536219992, -63.536900639, -63.537470362, -63.537474673, -63.538328022, -63.5393259579999, -63.5402526269999, -63.540679376, -63.540621211, -63.5409718879999, -63.542113762, -63.544748575, -63.545457973, -63.545880037, -63.5466265269999, -63.549236582, -63.5506305099999, -63.5513822099999, -63.552459273, -63.552906848, -63.552785763, -63.5530749189999, -63.554334342, -63.555848322, -63.5572012319999, -63.5579140549999, 
-63.5579898939999, -63.55905682, -63.561048711, -63.562688399, -63.5633305009999, -63.5634754969999, -63.562693697, -63.563407634, -63.5644749749999, -63.565541424, -63.566180971, -63.567674365, -63.569171623, -63.570881756, -63.572452105, -63.5755819119999, -63.5784330559999, -63.5799949349999, -63.5819155129999, -63.583701034, -63.586404122, -63.5892665539999, -63.590602083, -63.591736608, -63.592667579, -63.594512871, -63.596006877, -63.5977863339999, -63.599515272, -63.601202436, -63.6025515189999, 
-63.6041873189999, -63.604836207, -63.603074879, -63.601377643, -63.60035852, -63.598904421, -63.598660407, -63.598960136, -63.599686853, -63.603212201, -63.605014438, -63.605264561, -63.6051327429999, -63.6055449839999, -63.6064617959999, -63.6077681909999, -63.608345769, -63.608352699, -63.60776548, -63.607018276, -63.6051867829999, -63.6046305359999, -63.60448733, -63.604631645, -63.60499437, -63.606576708, -63.6088501889999, -63.610262423, -63.613825151, -63.614736717, -63.61552005, -63.615680194, 
-63.615428747, -63.6134027509999, -63.612989018, -63.61304174, -63.613580321, -63.614491131, -63.6147238789999, -63.616075467, -63.616969602, -63.6183241919999, -63.6196857179999, -63.6212970369999, -63.6224110759999, -63.623022351, -63.623294351, -63.623271598, -63.6222966409999, -63.6210973019999, -63.620154253, -63.618519583, -63.615187249, -63.613437895, -63.6123746939999, -63.6119618939999, -63.6125204359999, -63.615104952, -63.6162975299999, -63.6163236989999, -63.615768046, -63.614903971, 
-63.6117429729999, -63.610901277, -63.610686695, -63.610685438, -63.6109759949999, -63.6127062669999, -63.61270802, -63.6121610749999, -63.611322773, -63.6100537109999, -63.607998266, -63.60681813, -63.6063181889999, -63.6049901429999, -63.6041604749999, -63.6030870329999, -63.6006600469999, -63.5983734449999, -63.596125066, -63.5951018059999, -63.5945173549999, -63.5953181579999, -63.5967898599999, -63.5981340499999, -63.600505143, -63.602686974, -63.603209563, -63.604741829, -63.605335378, -63.60616087, 
-63.6071520289999, -63.611989718, -63.6153641919999, -63.6163559059999, -63.617050068, -63.6170750899999, -63.616015029, -63.6155443739999, -63.614513319, -63.613462418, -63.612410477, -63.6114051159999, -63.6094104259999, -63.607984744, -63.6074074429999, -63.608298163, -63.608294595, -63.607127665, -63.6060723889999, -63.60488099, -63.6041809629999, -63.6039609859999, -63.60468138, -63.60510572, -63.605127233, -63.605484952, -63.605350363, -63.604680315, -63.6028818949999, -63.601681634, -63.5987694239999, 
-63.598627644, -63.599291895, -63.599156619, -63.598713056, -63.597714627, -63.5961599699999, -63.594682423, -63.593351561, -63.592296365, -63.59160166, -63.591748023, -63.5927959179999, -63.5934024169999, -63.594217411, -63.5966862739999, -63.5977931, -63.5998301209999, -63.600043126, -63.600002408, -63.599484748, -63.598739915, -63.596293831, -63.595744093, -63.5959577909999, -63.596462382, -63.598541441, -63.59984695, -63.601377439, -63.6020759369999, -63.6022121729999, -63.601736221, -63.600818106, 
-63.5994905379999, -63.5992726659999, -63.5983528029999, -63.597517427, -63.5954087759999, -63.5951049959999, -63.593903924, -63.593273481, -63.5924285409999, -63.5904827129999, -63.589486769, -63.5879328669999, -63.585969544, -63.584393506, -63.582265105, -63.581261873, -63.5803476259999, -63.5804638769999, -63.5809898689999, -63.5820167329999, -63.582128359, -63.581102115, -63.580067548, -63.5763183529999, -63.5728477929999, -63.570800268, -63.569875172, -63.5688231679999, -63.567846051, -63.5669880729999, 
-63.565521282, -63.56454738, -63.563575761, -63.5628451319999, -63.5622658499999, -63.5615697339999, -63.560595113, -63.559882159, -63.558881786, -63.557051665, -63.556020791, -63.555047414, -63.554319351, -63.553042214, -63.552241435, -63.551180796, -63.55021345, -63.5491784089999, -63.5488527959999, -63.549240988, -63.550014742, -63.551928941, -63.5531682849999, -63.5533175789999, -63.5539048959999, -63.556284954, -63.5574661999999, -63.557489319, -63.5565195169999, -63.555129225, -63.554267035, 
-63.5535343559999, -63.552851146, -63.5521841389999, -63.551352352, -63.5493668779999, -63.5487251259999, -63.5492403899999, -63.549236509, -63.548767974, -63.5478492029999, -63.5471560709999, -63.546044275, -63.545461235, -63.544183199, -63.540916134, -63.5392144549999, -63.538603999, -63.538463459, -63.538737173, -63.539374117, -63.5397180409999, -63.541240592, -63.541243287, -63.5407117709999, -63.53891347, -63.53804481, -63.5368797549999, -63.5359576859999, -63.53482579, -63.53401624, -63.5329283899999, 
-63.531655863, -63.5266293389999, -63.525902963, -63.5248493879999, -63.524156665, -63.522297657, -63.521404434, -63.519546028, -63.519457259, -63.5210752519999, -63.5220446719999, -63.5220230129999, -63.5219791709999, -63.521935504, -63.5214046469999, -63.52182281, -63.5215418079999, -63.5216569659999, -63.5230459959999, -63.5240134109999, -63.523988939, -63.523267823, -63.5235761449999, -63.5239359679999, -63.524709278, -63.524683623, -63.525430907, -63.5262071079999, -63.526765258, -63.5272679799999, 
-63.527986636, -63.5285573539999, -63.5293108449999, -63.5300097849999, -63.5305150989999, -63.531851332, -63.532989287, -63.5339028719999, -63.5343537959999, -63.535091647, -63.539408307, -63.541295223, -63.541816254, -63.5426376819999, -63.543072716, -63.542902597, -63.542193055, -63.5404365, -63.5394540329999, -63.53868083, -63.537319821, -63.5371518919999, -63.538573474, -63.5374292669999, -63.537459011, -63.537904736, -63.539880538, -63.5419055609999, -63.542709934, -63.544158259, -63.54603371, 
-63.5466974379999, -63.547244433, -63.548617159, -63.549994301, -63.5510157479999, -63.551888418, -63.552634185, -63.553374659, -63.554173244, -63.5566985679999, -63.5572615169999, -63.5574844449999, -63.5585386079999, -63.559449631, -63.5610892239999, -63.5622545699999, -63.562890003, -63.5630977159999, -63.5623235689999, -63.562181152, -63.562461323, -63.566076154, -63.566534683, -63.5659703019999, -63.5647044139999, -63.5649129749999, -63.565194635, -63.566026354, -63.5665981019999, -63.5675224499999, 
-63.5682534919999, -63.5687072319999, -63.57036757, -63.572573886, -63.573712226, -63.5755063299999, -63.5771213249999, -63.57950951, -63.581618659, -63.583224116, -63.5846386029999, -63.5856916069999, -63.5862533099999, -63.58766005, -63.588433068, -63.5885644139999, -63.587725128, -63.586453354, -63.586167151, -63.587834906, -63.5895519579999, -63.590307031, -63.590488423, -63.58993984, -63.588741626, -63.5885290119999, -63.589648988, -63.5915781319999, -63.592229597, -63.5932348479999, -63.594008725, 
-63.5940764529999, -63.593721838, -63.593225573, -63.593504531, -63.592110539, -63.591527658, -63.590400245, -63.5894862629999, -63.5869755369999, -63.586059154, -63.585551814, -63.585688937, -63.5870913809999, -63.5884235439999, -63.590035292, -63.5905229479999, -63.589625579, -63.58805371, -63.5867166419999, -63.586359826, -63.5856758179999, -63.584895475, -63.5848792959999, -63.5845286649999, -63.5832624999999, -63.5787815259999, -63.577826051, -63.577367313, -63.5770784669999, -63.57890454, -63.5809906339999, 
-63.5819719469999, -63.5831659499999, -63.5829521259999, -63.585728473, -63.586567168, -63.5877131709999, -63.588021336, -63.5883153199999, -63.5873620359999, -63.587458531, -63.587255246, -63.5876245869999, -63.5881109639999, -63.588137388, -63.5878280579999, -63.5876133099999, -63.588401518, -63.5886553449999, -63.5879546479999, -63.587607502, -63.5878683399999, -63.588343901, -63.589839173, -63.59250013, -63.594800379, -63.5969746179999, -63.5978055369999, -63.59773298, -63.5975298429999, -63.598630282, 
-63.59831691, -63.596670756, -63.5966517489999, -63.5969550309999, -63.597007838, -63.599564629, -63.601252767, -63.602679594, -63.6028173189999, -63.6026737239999, -63.600134405, -63.600131019, -63.5999203989999, -63.5990048829999, -63.597810363, -63.597936272, -63.5978594669999, -63.598427992, -63.597927189, -63.597853715, -63.5980115779999, -63.59754458, -63.5969475799999, -63.5966753739999, -63.595743177, -63.595401522, -63.5945590819999, -63.5937482149999, -63.593158048, -63.5934988619999, -63.5939581699999, 
-63.594984092, -63.5948602479999, -63.5951291759999, -63.593806553, -63.593313956, -63.593160248, -63.59393009, -63.59352819, -63.593215415, -63.591030426, -63.5900660929999, -63.5884684059999, -63.5880854489999, -63.58618828, -63.585429189, -63.5850616559999, -63.584497237, -63.5836059229999, -63.5826278069999, -63.582272067, -63.5823844339999, -63.583464808, -63.585253253, -63.5856014189999, -63.5852469239999, -63.584568466, -63.5841952359999, -63.5819025759999, -63.5816696759999, -63.582127312, 
-63.584106663, -63.584234209, -63.58507907, -63.584869936, -63.583710388, -63.583377739, -63.583252152, -63.582819854, -63.582329917, -63.581296498, -63.580836029, -63.580870654, -63.5805041, -63.5805634389999, -63.5815429629999, -63.5829394559999, -63.5842770039999, -63.5853436479999, -63.5872299109999, -63.5898063099999, -63.590647319, -63.5923254859999, -63.594917712, -63.5961095279999, -63.5964968539999, -63.6007192329999, -63.6084778579999, -63.610752168, -63.612731491, -63.6173443539999, -63.6191808629999, 
-63.621129163, -63.621702043, -63.622434388, -63.6238185659999, -63.625484313, -63.626530516, -63.6280481869999, -63.629208755, -63.630132067, -63.627016924, -11.0050177499999, -11.0053911299999, -11.005253511, -11.0058076359999, -11.0064035199999, -11.006711951, -11.0070838619999, -11.008100852, -11.009202213, -11.0094993859999, -11.009960032, -11.0097900339999, -11.010248281, -11.009462646, -11.0093991369999, -11.0097203659999, -11.0106370239999, -11.012320701, -11.014959779, -11.0171872509999, 
-11.017935796, -11.0183317369999, -11.020268754, -11.0209497949999, -11.021900252, -11.0228657259999, -11.0236129419999, -11.025912769, -11.028160502, -11.0311806989999, -11.033209149, -11.0339021199999, -11.034084143, -11.0337595089999, -11.0322286409999, -11.031688478, -11.0318561439999, -11.0334435149999, -11.034422146, -11.037555836, -11.0386039669999, -11.039234222, -11.039405222, -11.039199844, -11.0381851219999, -11.0375109519999, -11.035856415, -11.035093252, -11.0347721, -11.0348098599999, 
-11.035372421, -11.037423245, -11.0385180639999, -11.0392134429999, -11.040059842, -11.0407008889999, -11.0429299729999, -11.0437122369999, -11.045725671, -11.0460698639999, -11.0460954139999, -11.045759914, -11.044969847, -11.0432999299999, -11.0429241039999, -11.042731858, -11.043164255, -11.042670899, -11.03876181, -11.038076266, -11.0378010449999, -11.0359341009999, -11.035389272, -11.0327937829999, -11.03174748, -11.031063468, -11.0301434319999, -11.028792693, -11.02799756, -11.027512659, -11.027197987, 
-11.027327908, -11.0276858039999, -11.0287259969999, -11.029995104, -11.031681448, -11.0317045319999, -11.031239597, -11.029561379, -11.029582916, -11.030397579, -11.031064203, -11.031829869, -11.0318330289999, -11.0314136969999, -11.0309849729999, -11.030322858, -11.0299506469999, -11.0299519649999, -11.0305401519999, -11.031123615, -11.033298407, -11.0338431559999, -11.0365607279999, -11.0376492469999, -11.038715845, -11.0390951389999, -11.0396382549999, -11.0405013339999, -11.0457806869999, -11.0476649079999, 
-11.048293072, -11.0490935159999, -11.049612362, -11.049723006, -11.0497021459999, -11.049260605, -11.0487759169999, -11.048951158, -11.0500390189999, -11.052485927, -11.053250365, -11.0540171499999, -11.0550992889999, -11.056203565, -11.0565841849999, -11.0572659409999, -11.0582229949999, -11.059313624, -11.0603303679999, -11.067425356, -11.069865392, -11.072046859, -11.0726592549999, -11.0742154929999, -11.075390259, -11.0757528439999, -11.075618106, -11.075089912, -11.073966254, -11.074141047, 
-11.0746692239999, -11.0747712259999, -11.0740401589999, -11.073218669, -11.070441699, -11.068666281, -11.0678196879999, -11.0670492569999, -11.0659069879999, -11.065585454, -11.0651038459999, -11.0647622239999, -11.0643195099999, -11.063860469, -11.0637902029999, -11.064893163, -11.0677094809999, -11.068711254, -11.0706558869999, -11.071313663, -11.071836073, -11.074997783, -11.075993582, -11.0769926139999, -11.0791481889999, -11.0798102529999, -11.080587998, -11.08359377, -11.0869605949999, -11.0891058, 
-11.092500077, -11.0975751389999, -11.1000233179999, -11.101976755, -11.1026070999999, -11.103474327, -11.103978565, -11.1047842049999, -11.1054607069999, -11.106477728, -11.107606712, -11.1083801729999, -11.1092880169999, -11.1105551289999, -11.1136884439999, -11.11496003, -11.115827854, -11.1172695379999, -11.1179456029999, -11.118464883, -11.1201648909999, -11.1212506599999, -11.1231594179999, -11.1240631209999, -11.124927202, -11.126820719, -11.1292253559999, -11.130364071, -11.1314028809999, 
-11.132538011, -11.13371646, -11.135468604, -11.1377638299999, -11.1398153629999, -11.1408122249999, -11.141680734, -11.1421245179999, -11.1426253499999, -11.1452909019999, -11.1470105659999, -11.1478951899999, -11.151307244, -11.152174505, -11.1529176189999, -11.1532321869999, -11.153409733, -11.152976279, -11.1523089559999, -11.151573631, -11.1514044939999, -11.151379925, -11.151948197, -11.1520266549999, -11.1519078649999, -11.15106366, -11.149832309, -11.1484191169999, -11.14714209, -11.1434560399999, 
-11.138911073, -11.138110968, -11.1377907799999, -11.1372580359999, -11.1364832629999, -11.135530383, -11.131714307, -11.129491438, -11.128628475, -11.1272696339999, -11.1263381599999, -11.1257284999999, -11.125342319, -11.124633912, -11.1232745579999, -11.1209999129999, -11.118496948, -11.117305702, -11.116440146, -11.1143433149999, -11.1130779769999, -11.1106152229999, -11.1090673509999, -11.108480469, -11.1068990569999, -11.1061752469999, -11.105633181, -11.104615388, -11.1036194869999, -11.103389288, 
-11.1044061589999, -11.1061283339999, -11.106892827, -11.108314065, -11.1089494749999, -11.110090827, -11.1108769639999, -11.11147238, -11.111628838, -11.1159835069999, -11.1165086729999, -11.1163046599999, -11.1155902159999, -11.115181156, -11.1150087819999, -11.1134723289999, -11.1132566539999, -11.114379076, -11.1148775359999, -11.1165091409999, -11.117366678, -11.122760641, -11.1265729479999, -11.127567922, -11.128513819, -11.1293038609999, -11.1315269849999, -11.13970347, -11.1453757039999, 
-11.1476152109999, -11.148287598, -11.150575245, -11.155426457, -11.156299795, -11.160321701, -11.1623047439999, -11.1691226309999, -11.1702583389999, -11.1721710419999, -11.1753506799999, -11.178250829, -11.181226256, -11.182869768, -11.1839707709999, -11.1852265669999, -11.1865299089999, -11.1882518399999, -11.1913986929999, -11.1932765479999, -11.195775909, -11.196809451, -11.1981778639999, -11.198235012, -11.198920926, -11.201087865, -11.2023865359999, -11.2040678769999, -11.2062717399999, -11.2094575679999, 
-11.2127307229999, -11.215065098, -11.217971704, -11.2214610529999, -11.230514076, -11.2356484699999, -11.239507166, -11.2472130419999, -11.249762896, -11.25201651, -11.2540886589999, -11.257038012, -11.25867711, -11.2599419589999, -11.2641080559999, -11.2682357859999, -11.2700477029999, -11.271220328, -11.2727647199999, -11.273622559, -11.2756199529999, -11.2797459079999, -11.282393262, -11.284597882, -11.285964189, -11.2876336529999, -11.288860278, -11.290131768, -11.2924265099999, -11.299999387, 
-11.3016367719999, -11.303227363, -11.3079428399999, -11.312440119, -11.3182081849999, -11.321845149, -11.323666791, -11.3244890169999, -11.325806254, -11.3266194039999, -11.3301241739999, -11.331217936, -11.3332106239999, -11.334215969, -11.3356149269999, -11.336569827, -11.3390414249999, -11.339392947, -11.3420796849999, -11.3442064409999, -11.3454985169999, -11.3472419109999, -11.3491503839999, -11.3504762399999, -11.3556266399999, -11.3568088559999, -11.3568164449999, -11.3545520939999, -11.3525488989999, 
-11.351997342, -11.3509903889999, -11.350850117, -11.350459175, -11.3498374279999, -11.349124938, -11.3473234779999, -11.346840649, -11.344396303, -11.341671817, -11.3397733489999, -11.337898817, -11.336282134, -11.3362078529999, -11.3371196539999, -11.3378436309999, -11.338504036, -11.339147123, -11.339707952, -11.3399080679999, -11.3405206469999, -11.342004124, -11.3424381069999, -11.3442424859999, -11.345583509, -11.3453715789999, -11.344482235, -11.341801949, -11.3400235729999, -11.339667932, 
-11.3463615829999, -11.3446911039999, -11.346345865, -11.34562329, -11.347060992, -11.3522727079999, -11.3539032859999, -11.357176004, -11.3579151929999, -11.3546212269999, -11.354976405, -11.351152601, -11.3482786679999, -11.342761521, -11.336578596, -11.333497457, -11.3301222869999, -11.3253603999999, -11.320292228, -11.316032843, -11.315159955, -11.311695827, -11.3096235029999, -11.31284338, -11.3095592739999, -11.307702472, -11.3063311229999, -11.303208304, -11.3052434059999, -11.3119881699999, 
-11.3292954349999, -11.3347477299999, -11.33625304, -11.3372292299999, -11.348482319, -11.3551937729999, -11.361609226, -11.364958498, -11.3706870809999, -11.3779146719999, -11.386384443, -11.390371912, -11.3912091379999, -11.389271321, -11.3910618039999, -11.393105454, -11.393192194, -11.394318491, -11.40251339, -11.410957421, -11.4125515709999, -11.4179157199999, -11.4209450509999, -11.4269998889999, -11.431078607, -11.4400772409999, -11.4420577699999, -11.4442626339999, -11.4479927379999, -11.4468394749999, 
-11.446537995, -11.4493442339999, -11.4462578399999, -11.4455540349999, -11.448774529, -11.447316303, -11.439386254, -11.432788802, -11.4324278829999, -11.4320263109999, -11.433926595, -11.43916953, -11.4426604029999, -11.4432500019999, -11.445850649, -11.4460507269999, -11.449064545, -11.447476749, -11.44664483, -11.443495866, -11.4472886219999, -11.44802436, -11.449405931, -11.4524545859999, -11.457164756, -11.462594101, -11.4663282649999, -11.4707506949999, -11.473089291, -11.475023107, -11.4803735579999, 
-11.484793623, -11.486837297, -11.489477608, -11.49125557, -11.48822491, -11.4828315349999, -11.478719914, -11.476170368, -11.4760214449999, -11.471705933, -11.4686364389999, -11.473430552, -11.4784013739999, -11.477401556, -11.4755978469999, -11.4756532489999, -11.4757141929999, -11.4770800059999, -11.485083274, -11.4927858199999, -11.493736347, -11.497171125, -11.500320601, -11.50607458, -11.509619158, -11.5111978069999, -11.519630873, -11.526208233, -11.5284361029999, -11.5299653669999, -11.5313258699999, 
-11.532196878, -11.535663359, -11.5394612219999, -11.543055052, -11.544092087, -11.5463082569999, -11.5510172909999, -11.5510168989999, -11.5501026739999, -11.5511483139999, -11.5545713829999, -11.558032978, -11.5582834859999, -11.574533716, -11.574928703, -11.577568471, -11.6147762539999, -11.655487385, -11.6977592019999, -11.706725306, -11.742348636, -11.8598696659999, -11.8639413239999, -11.864474553, -11.880952113, -11.9300187419999, -11.9588390319999, -11.958929648, -11.95957169, -11.9599327239999, 
-11.9604435739999, -11.960592349, -11.961604627, -11.9619723149999, -11.965144171, -11.966475288, -11.966893999, -11.9674257009999, -11.967774871, -11.9679139289999, -11.968323476, -11.968510167, -11.969240108, -11.96942834, -11.9697173289999, -11.9700739339999, -11.969153341, -11.9704952179999, -11.9715058249999, -11.9737114229999, -11.973288007, -11.97616657, -11.97703753, -11.9797015099999, -11.9787085369999, -11.9800157619999, -11.981053619, -11.9821016399999, -11.9827234909999, -11.982160484, 
-11.98249496, -11.983513913, -11.9851999239999, -11.986966004, -11.987157198, -11.988432689, -11.989184787, -11.9898080139999, -11.9909268329999, -11.9926345429999, -11.9935573829999, -11.995956177, -11.997755866, -11.996411368, -11.9965339569999, -11.998973729, -12.00089087, -12.0025766119999, -12.0039097069999, -12.0048397339999, -12.0051736339999, -12.006314013, -12.006272072, -12.007418635, -12.0074952949999, -12.008393137, -12.009439243, -12.009415523, -12.0087814159999, -12.0092757379999, -12.0103826069999, 
-12.0112590919999, -12.0124932529999, -12.014769698, -12.0157933799999, -12.0174764089999, -12.0185249469999, -12.0188483739999, -12.019301054, -12.0205937859999, -12.0218089669999, -12.0228995989999, -12.0247607689999, -12.02618682, -12.0275741839999, -12.027463061, -12.027926032, -12.0284284169999, -12.028165178, -12.028464081, -12.0291690079999, -12.033267398, -12.0322483059999, -12.034404401, -12.0339967049999, -12.0345117739999, -12.036650094, -12.0391881269999, -12.039193155, -12.04062506, 
-12.0425528599999, -12.044030985, -12.045531872, -12.0469211669999, -12.047759022, -12.0486912809999, -12.0507696569999, -12.051164757, -12.0520481439999, -12.0524581299999, -12.0538730299999, -12.055832585, -12.0552501829999, -12.057164948, -12.058387202, -12.060277315, -12.059400802, -12.059399194, -12.0621738119999, -12.0624073989999, -12.0634822449999, -12.0652758279999, -12.064396818, -12.065010452, -12.06757142, -12.0700486149999, -12.0692081049999, -12.0701432189999, -12.0695783899999, -12.072673631, 
-12.0710842559999, -12.0700927919999, -12.072822952, -12.06968739, -12.069871436, -12.069244101, -12.072471736, -12.074385833, -12.072982023, -12.073330619, -12.074925828, -12.0778077279999, -12.07590481, -12.0772548349999, -12.078653836, -12.080509709, -12.082012655, -12.082605309, -12.083602695, -12.083244989, -12.084980851, -12.087210331, -12.0894568299999, -12.0896758319999, -12.091303493, -12.0916807359999, -12.092438089, -12.0953839809999, -12.0963192739999, -12.099673475, -12.1008008579999, 
-12.101250059, -12.103149012, -12.1043510629999, -12.105344059, -12.109055028, -12.109027644, -12.111840946, -12.1131198199999, -12.1117553019999, -12.114721317, -12.1172685279999, -12.1199331869999, -12.1222645669999, -12.1243073239999, -12.126207951, -12.128549981, -12.129799931, -12.132527453, -12.137775435, -12.139196849, -12.141337243, -12.1448133169999, -12.1443035389999, -12.146216894, -12.146875536, -12.1491241649999, -12.15043568, -12.1528254259999, -12.1587593959999, -12.162678346, -12.1660476679999, 
-12.1697532689999, -12.170599743, -12.1735975, -12.1789997489999, -12.1833402959999, -12.184679022, -12.1858566819999, -12.185803801, -12.188844877, -12.190257643, -12.1925748779999, -12.1940311069999, -12.19521279, -12.1970250699999, -12.19820769, -12.199611655, -12.2042053979999, -12.206181008, -12.208988399, -12.207704738, -12.209434852, -12.210577879, -12.2126950009999, -12.214426386, -12.216976115, -12.2186252859999, -12.221208206, -12.2230802409999, -12.225129777, -12.2263746019999, -12.227970127, 
-12.229465649, -12.2302025869999, -12.231177805, -12.232875535, -12.234197359, -12.236607534, -12.2371831229999, -12.2357636859999, -12.2347902839999, -12.233701365, -12.2298126159999, -12.1999436669999, -12.155116951, -12.1406321589999, -12.109817681, -12.1119828239999, -12.11317498, -12.1195253029999, -12.1249783089999, -12.1269339959999, -12.128229229, -12.1297477799999, -12.130832299, -12.130729614, -12.131163401, -12.132790529, -12.1358225339999, -12.1390749259999, -12.1425430959999, -12.1464395049999, 
-12.149797989, -12.152396802, -12.155454183, -12.157617977, -12.1598889759999, -12.161187322, -12.1632370149999, -12.1645885129999, -12.1679066339999, -12.170391155, -12.1748830569999, -12.1750244099999, -12.179966336, -12.182969801, -12.1823864139999, -12.183311477, -12.183639102, -12.1859706079999, -12.189340629, -12.19430463, -12.1989003159999, -12.2021564589999, -12.2017137929999, -12.202974767, -12.2011295899999, -12.199043694, -12.1981403369999, -12.197600145, -12.1951613049999, -12.1946030949999, 
-12.1948429109999, -12.195470145, -12.1955747389999, -12.195229612, -12.1993719049999, -12.1980709459999, -12.1978551719999, -12.1970941159999, -12.1981384469999, -12.200283399, -12.202074175, -12.204668984, -12.203804824, -12.203334207, -12.205863601, -12.205452577, -12.2064475509999, -12.206447293, -12.2064470039999, -12.206443991, -12.2061046419999, -12.206011717, -12.2059649199999, -12.205876658, -12.204795196, -12.2030815259999, -12.203859286, -12.202863258, -12.202441649, -12.202148398, -12.201111201, 
-12.2010561909999, -12.199758439, -12.1997547189999, -12.199284168, -12.198715253, -12.1984004889999, -12.1972311529999, -12.1966432149999, -12.197010627, -12.197004008, -12.1962245329999, -12.1954297149999, -12.195113724, -12.195119678, -12.1955994369999, -12.1962536029999, -12.1971467069999, -12.197263332, -12.197105064, -12.1967652029999, -12.1965401219999, -12.197066441, -12.1980874189999, -12.198367278, -12.1981078439999, -12.1993257879999, -12.198997876, -12.1986978329999, -12.1979420129999, 
-12.1980902119999, -12.1987274529999, -12.1992570319999, -12.199828725, -12.2000384569999, -12.200836383, -12.202451808, -12.2032616399999, -12.204233045, -12.2046248569999, -12.204831891, -12.2053532209999, -12.205355618, -12.2049747419999, -12.202309045, -12.2014624669999, -12.2011398799999, -12.200989957, -12.202048201, -12.201196602, -12.1986911799999, -12.197873655, -12.197586038, -12.196704913, -12.194358559, -12.193919179, -12.193480969, -12.192685722, -12.191778443, -12.1909547709999, -12.19067083, 
-12.1896633539999, -12.188797587, -12.188515124, -12.1878001039999, -12.1874812659999, -12.187520329, -12.187342961, -12.1863019429999, -12.184963298, -12.184189761, -12.183691064, -12.1828190699999, -12.1817411179999, -12.181669234, -12.1803974389999, -12.1797244099999, -12.1784818589999, -12.1775432289999, -12.176696551, -12.174240778, -12.1731968589999, -12.1682288339999, -12.1674120619999, -12.16347596, -12.161109057, -12.159901448, -12.1593780769999, -12.159024765, -12.158234264, -12.1564087789999, 
-12.1557463, -12.155223609, -12.1543190739999, -12.15329357, -12.152898229, -12.1524115779999, -12.1512360479999, -12.150546227, -12.150854316, -12.1519806539999, -12.1515822129999, -12.1506714119999, -12.1490419969999, -12.1467747249999, -12.143421211, -12.1418819919999, -12.140812257, -12.140028583, -12.139139174, -12.138663269, -12.138638422, -12.138251081, -12.136487508, -12.1352714969999, -12.134709516, -12.1342045519999, -12.1335471479999, -12.1320951589999, -12.1296402459999, -12.1290629189999, 
-12.1293386359999, -12.131285108, -12.1306527909999, -12.1299599559999, -12.1292951689999, -12.1279839799999, -12.1266548349999, -12.1257244499999, -12.1248559049999, -12.121583309, -12.118293256, -12.1181509839999, -12.1182977249999, -12.118718297, -12.1198054539999, -12.119394943, -12.118050777, -12.117067192, -12.115139835, -12.115180401, -12.114980592, -12.113669972, -12.11292829, -12.112203459, -12.1114965939999, -12.110266366, -12.108738587, -12.1076325099999, -12.1068144319999, -12.1066278299999, 
-12.106896773, -12.106585257, -12.1035422789999, -12.1019528559999, -12.1012441289999, -12.1002009989999, -12.0990421029999, -12.0951289449999, -12.0947745829999, -12.094524923, -12.09373911, -12.0923645309999, -12.0920684259999, -12.0874514139999, -12.0865418679999, -12.0843899079999, -12.0831759629999, -12.082127737, -12.0814026429999, -12.0799202719999, -12.079526623, -12.0799449759999, -12.0804742129999, -12.0802580779999, -12.0797249779999, -12.079577014, -12.077734343, -12.076878353, -12.075981058, 
-12.0748933019999, -12.073670749, -12.0728039749999, -12.073232943, -12.0744477259999, -12.074511384, -12.074207526, -12.073416426, -12.0719862669999, -12.068946521, -12.068185514, -12.068303541, -12.0670585419999, -12.064894222, -12.063986171, -12.0636744349999, -12.062496441, -12.060419181, -12.060064828, -12.0601113029999, -12.0609404049999, -12.0610199209999, -12.0605498629999, -12.0596025199999, -12.0573718869999, -12.055921649, -12.053975232, -12.0527906319999, -12.051753426, -12.051871556, 
-12.0514113589999, -12.0512085869999, -12.0523577719999, -12.051914772, -12.050955687, -12.049958422, -12.04918001, -12.048536018, -12.0477273399999, -12.046829194, -12.0460053149999, -12.0464906949999, -12.0472582819999, -12.0470946849999, -12.0465577009999, -12.045780608, -12.044763918, -12.044556847, -12.044128852, -12.0435228109999, -12.040523706, -12.0379416369999, -12.037604963, -12.0372342649999, -12.0362913239999, -12.035548814, -12.035636235, -12.0364978969999, -12.03720384, -12.0361599999999, 
-12.035066191, -12.0350936159999, -12.0349357179999, -12.032869888, -12.031005452, -12.031403826, -12.0327870039999, -12.0322411619999, -12.0310202389999, -12.0299971269999, -12.0293283229999, -12.0296741419999, -12.0299328649999, -12.027653315, -12.0282116389999, -12.02888658, -12.0290889099999, -12.0286624359999, -12.028061117, -12.027041556, -12.026487237, -12.024707551, -12.0232515779999, -12.022030314, -12.021301627, -12.0204099659999, -12.020387811, -12.0197372429999, -12.0187610909999, -12.0182845879999, 
-12.018093199, -12.0183594719999, -12.0189009609999, -12.019160994, -12.01902419, -12.0176931549999, -12.0163320789999, -12.015581052, -12.0156364419999, -12.016142476, -12.01806807, -12.0184423899999, -12.018160898, -12.017519067, -12.0164181369999, -12.014662282, -12.013545865, -12.0133973339999, -12.0123442239999, -12.011894746, -12.0109026709999, -12.0097294599999, -12.009141455, -12.005258968, -12.0045902979999, -12.0044485989999, -12.004978617, -12.005436998, -12.0067912739999, -12.0085668059999, 
-12.008778491, -12.0073051649999, -12.0067570019999, -12.006160411, -12.0051571329999, -12.0045403549999, -12.003590936, -12.003308589, -12.002705953, -12.0015298659999, -12.0003559259999, -12.000309254, -11.9986309169999, -11.9980939479999, -11.9975982339999, -11.9971365039999, -11.996136361, -11.9954619979999, -11.994624454, -11.993550646, -11.9913213359999, -11.988971131, -11.9880413249999, -11.986776208, -11.984288018, -11.980571831, -11.980243091, -11.9820664339999, -11.981389483, -11.980309678, 
-11.97921016, -11.97748518, -11.977292095, -11.975856049, -11.9754580859999, -11.975027028, -11.9736749199999, -11.97186289, -11.970729417, -11.9708516179999, -11.9712340559999, -11.9709692079999, -11.9703721049999, -11.9707799039999, -11.9678537439999, -11.966291446, -11.964654512, -11.9622289479999, -11.961451429, -11.961587354, -11.961500432, -11.9607679249999, -11.9586919699999, -11.956793713, -11.9559414779999, -11.956068118, -11.955156421, -11.954558714, -11.955210006, -11.95375012, -11.953542114, 
-11.952311609, -11.9528598809999, -11.9521674529999, -11.9502332389999, -11.9492812009999, -11.947105639, -11.9460107799999, -11.9460103169999, -11.9474175629999, -11.947950474, -11.947896833, -11.947513366, -11.947571468, -11.948740598, -11.946443498, -11.9458279199999, -11.946057074, -11.945161651, -11.945583216, -11.9440629249999, -11.9434057619999, -11.9435521179999, -11.9450559309999, -11.9455552449999, -11.947147449, -11.947267869, -11.945218367, -11.945187479, -11.9449383219999, -11.945478174, 
-11.946453333, -11.9482184369999, -11.948611738, -11.950341068, -11.9498457989999, -11.948651373, -11.9482043319999, -11.9481838899999, -11.946436031, -11.9458800249999, -11.9441454859999, -11.943415392, -11.9430088779999, -11.9416035749999, -11.942292097, -11.9425623359999, -11.9416346969999, -11.943187628, -11.942910593, -11.9415338959999, -11.9402667589999, -11.9407115769999, -11.9416585259999, -11.9439865049999, -11.944255579, -11.9453382519999, -11.9455680719999, -11.946570051, -11.9461688709999, 
-11.9470913379999, -11.9477254189999, -11.952319475, -11.9534825299999, -11.9535852229999, -11.953310006, -11.9527997149999, -11.9520639159999, -11.9515719169999, -11.9509237, -11.949145232, -11.94878851, -11.947636927, -11.9459404809999, -11.9451642019999, -11.9448001489999, -11.9455280719999, -11.947219464, -11.9477123149999, -11.9477039769999, -11.9474248009999, -11.9457398299999, -11.943090125, -11.9413081929999, -11.9405018759999, -11.9351373549999, -11.933771319, -11.932546194, -11.932534616, 
-11.9306726489999, -11.9296261469999, -11.929119802, -11.9284378999999, -11.9274316299999, -11.9265052809999, -11.9261471819999, -11.92281328, -11.921255842, -11.9197998839999, -11.9169625749999, -11.9147790739999, -11.9125786209999, -11.910958115, -11.910246337, -11.909390045, -11.908943345, -11.9072082419999, -11.9059286139999, -11.9053473989999, -11.904438906, -11.9019674349999, -11.9009486919999, -11.9000530449999, -11.8987780889999, -11.898222662, -11.89708002, -11.89640728, -11.8958324669999, 
-11.895119779, -11.8929181889999, -11.891498928, -11.8897632449999, -11.887619575, -11.8850651509999, -11.880875679, -11.8806907219999, -11.8809741149999, -11.8799988659999, -11.876926514, -11.874942007, -11.872922416, -11.8704243139999, -11.8681932919999, -11.866247902, -11.8640402819999, -11.8623862479999, -11.857841454, -11.855472617, -11.853648891, -11.8515557609999, -11.846781714, -11.843177077, -11.839219489, -11.836252322, -11.8317392619999, -11.827454081, -11.825741063, -11.82297459, -11.8184493369999, 
-11.816969788, -11.81545976, -11.8151080759999, -11.8100130079999, -11.8094725529999, -11.8096302549999, -11.81104107, -11.8133775809999, -11.8169840109999, -11.818945288, -11.8189552039999, -11.8179823159999, -11.817782265, -11.818153729, -11.817377632, -11.816199121, -11.812622439, -11.8121711499999, -11.811728029, -11.8109889889999, -11.8103868709999, -11.8099865529999, -11.8085770969999, -11.8079394599999, -11.8061277329999, -11.80148681, -11.7968294819999, -11.7920953149999, -11.789118399, -11.7874856299999, 
-11.784250361, -11.7770564969999, -11.7748730089999, -11.771653069, -11.7706595229999, -11.7657110919999, -11.761630205, -11.7588035179999, -11.75534959, -11.753114278, -11.7505407629999, -11.7491938149999, -11.7495149649999, -11.751448572, -11.752234088, -11.7508326299999, -11.74843942, -11.744547097, -11.7409949359999, -11.726571395, -11.7173122549999, -11.7141229989999, -11.710615566, -11.7073406499999, -11.7046959349999, -11.698313861, -11.693353295, -11.6790857279999, -11.670516559, -11.6699846349999, 
-11.6672246419999, -11.6593359179999, -11.656414677, -11.655457349, -11.6530330579999, -11.650910198, -11.645647074, -11.641461765, -11.638027483, -11.6359819639999, -11.633598564, -11.6319804929999, -11.62904606, -11.627438067, -11.625837366, -11.62405131, -11.62136363, -11.619625823, -11.618033456, -11.6167982319999, -11.61474486, -11.6124218849999, -11.6107835789999, -11.6065373949999, -11.6050405669999, -11.602443821, -11.601558999, -11.6001241829999, -11.5990381879999, -11.597365095, -11.595405214, 
-11.587260506, -11.584690677, -11.577682448, -11.575129725, -11.5679421039999, -11.565830399, -11.560056202, -11.5580232, -11.5538589509999, -11.553528759, -11.5528055139999, -11.553216, -11.5544137389999, -11.555004457, -11.5551326559999, -11.554679443, -11.5547249149999, -11.5557197849999, -11.5569997139999, -11.5579405679999, -11.5591541039999, -11.559980287, -11.5601502649999, -11.5609617199999, -11.5611119809999, -11.5609908739999, -11.558401212, -11.557071048, -11.554392699, -11.5521220289999, 
-11.550669742, -11.549962997, -11.5493557399999, -11.5473007419999, -11.5436670739999, -11.5411253569999, -11.538190093, -11.5362583679999, -11.5354834519999, -11.530974045, -11.529755797, -11.528640521, -11.5294511029999, -11.530527719, -11.5318884219999, -11.5342366859999, -11.5363164999999, -11.537172355, -11.5369305969999, -11.5379640859999, -11.5397719539999, -11.54187868, -11.542609806, -11.5424811019999, -11.541856019, -11.5406027249999, -11.5381445009999, -11.538479778, -11.539435211, -11.540072176, 
-11.5414985649999, -11.542460149, -11.542105213, -11.5433762819999, -11.544480533, -11.546285804, -11.5435471369999, -11.5397202859999, -11.5355542, -11.5336576179999, -11.531640945, -11.530542856, -11.5272702359999, -11.523328341, -11.5210571449999, -11.513789252, -11.5091022429999, -11.5078784249999, -11.507155724, -11.507726628, -11.5073670859999, -11.505422724, -11.503975031, -11.5026474009999, -11.4989538799999, -11.4980721959999, -11.4967522989999, -11.4954594779999, -11.494401669, -11.4943713159999, 
-11.4960844649999, -11.4966051279999, -11.495672753, -11.494294229, -11.49323076, -11.493376586, -11.49271946, -11.491520697, -11.489679416, -11.487571305, -11.4869491489999, -11.4863887559999, -11.4865619599999, -11.4861377489999, -11.4840868, -11.482297654, -11.484537959, -11.486386237, -11.487809817, -11.488993547, -11.4726371009999, -11.462958292, -11.472791441, -11.4768715539999, -11.4795723399999, -11.48299836, -11.4859078539999, -11.4863194539999, -11.485899022, -11.487250312, -11.48766148, 
-11.487244164, -11.4873424449999, -11.4869232139999, -11.488999367, -11.488934494, -11.4866484039999, -11.4858170549999, -11.4880968369999, -11.4888384769999, -11.494163816, -11.4986791959999, -11.5002646889999, -11.5015280109999, -11.5033549229999, -11.5052505949999, -11.5064445079999, -11.5071464989999, -11.5086557409999, -11.5101307039999, -11.5116733609999, -11.513992608, -11.5153281079999, -11.516942431, -11.5172036549999, -11.519290901, -11.5199925449999, -11.519849355, -11.5202703729999, -11.519739384, 
-11.520026055, -11.5207203329999, -11.52118311, -11.521819677, -11.5231397269999, -11.5245053369999, -11.524402694, -11.524738761, -11.526774954, -11.526712717, -11.5268579469999, -11.527491395, -11.5279443479999, -11.528864951, -11.5299206729999, -11.530313912, -11.5308008789999, -11.5314373519999, -11.5321747039999, -11.5323133319999, -11.5322759129999, -11.53189323, -11.531431607, -11.5329785939999, -11.532795945, -11.532984701, -11.5322715839999, -11.5323441059999, -11.532079713, -11.531562314, 
-11.5315941849999, -11.532226068, -11.5327156459999, -11.532782195, -11.5325000729999, -11.5317622979999, -11.5317011349999, -11.5313980019999, -11.531737848, -11.531614082, -11.5322715249999, -11.5324506059999, -11.5330434569999, -11.533689258, -11.5338266699999, -11.533189736, -11.5326280739999, -11.5320633819999, -11.532025066, -11.5322769659999, -11.5325787399999, -11.5327880319999, -11.5324102539999, -11.5319260839999, -11.5325309579999, -11.53300743, -11.53353123, -11.5346493069999, -11.5346201859999, 
-11.5337368359999, -11.532863966, -11.5333520959999, -11.533985657, -11.534616678, -11.534403796, -11.533317132, -11.533736688, -11.5346638, -11.534368591, -11.5352931939999, -11.5361207189999, -11.5356274069999, -11.5355059779999, -11.536828677, -11.5376948899999, -11.53811938, -11.5395879189999, -11.539867784, -11.539726414, -11.5393032879999, -11.539624322, -11.5403919189999, -11.54057091, -11.5411749479999, -11.543255596, -11.54333938, -11.543966058, -11.543548976, -11.543687339, -11.5443553859999, 
-11.5445667699999, -11.543649565, -11.5428763079999, -11.542665317, -11.5433663599999, -11.542663183, -11.5426625089999, -11.5422403389999, -11.5420288509999, -11.54234322, -11.543466168, -11.544521134, -11.545434584, -11.5483087109999, -11.547919901, -11.5485506799999, -11.5489712429999, -11.549526871, -11.550156779, -11.5496295249999, -11.550050612, -11.5515948489999, -11.553140194, -11.5539810729999, -11.5555946679999, -11.5552081699999, -11.554557023, -11.554807141, -11.554716361, -11.5548537109999, 
-11.55407876, -11.5554829179999, -11.5552510609999, -11.555323442, -11.5539164489999, -11.554411268, -11.555521839, -11.5563523269999, -11.55719023, -11.5580363779999, -11.5580378169999, -11.557332075, -11.5572606889999, -11.5580646079999, -11.558203788, -11.5577800919999, -11.5576361319999, -11.558126038, -11.5590370479999, -11.5587903159999, -11.558375241, -11.5580299929999, -11.5576178489999, -11.5577319439999, -11.557510308, -11.556489464, -11.555788342, -11.5553605209999, -11.5561323749999, 
-11.556130899, -11.5549349519999, -11.55387844, -11.553210775, -11.552433987, -11.5515901479999, -11.550322386, -11.5442427099999, -11.5415000179999, -11.539883083, -11.537769118, -11.537701785, -11.5379406329999, -11.5393424949999, -11.5406758049999, -11.5414450829999, -11.5419370429999, -11.5424962199999, -11.5421051559999, -11.5404156489999, -11.5405544939999, -11.542096412, -11.54427529, -11.545222426, -11.5455738349999, -11.545571465, -11.546342853, -11.5483784419999, -11.549784148, -11.552691357, 
-11.5548550849999, -11.556632836, -11.557605047, -11.5587279579999, -11.559692106, -11.5616682279999, -11.5638222699999, -11.5645933619999, -11.564732065, -11.5634673359999, -11.5642381559999, -11.5651847449999, -11.566660483, -11.568063121, -11.568694566, -11.569325427, -11.5696792039999, -11.570594304, -11.571962033, -11.57275857, -11.5743741869999, -11.5751873169999, -11.576308433, -11.577335612, -11.578452414, -11.578978112, -11.579715646, -11.580346569, -11.580551907, -11.579989509, -11.5790773339999, 
-11.57928593, -11.5804918769999, -11.580949885, -11.5829009229999, -11.583107679, -11.5846503139999, -11.58550374, -11.587066659, -11.5876990589999, -11.58763264, -11.5877649059999, -11.5892396249999, -11.5902230889999, -11.590924535, -11.5912401439999, -11.5919391909999, -11.5937112999999, -11.595226969, -11.596224135, -11.5972053369999, -11.5985689709999, -11.597585468, -11.5945629449999, -11.5942333669999, -11.5946615019999, -11.5946187339999, -11.594066739, -11.59393344, -11.5948925919999, -11.5956418019999, 
-11.59634193, -11.5966034139999, -11.596476371, -11.5968954439999, -11.598017279, -11.598756484, -11.5993160719999, -11.5994536389999, -11.5999409529999, -11.600925833, -11.6020483279999, -11.603245725, -11.603944437, -11.6037676549999, -11.602710897, -11.6024998959999, -11.6027072379999, -11.603266978, -11.6043873659999, -11.606457444, -11.6087593829999, -11.6077102319999, -11.606441783, -11.6052793989999, -11.60549671, -11.6074474349999, -11.6086164599999, -11.6084745229999, -11.608064299, -11.607471549, 
-11.605218358, -11.6047240619999, -11.6045791569999, -11.604990982, -11.6044314339999, -11.6028486669999, -11.6024228759999, -11.6020580139999, -11.601425065, -11.598766898, -11.5967495379999, -11.594781222, -11.59369065, -11.5925117629999, -11.591237681, -11.587291071, -11.584296913, -11.5817052179999, -11.5783050229999, -11.575944513, -11.573770958, -11.5717488609999, -11.570246797, -11.5693024189999, -11.568259689, -11.567579147, -11.566898375, -11.5659019109999, -11.564672403, -11.5635343349999, 
-11.5625854529999, -11.5598110069999, -11.5568622729999, -11.556050426, -11.5555956939999, -11.555189292, -11.5544685079999, -11.5532844439999, -11.552241452, -11.5515563259999, -11.55024824, -11.5490605439999, -11.547384007, -11.545888953, -11.5450550059999, -11.5423470979999, -11.5419948369999, -11.54185597, -11.542238902, -11.5421237529999, -11.541444827, -11.540309394, -11.5391770259999, -11.538222059, -11.537583775, -11.537408813, -11.537725191, -11.5377473799999, -11.5372663979999, -11.538222161, 
-11.5371771059999, -11.5350390569999, -11.534182877, -11.5335889409999, -11.532820036, -11.531685872, -11.530729548, -11.530059923, -11.5294634729999, -11.5289644339999, -11.527548977, -11.5261756419999, -11.5249935739999, -11.521450613, -11.520137869, -11.519139287, -11.5182296209999, -11.517462493, -11.51580093, -11.513371923, -11.511146521, -11.508467073, -11.5075659899999, -11.5068040169999, -11.506072688, -11.506013211, -11.505649943, -11.5052013109999, -11.5044697889999, -11.5035352739999, 
-11.50242724, -11.5010770469999, -11.499639033, -11.497440602, -11.496577616, -11.495069617, -11.4928755569999, -11.491215644, -11.4910218949999, -11.4913999839999, -11.4910938669999, -11.4905948849999, -11.489681715, -11.4885904329999, -11.486823242, -11.484994032, -11.482062227, -11.481660918, -11.4817120709999, -11.482321226, -11.4826939299999, -11.4823547519999, -11.481266953, -11.4778380339999, -11.476927919, -11.4712188599999, -11.4693166349999, -11.4693374499999, -11.4686819469999, -11.4673674509999, 
-11.463941397, -11.4627782369999, -11.4604234179999, -11.4591080399999, -11.4570152929999, -11.454169769, -11.4518462499999, -11.449449785, -11.4460539, -11.445120574, -11.444458332, -11.443149988, -11.4419703089999, -11.442242669, -11.444224134, -11.4455882419999, -11.446115877, -11.4461214529999, -11.445348778, -11.444286528, -11.4423937349999, -11.4416236019999, -11.4410528739999, -11.4403403079999, -11.4397503229999, -11.437016153, -11.436053505, -11.434019263, -11.431871936, -11.4300541019999, 
-11.426385947, -11.424209278, -11.4232118039999, -11.4221406849999, -11.419888047, -11.419210494, -11.417841209, -11.416837909, -11.415665369, -11.4135273999999, -11.413002868, -11.412759267, -11.411741828, -11.411922332, -11.4124044169999, -11.414865896, -11.4158841199999, -11.4161807879999, -11.4153524489999, -11.4145792159999, -11.413541634, -11.4132899649999, -11.412589544, -11.412306577, -11.411737135, -11.4114523169999, -11.4116077959999, -11.4122253689999, -11.4132220509999, -11.4141350269999, 
-11.414947969, -11.4161054329999, -11.4166918229999, -11.416680544, -11.4146407199999, -11.4138162949999, -11.41399823, -11.4142957469999, -11.41439208, -11.4142628809999, -11.413806769, -11.4124268899999, -11.412636713, -11.413266819, -11.4141372859999, -11.4161765049999, -11.416793293, -11.417280704, -11.4178605499999, -11.418372887, -11.4189663489999, -11.418874547, -11.4185577679999, -11.4179305379999, -11.4175235509999, -11.416914714, -11.415397611, -11.4147155699999, -11.4144453629999, -11.413490117, 
-11.4124958819999, -11.4115437089999, -11.4098560759999, -11.406943291, -11.4061780819999, -11.405107851, -11.4046208679999, -11.404171487, -11.403172042, -11.4013557159999, -11.399819735, -11.3976045499999, -11.3965927569999, -11.395280381, -11.393496236, -11.3929704509999, -11.3930582159999, -11.392512937, -11.3904998629999, -11.389486092, -11.388394391, -11.388851351, -11.389829451, -11.3906255079999, -11.390925336, -11.3910858869999, -11.3901926979999, -11.388878042, -11.3879265049999, -11.38699116, 
-11.3851526939999, -11.3844111369999, -11.383406736, -11.382230733, -11.381083743, -11.3802706979999, -11.378942129, -11.3780800559999, -11.3780548419999, -11.3784681249999, -11.3786114269999, -11.378116958, -11.3777973949999, -11.3778202229999, -11.3755441489999, -11.3749595119999, -11.37445851, -11.373729085, -11.372854802, -11.3722692199999, -11.371521634, -11.3705685099999, -11.370105404, -11.3700655429999, -11.369744824, -11.369095617, -11.3684489999999, -11.3662568079999, -11.3642092869999, 
-11.359129669, -11.357996889, -11.3561995909999, -11.3559643509999, -11.3550689899999, -11.3543100849999, -11.351279797, -11.3502267009999, -11.3494505149999, -11.3484097059999, -11.3466364639999, -11.3458646559999, -11.3437805889999, -11.3429166399999, -11.34223325, -11.3400042009999, -11.3380603109999, -11.337253493, -11.3363850089999, -11.3346823039999, -11.334478259, -11.333841333, -11.3328540969999, -11.3319505459999, -11.330024382, -11.328784334, -11.3279207239999, -11.327160002, -11.3263285889999, 
-11.325325459, -11.324553719, -11.3219347679999, -11.320976237, -11.319944096, -11.316268226, -11.315082036, -11.3134936169999, -11.3104614879999, -11.3094582269999, -11.308506893, -11.3075702709999, -11.30596715, -11.3065350909999, -11.3064345719999, -11.306555186, -11.3072471809999, -11.307544828, -11.306635402, -11.306406816, -11.307244485, -11.3073050559999, -11.3069689339999, -11.3036779279999, -11.3024271089999, -11.302990183, -11.301873605, -11.3009758049999, -11.3004897459999, -11.2997244359999, 
-11.299342892, -11.298783675, -11.297670156, -11.2965916819999, -11.2959684029999, -11.2951349059999, -11.2945788979999, -11.2941808599999, -11.293806591, -11.2929062229999, -11.2920745989999, -11.2912406409999, -11.291030868, -11.2913756469999, -11.291290504, -11.291692123, -11.2912458119999, -11.290399589, -11.288639437, -11.287641006, -11.286357994, -11.282816747, -11.2827438809999, -11.2822528069999, -11.282734433, -11.2828421079999, -11.2821723199999, -11.2814078589999, -11.281543444, -11.2827229749999, 
-11.282929454, -11.28159736, -11.280013325, -11.276266472, -11.273627802, -11.2700380389999, -11.2675390319999, -11.265593633, -11.265126482, -11.263271694, -11.261883788, -11.2604296879999, -11.259312437, -11.2595954799999, -11.2595943669999, -11.2604181589999, -11.2607620679999, -11.259307095, -11.2574979059999, -11.2561108639999, -11.2548615539999, -11.2506010079999, -11.24930773, -11.2480612179999, -11.247855587, -11.247906874, -11.247766453, -11.247445251, -11.2466118409999, -11.2445959249999, 
-11.2435496189999, -11.2414637019999, -11.2397945829999, -11.2375037549999, -11.2343829859999, -11.232230131, -11.2307056259999, -11.2300303699999, -11.2288834039999, -11.227929929, -11.2274430909999, -11.227169139, -11.2271756389999, -11.2269042999999, -11.226389636, -11.2251431449999, -11.2215101889999, -11.2152274539999, -11.213907703, -11.213556626, -11.21230599, -11.2110775009999, -11.2101531579999, -11.2097366699999, -11.2093886809999, -11.208338822, -11.204879738, -11.2035934049999, -11.19979196, 
-11.1955770489999, -11.194278379, -11.1927568919999, -11.1919662, -11.1904371729999, -11.1895376779999, -11.1889602949999, -11.1878045, -11.18678476, -11.183354153, -11.1814525819999, -11.1793893729999, -11.172783644, -11.169526898, -11.166089437, -11.163080857, -11.160477418, -11.1595441659999, -11.1563477249999, -11.1553492439999, -11.1518326229999, -11.149792361, -11.149297336, -11.148900347, -11.145701701, -11.144292021, -11.142708551, -11.141667282, -11.139100033, -11.1335511099999, -11.1319529909999, 
-11.1314001179999, -11.13035903, -11.125918765, -11.1250447379999, -11.124383235, -11.1216587719999, -11.118141655, -11.116748303, -11.114399974, -11.1105444669999, -11.108771369, -11.1063491139999, -11.1037967939999, -11.102155751, -11.099879902, -11.0988675469999, -11.095240724, -11.094104733, -11.0934245949999, -11.0925142799999, -11.090977932, -11.0892159749999, -11.0877056579999, -11.0867341509999, -11.0859590369999, -11.0804931749999, -11.0796053759999, -11.0793671059999, -11.0792544749999, 
-11.0787510669999, -11.07513612, -11.0745172029999, -11.0730176349999, -11.07098266, -11.0703587849999, -11.069874039, -11.0700313439999, -11.0695247409999, -11.069176239, -11.0673540079999, -11.0633856109999, -11.061267323, -11.059877683, -11.05842168, -11.0579485159999, -11.0573729939999, -11.055450176, -11.054657866, -11.052500014, -11.049109507, -11.0468254529999, -11.045167759, -11.0444014809999, -11.0435792239999, -11.0430113419999, -11.0423914799999, -11.0419400429999, -11.0408184279999, -11.039232773, 
-11.03741594, -11.0352552479999, -11.032333362, -11.0311517559999, -11.0299708969999, -11.0294739939999, -11.0294706359999, -11.028714518, -11.025948159, -11.023260231, -11.021904348, -11.020027081, -11.0182167839999, -11.017902066, -11.017651718, -11.0172290089999, -11.017239217, -11.0169629119999, -11.0163736859999, -11.015882362, -11.0142045, -11.012837238, -11.0130254429999, -11.013023061, -11.012265927, -11.0104631409999, -11.0085289459999, -11.0071528589999, -11.006724843, -11.005538671, -11.0050177499999
)))"
1100338,Nova Mamoré,11,RO,"list(list(c(-65.311498779, -65.303682739, -65.300050044, -65.294769819, -65.2918806639999, -65.289295102, -65.2862537709999, -65.28533364, -65.284430217, -65.2838848729999, -65.283718133, -65.2838802139999, -65.2825167619999, -65.279100614, -65.275853512, -65.2698836159999, -65.264937872, -65.2636652899999, -65.259596378, -65.257242562, -65.254295352, -65.2511885319999, -65.249129837, -65.244378067, -65.2402957589999, -65.235716265, -65.2332175939999, -65.229900154, -65.227730657, -65.2233018219999, 
-65.216739579, -65.2122167359999, -65.2062664869999, -65.2031891979999, -65.200714204, -65.1978881569999, -65.1944103419999, -65.188884615, -65.1851835589999, -65.1849715769999, -65.182715465, -65.1820162879999, -65.1798283099999, -65.173302302, -65.171797266, -65.167519834, -65.1667443729999, -65.000028035, -64.94596648, -64.9078703309999, -64.705167569, -64.595309695, -64.5731421689999, -64.341169881, -64.339005397, -64.2647339319999, -64.261651312, -64.2611797769999, -64.260208647, -64.25982555, 
-64.257569597, -64.2608800619999, -64.2586863569999, -64.2580933899999, -64.2569588419999, -64.2578790409999, -64.258408393, -64.256239163, -64.2572391879999, -64.2568246489999, -64.254183331, -64.251873872, -64.251184439, -64.248739995, -64.250130524, -64.2491023979999, -64.2472342469999, -64.2455191859999, -64.2436800149999, -64.245181869, -64.242883387, -64.246126047, -64.24441118, -64.2432703059999, -64.2442148529999, -64.241902115, -64.2412906449999, -64.2366703549999, -64.2344337249999, -64.23287343, 
-64.2318487009999, -64.2343725999999, -64.235039483, -64.2424071979999, -64.2426037469999, -64.2410201339999, -64.240653042, -64.2410902179999, -64.240243095, -64.2422388649999, -64.2416317839999, -64.239157785, -64.235986085, -64.235012059, -64.2337098569999, -64.2336286959999, -64.231405966, -64.229908615, -64.2320965489999, -64.231243688, -64.232493268, -64.232213091, -64.2305164489999, -64.2285402519999, -64.2284761999999, -64.228439868, -64.22938543, -64.2301872059999, -64.2340973679999, -64.235318561, 
-64.235156674, -64.2320751789999, -64.230598567, -64.230629704, -64.2280403569999, -64.227375074, -64.227926739, -64.228797808, -64.2285176729999, -64.225601707, -64.2218540139999, -64.2222351289999, -64.218650084, -64.2161041269999, -64.2091817449999, -64.211318289, -64.2100983509999, -64.211453711, -64.2120136279999, -64.2110980919999, -64.212623828, -64.2084895409999, -64.204295202, -64.2021805319999, -64.201544965, -64.201433379, -64.2034848929999, -64.202213511, -64.2013477939999, -64.203237847, 
-64.204377396, -64.2040142489999, -64.2042645339999, -64.20579653, -64.2047116649999, -64.202629972, -64.2032659869999, -64.202905498, -64.202124843, -64.1970732609999, -64.196569171, -64.19687592, -64.1968738349999, -64.1940180969999, -64.192766956, -64.1911015649999, -64.193022679, -64.196989918, -64.197215551, -64.198823214, -64.20159969, -64.200269483, -64.2033478279999, -64.205269577, -64.205763236, -64.2101253159999, -64.212929584, -64.217126831, -64.220048787, -64.2221846899999, -64.2217989319999, 
-64.224987762, -64.224016765, -64.224154732, -64.220517823, -64.2212368429999, -64.2200751249999, -64.218544975, -64.219403683, -64.220351426, -64.2216831149999, -64.2220183479999, -64.2213815319999, -64.2211612899999, -64.222679916, -64.2212387719999, -64.219683015, -64.2192154759999, -64.21709442, -64.213875542, -64.209652675, -64.205686913, -64.205542543, -64.2022957719999, -64.199263795, -64.1989926999999, -64.197991342, -64.1949339339999, -64.195405781, -64.1953471679999, -64.1941030599999, 
-64.190603065, -64.190214326, -64.1885972189999, -64.1861294779999, -64.186436938, -64.18390541, -64.185571355, -64.1837107629999, -64.183930199, -64.185294602, -64.1824084149999, -64.1807103569999, -64.1775198779999, -64.175382155, -64.1734896679999, -64.1725747469999, -64.1713243149999, -64.168681212, -64.167881305, -64.166319228, -64.1650969529999, -64.162293731, -64.160125483, -64.158238508, -64.15552139, -64.154657162, -64.154375062, -64.154822446, -64.151574758, -64.150710367, -64.1486031869999, 
-64.14604192, -64.145435237, -64.145961846, -64.145294476, -64.1430968619999, -64.1397905839999, -64.1364606339999, -64.137347746, -64.1394364969999, -64.138153027, -64.134125282, -64.1305771519999, -64.128795768, -64.126242807, -64.1268241239999, -64.1253833389999, -64.121399386, -64.11826544, -64.113660165, -64.109379245, -64.109046487, -64.107765866, -64.100844099, -64.095800817, -64.0932658519999, -64.093182759, -64.088856676, -64.0861242709999, -64.087186042, -64.084180702, -64.07982592, -64.0792909959999, 
-64.076519924, -64.0742667659999, -64.06290168, -64.0594557499999, -64.056460893, -64.054985112, -64.0534915579999, -64.0520457809999, -64.047292951, -64.0467095299999, -64.0442932009999, -64.041128809, -64.0402928, -64.038324287, -64.035010176, -64.0314372009999, -64.028739212, -64.0266005069999, -64.0264588859999, -64.0240767719999, -64.0219061909999, -64.019822127, -64.01817971, -64.0149052359999, -64.013207343, -64.008518707, -64.009178079, -64.008184688, -64.009488092, -64.008963223, -64.007817743, 
-64.0045990729999, -64.002153798, -64.0005425809999, -63.997956878, -63.99302023, -63.9923766789999, -63.991657658, -63.990957126, -63.989934883, -63.989260695, -63.988685956, -63.986706931, -63.9835441659999, -63.9778976929999, -63.976961863, -63.976291285, -63.9758209139999, -63.9756851029999, -63.975296317, -63.974491339, -63.9732409929999, -63.972605002, -63.969599469, -63.969069614, -63.969126525, -63.9703182149999, -63.9715987859999, -63.972012875, -63.972602813, -63.9735158879999, -63.9744091489999, 
-63.975184877, -63.975704466, -63.97584965, -63.9767105779999, -63.9785975239999, -63.9794866049999, -63.980546851, -63.982793538, -63.98359841, -63.98396202, -63.984371164, -63.984926489, -63.985937492, -63.988237855, -63.988851873, -63.989039563, -63.9887967429999, -63.988236656, -63.987097002, -63.98598821, -63.9850167609999, -63.9842087489999, -63.9820711949999, -63.981101603, -63.9803272379999, -63.979879059, -63.979602169, -63.9805441809999, -63.981626642, -63.983763505, -63.9847636679999, 
-63.986348366, -63.987908293, -63.9922382669999, -63.9938793739999, -63.99465183, -63.997185306, -63.998320894, -63.9987634399999, -64.00054511, -64.0012100479999, -64.0020966829999, -64.0045752819999, -64.005124527, -64.005849171, -64.007963447, -64.008877126, -64.009631239, -64.009910072, -64.009930395, -64.009625619, -64.00898023, -64.00784898, -64.007486972, -64.0076541689999, -64.007966955, -64.0102697149999, -64.010817678, -64.012374639, -64.0140965099999, -64.0147678929999, -64.0152412019999, 
-64.014794829, -64.014958089, -64.015601049, -64.0154032609999, -64.01549104, -64.016354145, -64.01690243, -64.016679738, -64.016122664, -64.0134485999999, -64.011875223, -64.0119050049999, -64.012348607, -64.0122354689999, -64.010180614, -64.008378855, -64.006675421, -64.0054092399999, -64.00473615, -64.004185213, -64.003436598, -64.0005412239999, -63.99854887, -63.996459827, -63.994406103, -63.9926065289999, -63.9904344939999, -63.9890412779999, -63.9889048309999, -63.989100759, -63.991129499, 
-63.992184749, -63.992270767, -63.991872719, -63.9908191419999, -63.9895149429999, -63.9886537929999, -63.987959695, -63.986925146, -63.9855181629999, -63.985292053, -63.9869621459999, -63.987123623, -63.986958398, -63.987215827, -63.9882417279999, -63.9882632329999, -63.9878242639999, -63.9870115199999, -63.986151935, -63.9855736, -63.984695275, -63.984683461, -63.98419948, -63.984018444, -63.9837155, -63.983542601, -63.983711995, -63.983569979, -63.983214334, -63.9813425689999, -63.980486, -63.9795488559999, 
-63.9785464429999, -63.977512329, -63.977126516, -63.977403272, -63.9792151659999, -63.979739643, -63.979372198, -63.978158379, -63.9741695879999, -63.9692960529999, -63.9648210779999, -63.9619861279999, -63.960132912, -63.959133462, -63.958072026, -63.9570161049999, -63.95601371, -63.955154967, -63.954659078, -63.954378129, -63.9558459389999, -63.95646153, -63.956600869, -63.955488816, -63.953185178, -63.9501020649999, -63.9489050769999, -63.947988153, -63.947493164, -63.9445393999999, -63.9425971529999, 
-63.940409093, -63.9394898609999, -63.938430916, -63.9354599289999, -63.934770621, -63.934901537, -63.93448726, -63.933855503, -63.9329890629999, -63.932123475, -63.93120984, -63.93046192, -63.9296570899999, -63.929517177, -63.929654337, -63.9308001939999, -63.9307670089999, -63.929629483, -63.9281241979999, -63.927462055, -63.927154633, -63.927149817, -63.9276880089999, -63.929125853, -63.9295503719999, -63.929788004, -63.930327028, -63.9312952239999, -63.932603889, -63.932909753, -63.933042899, 
-63.9329019629999, -63.931100081, -63.929765114, -63.928794543, -63.927684484, -63.926678456, -63.925681696, -63.925291505, -63.9241790129999, -63.923122185, -63.92207254, -63.921596143, -63.921294145, -63.9202879239999, -63.918261421, -63.916184033, -63.9154037199999, -63.914233082, -63.913767038, -63.91360169, -63.9131577209999, -63.912989689, -63.913124036, -63.912991463, -63.907350498, -63.906515952, -63.905825864, -63.905627085, -63.905573239, -63.905266578, -63.903573626, -63.902706484, -63.90226618, 
-63.902126609, -63.9014914309999, -63.9027967819999, -63.902792101, -63.903713234, -63.9012629369999, -63.900661514, -63.900792338, -63.9006028969999, -63.899322659, -63.898740881, -63.896930232, -63.896513844, -63.8971883379999, -63.8990161409999, -63.899434733, -63.899686524, -63.89968434, -63.897984508, -63.8968790129999, -63.896154885, -63.896632548, -63.8974114879999, -63.898400491, -63.899290359, -63.8992698019999, -63.8986255189999, -63.897326025, -63.896983705, -63.8973531619999, -63.898124638, 
-63.898937265, -63.899292763, -63.8991312719999, -63.8987926359999, -63.8935697919999, -63.8915426629999, -63.8884586559999, -63.88673661, -63.885626528, -63.884597941, -63.882703432, -63.882184533, -63.88187506, -63.8818786909999, -63.882128264, -63.881993077, -63.882268916, -63.8820667099999, -63.878879204, -63.877987947, -63.8779627359999, -63.877123538, -63.876137132, -63.873154099, -63.8721841969999, -63.871355821, -63.871518379, -63.8695744989999, -63.867572163, -63.866817312, -63.863363008, 
-63.863015089, -63.8631573759999, -63.8620187549999, -63.8609582059999, -63.860040611, -63.859296742, -63.8588758419999, -63.857263605, -63.8562367009999, -63.8561018409999, -63.8548514549999, -63.8545408099999, -63.8536309139999, -63.853154349, -63.85302048, -63.8535394669999, -63.85282745, -63.8518476399999, -63.851377097, -63.851014772, -63.8504297969999, -63.848678607, -63.843711423, -63.8407987029999, -63.8387386109999, -63.8386806019999, -63.83846429, -63.837742088, -63.837128348, -63.8372698, 
-63.837740329, -63.8378811869999, -63.837075267, -63.834826644, -63.8336796519999, -63.831356003, -63.8295960929999, -63.82843467, -63.826910698, -63.8261236819999, -63.822687732, -63.821615407, -63.819266582, -63.816765675, -63.815566674, -63.813516421, -63.8125413059999, -63.8114056399999, -63.810545303, -63.80712595, -63.802016487, -63.8008501109999, -63.799849184, -63.7986776209999, -63.7967695419999, -63.794683594, -63.7937354109999, -63.7869283949999, -63.78518474, -63.785152517, -63.7854065639999, 
-63.7849279009999, -63.78404499, -63.783293207, -63.7823717319999, -63.781631567, -63.780288683, -63.778820256, -63.7775489139999, -63.7748244699999, -63.7729888479999, -63.771736668, -63.770156195, -63.769294449, -63.7688180279999, -63.7685469119999, -63.7678474539999, -63.7668766469999, -63.7656730369999, -63.7635166879999, -63.762794054, -63.7603231499999, -63.759039139, -63.757895171, -63.755484392, -63.751658784, -63.749350927, -63.7488252759999, -63.747183771, -63.746620994, -63.745072843, 
-63.74409546, -63.7436535039999, -63.743124187, -63.742962483, -63.742492413, -63.7415825209999, -63.7383494269999, -63.7360167859999, -63.734966464, -63.7341240389999, -63.731878496, -63.730655294, -63.7297404569999, -63.728617341, -63.721793598, -63.719179268, -63.7178247699999, -63.7156771969999, -63.713542548, -63.7126292419999, -63.711710966, -63.707788778, -63.706739259, -63.916875104, -63.918266887, -63.9191499839999, -63.920326898, -63.921517463, -63.923140356, -63.9242135139999, -63.926128046, 
-63.9281821729999, -63.9298265129999, -63.930826902, -63.931878667, -63.934017735, -63.935268245, -63.937463647, -63.9385189989999, -63.9393551329999, -63.9401262929999, -63.9412435149999, -63.942992998, -63.943800318, -63.944515976, -63.945474899, -63.946937131, -63.948659431, -63.949265133, -63.950187579, -63.9512387899999, -63.9532686989999, -63.9561537559999, -63.957189215, -63.959605685, -63.9615438439999, -63.964722727, -63.9656122749999, -63.9669110399999, -63.9676219169999, -63.969722484, 
-63.9712318729999, -63.9714011669999, -63.971291333, -63.97004627, -63.9694435299999, -63.9690934739999, -63.968968357, -63.969625594, -63.9709493499999, -63.972785445, -63.9747022349999, -63.9766825779999, -63.9773740589999, -63.9782146299999, -63.9785157919999, -63.979202659, -63.980054087, -63.9812984819999, -63.982018294, -63.983041712, -63.9857930049999, -63.987935474, -63.989864445, -63.99140109, -63.992404065, -63.993818767, -63.995129646, -63.9979326169999, -63.998851978, -64.0005668709999, 
-64.0035136979999, -64.0086039319999, -64.0091300599999, -64.009880737, -64.011267745, -64.011671147, -64.0119802139999, -64.012088346, -64.012352705, -64.0129621339999, -64.0139164859999, -64.0165686409999, -64.0189015349999, -64.020825093, -64.022106434, -64.0259389659999, -64.0288693749999, -64.031563746, -64.033674771, -64.035809305, -64.0373599, -64.039390064, -64.043297113, -64.048043257, -64.049021435, -64.049932363, -64.050628977, -64.054911298, -64.0556595749999, -64.0574058409999, -64.058547978, 
-64.059595832, -64.0604011669999, -64.0617976339999, -64.0625601009999, -64.064797624, -64.0667347639999, -64.0681807379999, -64.0706024079999, -64.07501941, -64.075848052, -64.079047334, -64.0810212479999, -64.083758191, -64.089142315, -64.090630429, -64.093625517, -64.0944102949999, -64.094768824, -64.095407553, -64.096218864, -64.0972709549999, -64.101075311, -64.1044376269999, -64.1084273819999, -64.110017706, -64.1106589309999, -64.111326088, -64.112131855, -64.113994682, -64.1148281119999, 
-64.1156251519999, -64.1167663609999, -64.1188205179999, -64.1195970049999, -64.1209846249999, -64.121797639, -64.1245714619999, -64.125572472, -64.1276844349999, -64.128048043, -64.1281253759999, -64.127764328, -64.127712026, -64.128956888, -64.131158299, -64.1344315389999, -64.136377989, -64.13737932, -64.138403112, -64.1391509009999, -64.1408830989999, -64.142187303, -64.143327049, -64.1448744239999, -64.148721974, -64.14945728, -64.151047606, -64.1520504769999, -64.152824812, -64.1539878729999, 
-64.1545718889999, -64.1551254839999, -64.1562683059999, -64.1578215169999, -64.1584054099999, -64.1598297829999, -64.1606614779999, -64.1616578319999, -64.162270645, -64.163625872, -64.1642953299999, -64.165826488, -64.1667417259999, -64.167794562, -64.1697978139999, -64.1714994859999, -64.1725426989999, -64.174029105, -64.1751035, -64.1759876319999, -64.176602168, -64.1779334839999, -64.179697852, -64.180480796, -64.1813235819999, -64.182570485, -64.1830172269999, -64.1837698479999, -64.1840800799999, 
-64.184767432, -64.186967238, -64.188535873, -64.190261467, -64.1911592399999, -64.192017982, -64.19304289, -64.194800388, -64.195848629, -64.196903317, -64.1978785119999, -64.1985168469999, -64.199046282, -64.1984591189999, -64.197906968, -64.1980726619999, -64.1989065619999, -64.2013854029999, -64.20252688, -64.204042567, -64.204735874, -64.205158989, -64.205188979, -64.2026595219999, -64.2031318719999, -64.204068463, -64.204932958, -64.2051252949999, -64.2039959409999, -64.203576624, -64.2039316619999, 
-64.205325896, -64.2074363189999, -64.209323244, -64.2099117659999, -64.210133502, -64.2103552369999, -64.211240473, -64.2115477099999, -64.2118549469999, -64.2137213179999, -64.216738331, -64.2182944059999, -64.218180068, -64.2175180299999, -64.2170783179999, -64.2170511369999, -64.2174612889999, -64.2184326239999, -64.2193771079999, -64.2203829389999, -64.220689517, -64.2215437449999, -64.2224624069999, -64.2246865239999, -64.225546039, -64.2274379719999, -64.2316574989999, -64.232658154, -64.233683679, 
-64.234074738, -64.234136544, -64.234625076, -64.2352441989999, -64.236159249, -64.238262081, -64.239349725, -64.240213796, -64.2415153539999, -64.243624996, -64.244625593, -64.247476623, -64.250573456, -64.251711438, -64.252991957, -64.2548776529999, -64.255424723, -64.256613828, -64.2579646689999, -64.259851918, -64.262183712, -64.263495675, -64.265569622, -64.2666293139999, -64.269416811, -64.269969276, -64.270264485, -64.2710201519999, -64.2726549239999, -64.2764047059999, -64.280051865, -64.281123382, 
-64.284156187, -64.287419999, -64.288296839, -64.2899048589999, -64.290959313, -64.292767993, -64.2937051979999, -64.2956041049999, -64.298518128, -64.2994355489999, -64.3008255999999, -64.301709164, -64.302236901, -64.3049917969999, -64.305853232, -64.3064633439999, -64.3074928659999, -64.308077068, -64.308931541, -64.309825757, -64.3095226439999, -64.3105262299999, -64.311440273, -64.3131305599999, -64.314104684, -64.315415159, -64.31804849, -64.319135337, -64.3197410589999, -64.320410965, -64.3213759169999, 
-64.322211651, -64.3228465709999, -64.323269093, -64.3242365469999, -64.325180435, -64.3261643609999, -64.327077698, -64.327905264, -64.329913727, -64.3309618019999, -64.331933704, -64.3336592849999, -64.33470959, -64.3367714299999, -64.336794819, -64.337773354, -64.338876567, -64.3400761349999, -64.340798488, -64.341218056, -64.342320871, -64.34338962, -64.3442427179999, -64.3445034839999, -64.345349614, -64.345294365, -64.346351293, -64.348131817, -64.350378715, -64.352328477, -64.3521309869999, 
-64.3531108, -64.354757724, -64.355522997, -64.3564915059999, -64.357205974, -64.356964204, -64.357655995, -64.3586052349999, -64.3593245399999, -64.3595850679999, -64.359989529, -64.360763672, -64.361654385, -64.363024091, -64.363467276, -64.364046964, -64.3649654969999, -64.365876594, -64.366322262, -64.368306421, -64.368347236, -64.3693786379999, -64.3701822829999, -64.3711571039999, -64.3731185019999, -64.3753876949999, -64.376475241, -64.3770202059999, -64.3780425269999, -64.3783233519999, -64.379492033, 
-64.379717373, -64.3803865949999, -64.381321263, -64.382154858, -64.3827442429999, -64.383159975, -64.382627544, -64.382653191, -64.3831263629999, -64.3842125049999, -64.38519086, -64.3858528149999, -64.386822549, -64.3869648629999, -64.3860514239999, -64.386049493, -64.3866794089999, -64.3891816419999, -64.3899103149999, -64.390297838, -64.390437182, -64.3911470359999, -64.391404092, -64.3914025739999, -64.391634609, -64.3924051469999, -64.393209485, -64.393988759, -64.394775573, -64.3961205339999, 
-64.397327256, -64.3981900679999, -64.3991068399999, -64.3998288, -64.4006884149999, -64.401855642, -64.402792811, -64.4044083299999, -64.4052657559999, -64.406162936, -64.406856373, -64.408604312, -64.4094096759999, -64.4099365009999, -64.411741785, -64.412274283, -64.412438139, -64.4116028549999, -64.4108255069999, -64.41057296, -64.410853643, -64.410740279, -64.4099045539999, -64.4092666759999, -64.40907834, -64.4096866639999, -64.41110543, -64.411459155, -64.4120193099999, -64.4121306009999, 
-64.412073261, -64.4113761639999, -64.410677006, -64.4102030469999, -64.4096576629999, -64.4099108, -64.4119679, -64.413904714, -64.4148327279999, -64.416273355, -64.4184081549999, -64.419156034, -64.420157636, -64.421164143, -64.4214654589999, -64.422406541, -64.4252417129999, -64.4263273669999, -64.427299067, -64.428178144, -64.430186724, -64.431186985, -64.432524747, -64.4329897329999, -64.4335801249999, -64.435428248, -64.438544613, -64.4394605699999, -64.4411312289999, -64.442986649, -64.443988433, 
-64.4448798199999, -64.4454314309999, -64.4463265409999, -64.447514499, -64.4483876349999, -64.448795956, -64.4498486359999, -64.4505753919999, -64.45171297, -64.452711375, -64.454157129, -64.454996501, -64.4560179349999, -64.4569116, -64.455962343, -64.455468206, -64.455665251, -64.4565469079999, -64.4574326989999, -64.4578793509999, -64.458798347, -64.460682762, -64.461546433, -64.4619916589999, -64.4628289429999, -64.463882519, -64.46485555, -64.466921659, -64.468730148, -64.469828873, -64.470541859, 
-64.471244483, -64.472379663, -64.473133656, -64.473126997, -64.474133076, -64.475076309, -64.4757705039999, -64.476658418, -64.478768529, -64.479635608, -64.479969634, -64.480521336, -64.482328784, -64.484191972, -64.4853292399999, -64.486219719, -64.4872163489999, -64.4881323829999, -64.4888770259999, -64.4901890179999, -64.4911885019999, -64.493355319, -64.494239087, -64.494932041, -64.495267097, -64.496798648, -64.497578393, -64.498634251, -64.4992664299999, -64.500191735, -64.501494308, -64.501440831, 
-64.5034614499999, -64.504019727, -64.504213469, -64.504716977, -64.5054923719999, -64.505493853, -64.50810928, -64.508735629, -64.509237966, -64.510244243, -64.511101346, -64.5131050409999, -64.514076586, -64.514495574, -64.516237303, -64.5168204029999, -64.517767683, -64.517988771, -64.518686771, -64.5197407489999, -64.5202432849999, -64.5211593199999, -64.52207413, -64.5224890119999, -64.52349119, -64.5240230059999, -64.524908267, -64.5261162259999, -64.52835712, -64.5286306309999, -64.528102568, 
-64.527766789, -64.528203667, -64.528991042, -64.5294348, -64.5296014429999, -64.5308257029999, -64.531395558, -64.532912884, -64.534598686, -64.535491673, -64.5363831369999, -64.537297969, -64.5379895149999, -64.53826949, -64.538369973, -64.539056718, -64.539765971, -64.540872636, -64.5430449099999, -64.5452712809999, -64.546271977, -64.547077967, -64.549801535, -64.5508303879999, -64.551934982, -64.552290931, -64.553812046, -64.55505557, -64.5561827759999, -64.557942613, -64.5594973249999, -64.559659246, 
-64.5588859059999, -64.5593796049999, -64.5612389309999, -64.5619923439999, -64.5623848069999, -64.5652745469999, -64.566854866, -64.567841784, -64.570686586, -64.572796344, -64.5737152999999, -64.574574996, -64.5754960899999, -64.577132611, -64.578936466, -64.5795194899999, -64.58013434, -64.5820985789999, -64.582959346, -64.583962958, -64.584850619, -64.585605038, -64.5873528269999, -64.588418769, -64.5893211259999, -64.590186138, -64.5906983619999, -64.591550105, -64.5934345909999, -64.5951572559999, 
-64.595125426, -64.5957157539999, -64.596661111, -64.5975784899999, -64.598959432, -64.5997929739999, -64.599939067, -64.5995997589999, -64.6004883459999, -64.604675045, -64.6065673199999, -64.607493549, -64.6084911999999, -64.609302058, -64.6106186799999, -64.61553125, -64.6163949499999, -64.6165126289999, -64.615627641, -64.616574908, -64.6172397489999, -64.6182101169999, -64.6199769149999, -64.6217416049999, -64.623458406, -64.626183937, -64.627160781, -64.6267924409999, -64.626076743, -64.625744241, 
-64.626016499, -64.6264380109999, -64.627411389, -64.627769459, -64.628435063, -64.6296925359999, -64.630356467, -64.6312204159999, -64.6320797979999, -64.632853277, -64.633802322, -64.6344395409999, -64.634662716, -64.6353801459999, -64.636159706, -64.637162673, -64.6382126989999, -64.639658481, -64.6405348999999, -64.640881285, -64.641327119, -64.6420171109999, -64.64298823, -64.64327454, -64.643132689, -64.6436310409999, -64.644516491, -64.644968584, -64.645133636, -64.646048666, -64.646825595, 
-64.647184368, -64.649422371, -64.650333766, -64.651271617, -64.652106303, -64.654549207, -64.6556854509999, -64.6564346939999, -64.6573008239999, -64.658216866, -64.659042712, -64.6593565619999, -64.660177042, -64.6604706219999, -64.660300574, -64.659499146, -64.659434566, -64.6929447759999, -64.693008887, -64.708029484, -64.723400128, -64.731159394, -64.741684383, -64.742656288, -64.7431278349999, -64.7439087719999, -64.745009041, -64.7463319599999, -64.747526319, -64.753726377, -64.756097332, 
-64.7633866789999, -64.773529289, -64.775432607, -64.777638725, -64.77940995, -64.78107149, -64.7828943979999, -64.7840412549999, -64.78552278, -64.78749303, -64.7895198909999, -64.7907468239999, -64.793683391, -64.7953198719999, -64.7998810809999, -64.8011016999999, -64.804106606, -64.805669753, -64.8067733039999, -64.8079909189999, -64.8105262829999, -64.811241769, -64.8125551629999, -64.8150943209999, -64.817549492, -64.820435847, -64.822548649, -64.8243268419999, -64.8250230849999, -64.825353002, 
-64.825629323, -64.8256086189999, -64.8261634729999, -64.827586201, -64.829780408, -64.8308416259999, -64.831881953, -64.8332138879999, -64.8337421289999, -64.8339070439999, -64.834522923, -64.835056669, -64.8363399299999, -64.8372994089999, -64.837966401, -64.838800562, -64.8418830689999, -64.8428867849999, -64.8459867559999, -64.8497687819999, -64.852688298, -64.85538902, -64.856770074, -64.860603919, -64.861451632, -64.863309629, -64.866302502, -64.868772326, -64.869269832, -64.8703200429999, 
-64.8713216729999, -64.872268778, -64.8776619239999, -64.878628163, -64.8807631459999, -64.8828235929999, -64.8834431769999, -64.884254751, -64.88545705, -64.888859182, -64.8941561979999, -64.895503523, -64.896385909, -64.89693862, -64.899246592, -64.900116258, -64.9010504829999, -64.902026228, -64.906311117, -64.9102414389999, -64.912216359, -64.9129850319999, -64.9145523509999, -64.921602724, -64.9245954749999, -64.926374864, -64.9272738069999, -64.9280534969999, -64.929658698, -64.9305591409999, 
-64.931242619, -64.932305376, -64.933051055, -64.93390967, -64.934325249, -64.9348538929999, -64.936466525, -64.9389431079999, -64.940495448, -64.942516748, -64.94468831, -64.945795886, -64.949039723, -64.95234933, -64.9621610519999, -64.963490636, -64.9667717079999, -64.9689649639999, -64.9711331509999, -64.973110064, -64.9750772509999, -64.9769653309999, -64.98176517, -64.983991981, -64.987301379, -64.988212288, -64.9904512989999, -64.9945883339999, -64.996242899, -64.997960322, -64.9992395999999, 
-65.000444537, -65.004573852, -65.008052883, -65.0104667389999, -65.013321876, -65.015545478, -65.0194236839999, -65.0215982729999, -65.024194475, -65.029637226, -65.0310241239999, -65.0335772259999, -65.035967106, -65.038852405, -65.039796979, -65.0419394979999, -65.0450736319999, -65.047191153, -65.0566627909999, -65.0575602529999, -65.0590496689999, -65.060275803, -65.062408129, -65.0643303409999, -65.0653287039999, -65.066305324, -65.069494935, -65.070884614, -65.072554735, -65.074045041, -65.075018094, 
-65.07607927, -65.078185944, -65.0796329, -65.0853537209999, -65.086578136, -65.088605114, -65.0898785989999, -65.090315445, -65.092379175, -65.093110332, -65.094191988, -65.096053376, -65.0981356929999, -65.101600343, -65.1028585919999, -65.1042767309999, -65.105605359, -65.1072446629999, -65.108191231, -65.1092165209999, -65.110325047, -65.111520616, -65.112886238, -65.114740662, -65.1161104709999, -65.1175265769999, -65.118171466, -65.1201006099999, -65.1226607199999, -65.1259915309999, -65.1278612849999, 
-65.131138053, -65.13335506, -65.134880612, -65.135744409, -65.1374806529999, -65.138432591, -65.139370564, -65.14382738, -65.152556147, -65.156716506, -65.162765125, -65.164956291, -65.1683143549999, -65.1709796009999, -65.1725116109999, -65.173434931, -65.1744421189999, -65.1764673279999, -65.1778272499999, -65.1785806999999, -65.1796598709999, -65.18066599, -65.1823334659999, -65.1833526339999, -65.18402619, -65.184497397, -65.185440811, -65.186299471, -65.186633801, -65.1874382439999, -65.188775171, 
-65.189828468, -65.1906315939999, -65.190628152, -65.1902190129999, -65.189942174, -65.1904641419999, -65.191382585, -65.192661888, -65.194247987, -65.19541443, -65.196243291, -65.1965011309999, -65.196234449, -65.197030168, -65.198137956, -65.1989077959999, -65.1992204809999, -65.2000465099999, -65.2000168909999, -65.200214751, -65.2010194789999, -65.202381437, -65.203408223, -65.203853091, -65.2047208389999, -65.205020307, -65.2057201659999, -65.20733326, -65.2084916169999, -65.2092971249999, -65.2091618309999, 
-65.2085821269999, -65.2097733529999, -65.210691163, -65.2115517949999, -65.21282907, -65.213244631, -65.214021856, -65.214797603, -65.215603441, -65.215767903, -65.2179251599999, -65.219013056, -65.221237388, -65.222524525, -65.223579509, -65.2244993179999, -65.2258314099999, -65.2266613039999, -65.2294961539999, -65.23085589, -65.231885542, -65.232990133, -65.233653208, -65.2342223749999, -65.2343029339999, -65.2340841749999, -65.233201252, -65.2338619529999, -65.2352477739999, -65.236020996, -65.2383887469999, 
-65.2389939069999, -65.240136614, -65.2424372199999, -65.243080013, -65.243160632, -65.2441062899999, -65.2464653709999, -65.247222295, -65.2481356919999, -65.249139688, -65.2500517439999, -65.25027576, -65.251134511, -65.2526087369999, -65.2533018439999, -65.2545001659999, -65.2557172319999, -65.257385751, -65.2583311559999, -65.259389405, -65.260441035, -65.2610490579999, -65.2614999099999, -65.262494814, -65.263469099, -65.263965532, -65.26602532, -65.266855101, -65.268130233, -65.2684117629999, 
-65.269666666, -65.270635321, -65.272687278, -65.2738854129999, -65.2749995409999, -65.2760504389999, -65.2769964149999, -65.277795276, -65.278690161, -65.279797283, -65.280939513, -65.2824933159999, -65.283668133, -65.283629539, -65.2845255569999, -65.285803563, -65.286803685, -65.2866926609999, -65.285473167, -65.286104819, -65.286939105, -65.2870546309999, -65.287639322, -65.2887990509999, -65.289428604, -65.289796448, -65.289286616, -65.289400594, -65.289996267, -65.2910254879999, -65.292380566, 
-65.294798492, -65.296043348, -65.298364841, -65.299554281, -65.2992992489999, -65.2985545519999, -65.299246096, -65.299634048, -65.2994154019999, -65.300194941, -65.301298065, -65.302747373, -65.303962829, -65.305216558, -65.3062747589999, -65.3062985299999, -65.30535003, -65.30566538, -65.306465374, -65.3075519, -65.308412178, -65.3088866409999, -65.308746077, -65.308308392, -65.307381982, -65.306747705, -65.3058806559999, -65.3051615089999, -65.303723667, -65.302802514, -65.3013048209999, -65.300467134, 
-65.299600553, -65.298665668, -65.298330592, -65.2975182129999, -65.2965783059999, -65.29730443, -65.2977158679999, -65.2976914209999, -65.2986607619999, -65.2998534309999, -65.301825063, -65.3024393029999, -65.302579625, -65.303414973, -65.3044123559999, -65.3054125909999, -65.3074708079999, -65.308661286, -65.3098042909999, -65.310718556, -65.310443302, -65.3095819469999, -65.3083269269999, -65.307188864, -65.307550541, -65.308631808, -65.3090234439999, -65.308887821, -65.3107490169999, -65.3110817059999, 
-65.313464515, -65.3144692349999, -65.315338689, -65.315853606, -65.3167314, -65.317196469, -65.3177174359999, -65.319379933, -65.320413988, -65.321178013, -65.3219663679999, -65.3226632619999, -65.32357932, -65.326496807, -65.3292208559999, -65.330130771, -65.3317971479999, -65.33441246, -65.33652183, -65.337355121, -65.337886167, -65.338001208, -65.337993614, -65.337080309, -65.3349918649999, -65.334379279, -65.334874082, -65.335214445, -65.3352215499999, -65.3346890709999, -65.334381161, -65.3345763709999, 
-65.33535168, -65.3370493999999, -65.336225782, -65.3360960259999, -65.3361351169999, -65.3368037329999, -65.337638525, -65.340631264, -65.3389383809999, -65.3394531179999, -65.3414674809999, -65.342442396, -65.3431137319999, -65.3441106029999, -65.3446401069999, -65.3448318269999, -65.345677525, -65.3476746159999, -65.348723778, -65.350467205, -65.3515240959999, -65.3517483039999, -65.3523332679999, -65.3535269639999, -65.3551948639999, -65.357056143, -65.3580516409999, -65.3589071519999, -65.35930378, 
-65.360356574, -65.362227922, -65.364236138, -65.365074033, -65.3675247889999, -65.368385463, -65.369519759, -65.371721315, -65.3750510409999, -65.377239196, -65.3788635, -65.379802685, -65.380610721, -65.381499576, -65.3801337189999, -65.3799132829999, -65.379329839, -65.3791590119999, -65.3790817409999, -65.380354177, -65.381323526, -65.38346961, -65.3844401329999, -65.385270815, -65.3861040989999, -65.3880972979999, -65.389192205, -65.389744786, -65.390468402, -65.39185608, -65.391801274, -65.390107321, 
-65.3888061389999, -65.3851907519999, -65.3838993429999, -65.382216568, -65.3815806999999, -65.380780154, -65.379186235, -65.3774347609999, -65.375905751, -65.374026355, -65.372051833, -65.371137535, -65.366468093, -65.365638162, -65.3646046809999, -65.3639931629999, -65.3630797309999, -65.3617418539999, -65.358241905, -65.356972716, -65.3560519839999, -65.355277272, -65.3546081399999, -65.3538293359999, -65.3532744359999, -65.352478769, -65.3507306769999, -65.3482189889999, -65.347500014, -65.344442924, 
-65.342620467, -65.33707745, -65.3350740829999, -65.3341513699999, -65.331691516, -65.330777059, -65.3273572669999, -65.326093664, -65.3254379409999, -65.3243812819999, -65.323607077, -65.321956029, -65.3215852929999, -65.320418907, -65.319415603, -65.319206578, -65.318247192, -65.317883884, -65.317799706, -65.3171081949999, -65.315522833, -65.315192339, -65.314299663, -65.313248363, -65.312386548, -65.3110098349999, -65.309915395, -65.309276621, -65.3084911839999, -65.307909235, -65.307265754, -65.306771329, 
-65.3051879, -65.303860916, -65.3028548419999, -65.301519978, -65.3002997959999, -65.299626316, -65.296267383, -65.2948337669999, -65.2942189179999, -65.294236309, -65.2937733149999, -65.2931991599999, -65.2927446199999, -65.2898196289999, -65.288829137, -65.288774636, -65.2889127759999, -65.2894956519999, -65.289986943, -65.2908579769999, -65.2912181949999, -65.2932110199999, -65.293998956, -65.2946053399999, -65.295409643, -65.2961248029999, -65.2976582489999, -65.2981658339999, -65.298857598, 
-65.2994903709999, -65.3001895989999, -65.3007465179999, -65.3020121609999, -65.3034967369999, -65.304522129, -65.3049702699999, -65.3056906779999, -65.3058291199999, -65.3066726989999, -65.3070250979999, -65.307021597, -65.306599314, -65.305768463, -65.3030770219999, -65.3026912999999, -65.301577951, -65.300906671, -65.300280985, -65.300413399, -65.301130167, -65.301742292, -65.302216851, -65.302217589, -65.300650323, -65.3003030409999, -65.3002995319999, -65.300577417, -65.301380078, -65.3019970889999, 
-65.3031854259999, -65.3042201549999, -65.30485098, -65.309223694, -65.312151472, -65.314319024, -65.3154667089999, -65.3161077059999, -65.3180257689999, -65.318440475, -65.3197991569999, -65.323185154, -65.324300818, -65.3255249789999, -65.3261626209999, -65.3273192149999, -65.327844284, -65.3290230799999, -65.3291619059999, -65.329523951, -65.329828998, -65.3298550329999, -65.3296696809999, -65.329356961, -65.328025476, -65.3276037919999, -65.3267732739999, -65.32607621, -65.324186511, -65.3230473689999, 
-65.3228575469999, -65.321960507, -65.320695013, -65.3200511329999, -65.321715657, -65.3217000709999, -65.3213243559999, -65.3211591799999, -65.3211625579999, -65.3212954649999, -65.3219150849999, -65.32221898, -65.3230452139999, -65.32413996, -65.3255443009999, -65.32932663, -65.3303319959999, -65.331938342, -65.333080411, -65.333405941, -65.332934414, -65.3329132959999, -65.332133851, -65.331823583, -65.3321706139999, -65.332517645, -65.332607802, -65.33300938, -65.332353548, -65.331697717, -65.3290014839999, 
-65.3251073479999, -65.32357265, -65.3219288019999, -65.3202710159999, -65.317327462, -65.3170068529999, -65.314078343, -65.312406492, -65.311498779, -9.94319875899988, -9.94639732899994, -9.94927517499994, -9.95148414700001, -9.95420333199993, -9.95471341699995, -9.95418832899993, -9.95425699799993, -9.95472728599994, -9.95560209199994, -9.95639599099999, -9.9592706679999, -9.96107461999994, -9.96294396999998, -9.96337831499995, -9.96137602700001, -9.96100884299992, -9.96115040799999, -9.96248813700001, 
-9.96286878999998, -9.96129705399996, -9.96090967299997, -9.96153800299991, -9.96499901499993, -9.9654012079999, -9.96493894699993, -9.96559065199994, -9.96892084099997, -9.96906619100001, -9.96702709599996, -9.96580416899993, -9.96199277899997, -9.96220836599996, -9.96106291599995, -9.96076343299995, -9.96187149699997, -9.96215379799997, -9.96620849099999, -9.96951493399992, -9.97286289999991, -9.97943090799996, -9.98029762399991, -9.98223468499996, -9.98507836599996, -9.98673630699992, -9.99639707999998, 
-10.0002318719999, -10.00038089, -10.0004109489999, -10.0004269259999, -10.000441617, -10.000399043, -10.0004048259999, -10.0003818449999, -10.0003830539999, -10.0004133619999, -10.003344386, -10.0057107549999, -10.0073442099999, -10.00993768, -10.012981714, -10.0144378569999, -10.016280393, -10.017148941, -10.01880878, -10.0210598479999, -10.0233593069999, -10.0254558679999, -10.03110571, -10.036177852, -10.037434776, -10.0373901999999, -10.039271692, -10.039890279, -10.0417449739999, -10.0440821079999, 
-10.043079145, -10.045110348, -10.049236565, -10.0551313729999, -10.0580158429999, -10.060418798, -10.061023282, -10.0635732399999, -10.0686104019999, -10.0693578499999, -10.0710776429999, -10.0744837409999, -10.0758737149999, -10.078695748, -10.080995557, -10.08486331, -10.0865975639999, -10.0972206019999, -10.1045090059999, -10.1071670929999, -10.1091315379999, -10.1137495539999, -10.1159736439999, -10.1181765309999, -10.1194580839999, -10.1228738829999, -10.1230334419999, -10.125371019, -10.1272100919999, 
-10.1306603849999, -10.1296686169999, -10.1321986309999, -10.1350093429999, -10.13682577, -10.1424842289999, -10.1460154709999, -10.1469137069999, -10.148773564, -10.1505613669999, -10.151591231, -10.1544836559999, -10.158270279, -10.1620441399999, -10.165382242, -10.1680414369999, -10.1698552729999, -10.1710675069999, -10.1728301109999, -10.174958386, -10.1762169269999, -10.177982232, -10.1784087819999, -10.17957709, -10.18233807, -10.1830591149999, -10.1846595729999, -10.185782666, -10.1896314639999, 
-10.19637453, -10.197279669, -10.2002566829999, -10.202138055, -10.205800454, -10.209409452, -10.218269817, -10.2177747139999, -10.2159541649999, -10.218085025, -10.2212579359999, -10.224594636, -10.2265079699999, -10.230661649, -10.235811186, -10.237810504, -10.2385413669999, -10.2392295649999, -10.240192767, -10.2410005669999, -10.24275415, -10.241892071, -10.2406609789999, -10.239424149, -10.2389761519999, -10.245689174, -10.2498736159999, -10.2520465609999, -10.2556266889999, -10.2591026469999, 
-10.2647524519999, -10.271146463, -10.2768861019999, -10.2789643699999, -10.2839529129999, -10.2890268629999, -10.290936074, -10.293035943, -10.2956038099999, -10.2985273189999, -10.3014069779999, -10.305441037, -10.304882612, -10.30561605, -10.3072691609999, -10.3108394929999, -10.3141374039999, -10.3176107099999, -10.3214185369999, -10.324190617, -10.3250184139999, -10.3265895079999, -10.331017952, -10.333702277, -10.3356609319999, -10.336709137, -10.341399125, -10.3446674329999, -10.3461454599999, 
-10.348042479, -10.348415437, -10.3526727619999, -10.3523383859999, -10.3550528319999, -10.355590352, -10.3588175149999, -10.3595890789999, -10.3595348429999, -10.362355985, -10.3664659549999, -10.368484805, -10.3716208509999, -10.3734070159999, -10.3734767379999, -10.375919718, -10.3775071799999, -10.3796929149999, -10.383578493, -10.386496493, -10.386163117, -10.388397853, -10.3899756939999, -10.393025782, -10.395631026, -10.396569376, -10.39883414, -10.401715156, -10.4022785229999, -10.4033819639999, 
-10.403945033, -10.4025598079999, -10.4022181019999, -10.404162959, -10.4055998309999, -10.406110095, -10.4098946049999, -10.4101296469999, -10.411059641, -10.410559294, -10.4098332739999, -10.409465495, -10.4118774319999, -10.4164365, -10.4198236579999, -10.4209856759999, -10.4239114219999, -10.4234653659999, -10.4236033979999, -10.425475113, -10.427320493, -10.4294235689999, -10.433043821, -10.433184705, -10.434044483, -10.4344603939999, -10.43789048, -10.440257477, -10.4413035069999, -10.4405037349999, 
-10.443526345, -10.4457221599999, -10.444528734, -10.439111193, -10.436687261, -10.438958939, -10.443110845, -10.444268574, -10.444697977, -10.4473805629999, -10.4498601769999, -10.448056107, -10.456741725, -10.4588435229999, -10.462204571, -10.462909811, -10.463780073, -10.466323101, -10.466727828, -10.463165509, -10.4652575719999, -10.4657279969999, -10.4692735749999, -10.4730050239999, -10.469902352, -10.4663355149999, -10.4690353179999, -10.468325164, -10.4700098909999, -10.4688110739999, -10.4710759029999, 
-10.469305335, -10.4703296119999, -10.4682550039999, -10.467298371, -10.4679618359999, -10.4649026199999, -10.4650923639999, -10.4633663999999, -10.466099776, -10.467012304, -10.470276529, -10.4693625429999, -10.4692164849999, -10.470512265, -10.4725452939999, -10.4745078959999, -10.4781863119999, -10.480526433, -10.486080643, -10.4881843229999, -10.490680713, -10.494264651, -10.4949269859999, -10.494310259, -10.4975742269999, -10.4993397129999, -10.5003223049999, -10.505541971, -10.508176208, -10.5099380099999, 
-10.510737067, -10.511418057, -10.5123975389999, -10.5123886759999, -10.5130174459999, -10.513725679, -10.5144961099999, -10.515436829, -10.516350243, -10.517298241, -10.518152178, -10.518519859, -10.519173347, -10.520914684, -10.521769016, -10.522678257, -10.524531063, -10.525882811, -10.5261088599999, -10.52643018, -10.526400073, -10.5257314589999, -10.5248775199999, -10.5240172659999, -10.5231115809999, -10.522798743, -10.5235700679999, -10.524236856, -10.5245168199999, -10.524177891, -10.5250094989999, 
-10.5259885069999, -10.528874492, -10.5296487649999, -10.5300719469999, -10.5304550549999, -10.531122308, -10.5321433039999, -10.5331366789999, -10.5341274409999, -10.534555062, -10.5347232309999, -10.5346455699999, -10.5342250029999, -10.5340427329999, -10.5343313509999, -10.5348893359999, -10.535724209, -10.5367667989999, -10.5373445509999, -10.5368723619999, -10.536583112, -10.536953134, -10.5387409469999, -10.54007581, -10.541981378, -10.5431968849999, -10.543955427, -10.5458490419999, -10.54737081, 
-10.548355303, -10.549449582, -10.5485642799999, -10.548058009, -10.546053738, -10.545180963, -10.544472963, -10.544022904, -10.5442618079999, -10.544961134, -10.545914146, -10.546928695, -10.5489890709999, -10.5518158959999, -10.554768414, -10.556810985, -10.5577594589999, -10.5586311919999, -10.560868644, -10.5616911289999, -10.562897431, -10.5638347419999, -10.5645169829999, -10.565348017, -10.5742765949999, -10.5767768889999, -10.5799101309999, -10.58308038, -10.5840847829999, -10.5845051809999, 
-10.585333836, -10.58632122, -10.5872041039999, -10.5889634749999, -10.5903309719999, -10.5912391589999, -10.5922484689999, -10.593286805, -10.595278159, -10.596651944, -10.5976509779999, -10.599214778, -10.601021161, -10.6020081699999, -10.6026270209999, -10.6039147599999, -10.604496803, -10.604834969, -10.605469726, -10.606355012, -10.60709062, -10.6086584389999, -10.6097956209999, -10.610752149, -10.6115015409999, -10.611644981, -10.6125951349999, -10.613588975, -10.61444469, -10.6161060179999, 
-10.616640171, -10.617500678, -10.618128509, -10.6199740189999, -10.6211924639999, -10.6221554049999, -10.6252094929999, -10.62624865, -10.627489377, -10.6305243769999, -10.631485478, -10.632290772, -10.6328796009999, -10.633183773, -10.6339497639999, -10.634348473, -10.634353836, -10.6340949159999, -10.6339980659999, -10.6338359969999, -10.631661127, -10.630665505, -10.629430953, -10.6285685569999, -10.6270895879999, -10.6267607629999, -10.626400585, -10.6256671749999, -10.6253331989999, -10.6244699389999, 
-10.6234290509999, -10.622079822, -10.6202280529999, -10.6190878939999, -10.6188495559999, -10.620258861, -10.6207580629999, -10.6217296749999, -10.623446923, -10.624290196, -10.62423229, -10.6236771159999, -10.623513994, -10.6236175179999, -10.623919801, -10.624693017, -10.626502507, -10.627740314, -10.628613403, -10.6295183139999, -10.62962439, -10.6288031579999, -10.628499222, -10.628804047, -10.629564573, -10.6303377739999, -10.6318929179999, -10.6322807389999, -10.632393628, -10.6322449199999, 
-10.6322137869999, -10.631480093, -10.6322397549999, -10.6342878839999, -10.636412759, -10.637226799, -10.6375747799999, -10.637137323, -10.6371043199999, -10.6377775629999, -10.6396757279999, -10.64076684, -10.64185822, -10.6458618529999, -10.6470842489999, -10.647504012, -10.646240496, -10.6469645699999, -10.6479102559999, -10.648909792, -10.6501000929999, -10.651425435, -10.65232686, -10.6543636609999, -10.655158978, -10.6556279609999, -10.6571115199999, -10.6580745829999, -10.659068899, -10.6600708939999, 
-10.6650848959999, -10.666792882, -10.6672859369999, -10.66745706, -10.667174712, -10.6674546169999, -10.6683850839999, -10.668761326, -10.668882634, -10.6695306059999, -10.6733862089999, -10.6742452819999, -10.674376604, -10.6751594469999, -10.6762318459999, -10.6769507569999, -10.6789318239999, -10.6800599419999, -10.6811545859999, -10.682370281, -10.6842763249999, -10.685278684, -10.688768801, -10.68966031, -10.6901482449999, -10.690830481, -10.6920492349999, -10.695458505, -10.6966779639999, 
-10.697624294, -10.6997974549999, -10.702185512, -10.7044286399999, -10.706507187, -10.7094700509999, -10.710470551, -10.7131503119999, -10.714654503, -10.7168407899999, -10.717845075, -10.7189842179999, -10.7217784579999, -10.723866076, -10.7269694139999, -10.729051866, -10.7297876829999, -10.7308546579999, -10.7319025209999, -10.7328566479999, -10.7339034429999, -10.7362027029999, -10.7367982059999, -10.7375868099999, -10.738455396, -10.7390559609999, -10.7391738159999, -10.739753949, -10.7407977569999, 
-10.7417889299999, -10.743133243, -10.7444894119999, -10.74565472, -10.746611248, -10.7471224629999, -10.748168725, -10.7502101989999, -10.751066071, -10.7518810199999, -10.7520177959999, -10.752755704, -10.753574778, -10.7537264279999, -10.754186696, -10.755575582, -10.7564308979999, -10.757340273, -10.758285295, -10.759476712, -10.7616520929999, -10.7629184729999, -10.7640572029999, -10.7646557279999, -10.7651482599999, -10.7676911409999, -10.7689042809999, -10.768868384, -10.7683147, -10.768307695, 
-10.7687099779999, -10.7697588229999, -10.7698715539999, -10.7702375599999, -10.770845294, -10.7729037839999, -10.7701665239999, -10.7692070669999, -10.768519617, -10.7685100699999, -10.7690372959999, -10.7697570309999, -10.7705896959999, -10.7719153719999, -10.772401443, -10.773308966, -10.775068268, -10.777057597, -10.777708542, -10.778545643, -10.779761676, -10.781635825, -10.783353304, -10.784159831, -10.7832035129999, -10.7819209969999, -10.781101127, -10.7801751399999, -10.779626348, -10.781133682, 
-10.7813872629999, -10.783243913, -10.7841513539999, -10.784780369, -10.7858152999999, -10.787086964, -10.788322454, -10.7895477619999, -10.7903577619999, -10.7909454479999, -10.7914263759999, -10.7914287259999, -10.7921339539999, -10.79273304, -10.79421653, -10.7947949739999, -10.7965327559999, -10.797338624, -10.7979695359999, -10.7995986669999, -10.799834179, -10.8012012829999, -10.801596552, -10.8015875019999, -10.8012139959999, -10.7976814219999, -10.7950844749999, -10.7946393219999, -10.7939660339999, 
-10.794005302, -10.794938013, -10.7951877619999, -10.7955116789999, -10.79639393, -10.797348239, -10.7983499339999, -10.79934894, -10.800435026, -10.8008532229999, -10.8016445949999, -10.8021986699999, -10.803989491, -10.805450397, -10.8080809359999, -10.808372127, -10.809580046, -10.8098781309999, -10.8113442549999, -10.813935525, -10.8144708039999, -10.8152625309999, -10.816233374, -10.8172273939999, -10.8175332879999, -10.8176305959999, -10.817130585, -10.8165751449999, -10.8163043279999, -10.816405007, 
-10.816115102, -10.815135046, -10.81400279, -10.8145224199999, -10.8157420549999, -10.8170847439999, -10.818989689, -10.8202215519999, -10.8220100839999, -10.8238604419999, -10.8247153929999, -10.825620444, -10.8263843539999, -10.8266517469999, -10.826157462, -10.8264530769999, -10.826763183, -10.8273602869999, -10.829767245, -10.830135359, -10.830644626, -10.8309115, -10.8308293849999, -10.831186308, -10.8317377719999, -10.833363832, -10.836483695, -10.8368162759999, -10.8375584689999, -10.8387784959999, 
-10.8399868619999, -10.870649778, -10.8704548259999, -10.870702219, -10.8705675889999, -10.870430737, -10.8700590169999, -10.8701059869999, -10.8707127989999, -10.8716904819999, -10.8729745109999, -10.8733081649999, -10.873070491, -10.8722347209999, -10.8715092879999, -10.871510629, -10.871271045, -10.8708521239999, -10.870132162, -10.869553614, -10.867713939, -10.8672272919999, -10.8664351119999, -10.865884794, -10.864732718, -10.86391468, -10.863173262, -10.8625724029999, -10.862401587, -10.8624910589999, 
-10.8630863239999, -10.8637298969999, -10.8657984929999, -10.8678742999999, -10.869097425, -10.8690993049999, -10.8687511389999, -10.8681730519999, -10.865782833, -10.863201148, -10.8621090879999, -10.8601969219999, -10.8581864139999, -10.8575941449999, -10.856622968, -10.854553493, -10.850514832, -10.8490837319999, -10.848525031, -10.8484361989999, -10.8481411929999, -10.847504036, -10.8455535329999, -10.8436166939999, -10.8415026349999, -10.8395482399999, -10.8376339019999, -10.8370234929999, -10.8367358839999, 
-10.836321795, -10.8363621259999, -10.8371036449999, -10.8385066, -10.8389469759999, -10.839140648, -10.8388848169999, -10.837664962, -10.8369759629999, -10.836271334, -10.836586218, -10.8382773279999, -10.839231146, -10.8422394119999, -10.8459385589999, -10.8480585729999, -10.851128193, -10.856058205, -10.8577147199999, -10.8596997569999, -10.861491888, -10.863210792, -10.865339206, -10.866453054, -10.8665402369999, -10.867057918, -10.8667934809999, -10.8668022109999, -10.867123802, -10.867870643, 
-10.8688581779999, -10.869548622, -10.8697775429999, -10.871682528, -10.8716527889999, -10.8712580259999, -10.870452184, -10.8688427419999, -10.8682660639999, -10.867380045, -10.867084769, -10.867194465, -10.8677905549999, -10.8694940499999, -10.8698776199999, -10.870149422, -10.868847258, -10.867228537, -10.86537247, -10.864609623, -10.8642183809999, -10.861682204, -10.8613056619999, -10.860330566, -10.8604301759999, -10.8602733589999, -10.859544728, -10.860019271, -10.8621980419999, -10.8629526539999, 
-10.863399591, -10.8633913959999, -10.861701733, -10.8615741959999, -10.862379765, -10.8634260669999, -10.8642527089999, -10.8660301749999, -10.8666358339999, -10.8672981129999, -10.866806849, -10.8650576909999, -10.863526385, -10.8626043799999, -10.862026752, -10.85923911, -10.8586594139999, -10.8576428019999, -10.8574517399999, -10.857933912, -10.8589378959999, -10.8598923559999, -10.8607915369999, -10.8617011969999, -10.8617107049999, -10.8614325489999, -10.8614840139999, -10.860920962, -10.8604438349999, 
-10.858746191, -10.858079497, -10.8553653969999, -10.850966973, -10.848375501, -10.8464951889999, -10.8441508719999, -10.843440952, -10.8413988959999, -10.8392226709999, -10.8358706679999, -10.8325942739999, -10.8316068509999, -10.8310160039999, -10.8310421849999, -10.832237341, -10.833288425, -10.834810259, -10.8353187149999, -10.8347517939999, -10.833938955, -10.829645168, -10.826761745, -10.825510176, -10.8252488249999, -10.825266321, -10.824685437, -10.8232831139999, -10.8214879, -10.8203473789999, 
-10.820326747, -10.8197438919999, -10.8188214489999, -10.8175068989999, -10.8162005629999, -10.815226334, -10.813591795, -10.8121098449999, -10.811257904, -10.8104949209999, -10.8096376159999, -10.8089462449999, -10.8035037159999, -10.8016639219999, -10.7991678179999, -10.7983155169999, -10.798036419, -10.797988894, -10.798820016, -10.7990006709999, -10.798860407, -10.798186431, -10.7972926689999, -10.795351249, -10.794524904, -10.792738868, -10.7917749379999, -10.790740322, -10.7887115839999, -10.787977894, 
-10.786573731, -10.785870628, -10.7849437929999, -10.7839442019999, -10.781637978, -10.7807327099999, -10.780591858, -10.781262214, -10.780220831, -10.77843484, -10.777431115, -10.77657331, -10.775283599, -10.77444725, -10.7734417659999, -10.772670825, -10.7721972909999, -10.771723756, -10.769833243, -10.7694393379999, -10.7690454319999, -10.7689688489999, -10.7676505589999, -10.766494588, -10.765447164, -10.764756902, -10.7639329299999, -10.762892474, -10.7620418239999, -10.7618214679999, -10.762156052, 
-10.76216974, -10.761179038, -10.7602329259999, -10.7603465349999, -10.762207343, -10.7625179359999, -10.7621456359999, -10.764198984, -10.7640337519999, -10.7635247709999, -10.7623033159999, -10.7587489969999, -10.7541324139999, -10.7534558319999, -10.7531954199999, -10.7531885989999, -10.7534026819999, -10.7538743179999, -10.7551841659999, -10.7553765989999, -10.75518375, -10.753966996, -10.7530914019999, -10.752930594, -10.753113411, -10.7545974409999, -10.7552414299999, -10.7570865559999, -10.7584703679999, 
-10.7593548369999, -10.7612277119999, -10.760910649, -10.7609401669999, -10.760656252, -10.7594022119999, -10.758624476, -10.7577607149999, -10.7566655219999, -10.7554633079999, -10.755652816, -10.757253712, -10.757583029, -10.7574039309999, -10.757746292, -10.758374051, -10.7607974419999, -10.7610818429999, -10.760471486, -10.760511229, -10.7601579689999, -10.760355753, -10.7601654649999, -10.758552612, -10.758202235, -10.7564394589999, -10.755706425, -10.7552712769999, -10.7559628929999, -10.756107346, 
-10.756843439, -10.7572714619999, -10.7569385359999, -10.7560765959999, -10.755705364, -10.755736918, -10.756688837, -10.7568448709999, -10.7555009109999, -10.754265953, -10.754960621, -10.756881259, -10.757528115, -10.757603384, -10.757139662, -10.757833069, -10.7586545409999, -10.759148259, -10.75927585, -10.759290813, -10.759008873, -10.758361072, -10.758481373, -10.7583401629999, -10.757872854, -10.7586515739999, -10.7585485709999, -10.759528175, -10.7585336249999, -10.758232608, -10.758151902, 
-10.7584518269999, -10.757910764, -10.757104479, -10.757038916, -10.7572059889999, -10.7575128129999, -10.758416984, -10.7591585759999, -10.7601568179999, -10.760113219, -10.7607591149999, -10.7610281549999, -10.7617530489999, -10.7637452329999, -10.764170727, -10.7653178089999, -10.7647485969999, -10.76444874, -10.7651376009999, -10.767303072, -10.7679971229999, -10.768145772, -10.768841581, -10.771007437, -10.771937093, -10.771307021, -10.771667717, -10.7731817639999, -10.7741724579999, -10.7749832429999, 
-10.7754071099999, -10.775536491, -10.7746144839999, -10.7737370869999, -10.772642324, -10.772573631, -10.7730351019999, -10.7731819619999, -10.7717265489999, -10.7696751259999, -10.7698280559999, -10.770771714, -10.7709695229999, -10.7700698879999, -10.7697651489999, -10.768821937, -10.768095596, -10.768430735, -10.768990903, -10.769922388, -10.7721265869999, -10.772892944, -10.773844793, -10.7748540009999, -10.774780779, -10.7739729989999, -10.7746216039999, -10.7743572259999, -10.7752695989999, 
-10.775548149, -10.776574798, -10.7773544439999, -10.77854417, -10.779216368, -10.780128646, -10.781218285, -10.7822178509999, -10.782955472, -10.784810116, -10.78590737, -10.786782939, -10.7872878919999, -10.7881248759999, -10.7899427589999, -10.791182152, -10.791523304, -10.791077199, -10.790841207, -10.7913969269999, -10.793201665, -10.7946694619999, -10.7950462079999, -10.7939083209999, -10.794359813, -10.7938235209999, -10.7929271669999, -10.7922300509999, -10.792736673, -10.793652261, -10.7959962619999, 
-10.7969953349999, -10.7980226469999, -10.798812423, -10.7992690889999, -10.8003983459999, -10.8016274489999, -10.802575815, -10.803563264, -10.804688385, -10.806636383, -10.810676886, -10.812267974, -10.8143306339999, -10.8151756329999, -10.8162678959999, -10.817194819, -10.8180379259999, -10.8185071769999, -10.8197141359999, -10.823516038, -10.824424645, -10.823458898, -10.8235824139999, -10.823954885, -10.823992485, -10.8245972639999, -10.8240560419999, -10.823889207, -10.824674802, -10.8256779159999, 
-10.825664429, -10.8269598409999, -10.8271293749999, -10.8268922849999, -10.827382055, -10.8267570229999, -10.8266302559999, -10.8269703139999, -10.827157811, -10.8280266189999, -10.8284645049999, -10.8320907769999, -10.832665609, -10.8341224189999, -10.8348973679999, -10.8346307259999, -10.8340339329999, -10.8345514459999, -10.835392219, -10.8358422059999, -10.8354035819999, -10.8324602949999, -10.832497288, -10.8330774889999, -10.832638946, -10.832693763, -10.834258543, -10.834683633, -10.834872972, 
-10.8334811549999, -10.833288516, -10.832505622, -10.831288392, -10.8309367199999, -10.830311625, -10.829506237, -10.8293322459999, -10.82949901, -10.8289218309999, -10.828023919, -10.8273728499999, -10.827148962, -10.8275241689999, -10.829582649, -10.829593448, -10.829222044, -10.828236863, -10.8276080889999, -10.827623569, -10.8282490669999, -10.829361965, -10.829843729, -10.8298389029999, -10.8306631039999, -10.830906688, -10.830569088, -10.8312610899999, -10.832172975, -10.833003696, -10.8324118239999, 
-10.8324162369999, -10.8325944739999, -10.8318962, -10.831640316, -10.8319024969999, -10.8325727369999, -10.832385505, -10.831924793, -10.83163861, -10.8312440759999, -10.830393979, -10.829306647, -10.828052857, -10.826159362, -10.824363437, -10.823658693, -10.823301053, -10.8234452349999, -10.821640193, -10.8220896489999, -10.8213393219999, -10.8203448689999, -10.8195723469999, -10.819011456, -10.8179878439999, -10.81623052, -10.81556871, -10.8146591719999, -10.81439317, -10.814853985, -10.8145901659999, 
-10.814870908, -10.814011341, -10.8131163579999, -10.8138248589999, -10.813962218, -10.8150433049999, -10.8164154589999, -10.816801992, -10.8161327609999, -10.8167072559999, -10.816961383, -10.816012069, -10.816200962, -10.8169592099999, -10.816660735, -10.815212234, -10.8132164529999, -10.812202476, -10.811472593, -10.81051287, -10.809850304, -10.809163526, -10.8079694079999, -10.8059479929999, -10.803326877, -10.802543277, -10.801254447, -10.8003328739999, -10.8007221129999, -10.8008604259999, 
-10.8005974669999, -10.7999441789999, -10.7990617339999, -10.7975516529999, -10.7942179639999, -10.793262399, -10.7928096909999, -10.79245297, -10.792437053, -10.792715864, -10.7933108999999, -10.7965478889999, -10.7966646469999, -10.796101621, -10.7952211029999, -10.796427507, -10.797104813, -10.7987631449999, -10.7994996159999, -10.8006452009999, -10.801602642, -10.8035908849999, -10.804538065, -10.8048777979999, -10.8055101059999, -10.806491821, -10.8074820809999, -10.80844339, -10.8087180819999, 
-10.808902648, -10.8095951359999, -10.80916464, -10.8096705039999, -10.8092746369999, -10.8103229509999, -10.8108770749999, -10.8090225419999, -10.8082988409999, -10.807931002, -10.807459743, -10.807146513, -10.807356857, -10.80801572, -10.808820838, -10.809078546, -10.8090837129999, -10.8086808149999, -10.809450151, -10.8090085449999, -10.8097458219999, -10.808655516, -10.8065975539999, -10.805905831, -10.8054984419999, -10.805592069, -10.804309539, -10.803922827, -10.801979907, -10.8009778649999, 
-10.800440707, -10.800462301, -10.7996670439999, -10.7990565379999, -10.799040665, -10.798453628, -10.798556893, -10.799850246, -10.7994117859999, -10.79852606, -10.79545335, -10.795101055, -10.7957361379999, -10.79603436, -10.7951080739999, -10.7927315769999, -10.7918149949999, -10.7930495249999, -10.7927576079999, -10.791892779, -10.7913457489999, -10.7904850419999, -10.7894179539999, -10.7886118559999, -10.788995374, -10.7900607399999, -10.790768719, -10.789079355, -10.7884528029999, -10.788048153, 
-10.788544939, -10.7904859599999, -10.790622038, -10.789836237, -10.7888820419999, -10.7871611209999, -10.786467495, -10.7860875019999, -10.7865938379999, -10.7880921439999, -10.78742104, -10.7859698039999, -10.7851540079999, -10.784463413, -10.783985736, -10.7830320989999, -10.7821303039999, -10.781221993, -10.780908251, -10.7800112939999, -10.7789665669999, -10.778970334, -10.778409374, -10.777332305, -10.7755876269999, -10.77386823, -10.7737938229999, -10.7719756079999, -10.7702311489999, -10.770050392, 
-10.769509065, -10.769193315, -10.7692263969999, -10.76878123, -10.7677021579999, -10.765896917, -10.763990284, -10.762964052, -10.7625258579999, -10.761506734, -10.6394616379999, -10.639230878, -10.5845561289999, -10.5286318889999, -10.500408566, -10.4612594689999, -10.4584604139999, -10.4564890569999, -10.455057089, -10.455081117, -10.4557256569999, -10.4565887819999, -10.4616286109999, -10.463968952, -10.469228287, -10.4779770529999, -10.4784330439999, -10.4773547039999, -10.477143662, -10.4776379029999, 
-10.477650106, -10.477305105, -10.476860026, -10.4770344789999, -10.47762498, -10.4783141569999, -10.480999575, -10.482811497, -10.488815393, -10.489816797, -10.4928517829999, -10.4986069729999, -10.5044664069999, -10.507145739, -10.5103331109999, -10.5109235819999, -10.5112050309999, -10.511329805, -10.5116912259999, -10.5116816089999, -10.5110168039999, -10.510065346, -10.5093048839999, -10.508369095, -10.505341138, -10.5015869199999, -10.500445322, -10.49869314, -10.497331237, -10.4970200399999, 
-10.4969202669999, -10.497392212, -10.498609512, -10.50043649, -10.5011831589999, -10.502244665, -10.5037202519999, -10.5043860239999, -10.5051816369999, -10.50566311, -10.508053603, -10.5083141929999, -10.510213221, -10.5119336659999, -10.514129355, -10.5157455489999, -10.5171367169999, -10.5188178159999, -10.519576094, -10.520416807, -10.5222247789999, -10.5234075449999, -10.5236459299999, -10.523874571, -10.5243831139999, -10.524617, -10.526749212, -10.52741893, -10.5281016399999, -10.528976203, 
-10.529665596, -10.530149365, -10.53056659, -10.533412879, -10.53661103, -10.5380713749999, -10.5386424649999, -10.5395314, -10.5417308119999, -10.542354755, -10.5428147149999, -10.542977242, -10.5432356809999, -10.5425486919999, -10.541966178, -10.541474326, -10.541023851, -10.540207885, -10.54048148, -10.5397491069999, -10.5391426059999, -10.53831971, -10.5355754909999, -10.533473858, -10.5311840419999, -10.529096479, -10.5270125679999, -10.525250162, -10.5238556629999, -10.5229915409999, -10.5210969259999, 
-10.519615679, -10.518491982, -10.517958576, -10.517101865, -10.516887422, -10.517056474, -10.516506874, -10.515701817, -10.5152540389999, -10.51469997, -10.513915324, -10.5134781429999, -10.512779049, -10.5126775239999, -10.5134825329999, -10.514065839, -10.5139900839999, -10.5147137559999, -10.515109335, -10.515527237, -10.5169486899999, -10.517765023, -10.518932007, -10.5204987059999, -10.521113477, -10.5224683009999, -10.5223611639999, -10.5226049289999, -10.523197954, -10.5232855449999, -10.523958197, 
-10.5239789889999, -10.5236236909999, -10.5221474009999, -10.5215668269999, -10.520954377, -10.521522207, -10.5229518659999, -10.5231114789999, -10.5231048009999, -10.5223302139999, -10.5223910039999, -10.523790329, -10.5243922019999, -10.5260719899999, -10.5268136229999, -10.528727213, -10.5287954339999, -10.528620795, -10.529565526, -10.5280237989999, -10.528534071, -10.530202174, -10.530258502, -10.530091811, -10.529353467, -10.527468626, -10.5269835769999, -10.5256942289999, -10.525678806, -10.525156036, 
-10.525486295, -10.5265693849999, -10.5270874569999, -10.5280928899999, -10.527921534, -10.526991295, -10.5263812809999, -10.527036758, -10.527677522, -10.527735313, -10.5272906829999, -10.5276242429999, -10.5282659329999, -10.528052945, -10.528320367, -10.5292990409999, -10.529143608, -10.527871526, -10.528083726, -10.528034921, -10.528852193, -10.5296145229999, -10.53148949, -10.5317032719999, -10.5323645229999, -10.5347884769999, -10.5360230779999, -10.5364438559999, -10.537043828, -10.5394861989999, 
-10.5396940269999, -10.539568333, -10.5383394129999, -10.538814719, -10.538583677, -10.5375872649999, -10.537707673, -10.538314351, -10.539400649, -10.5398458289999, -10.539844905, -10.5395870449999, -10.5399689129999, -10.539681935, -10.539034956, -10.5385454369999, -10.5387840989999, -10.538657863, -10.5390284009999, -10.5396729389999, -10.540534105, -10.5411328529999, -10.5420889179999, -10.5429565999999, -10.5437546659999, -10.5435137309999, -10.54306682, -10.5438036319999, -10.5449841159999, 
-10.546020602, -10.547424633, -10.548472291, -10.549336527, -10.5498436069999, -10.5519377959999, -10.5520837469999, -10.552498107, -10.55354692, -10.5547773959999, -10.55535987, -10.5555513569999, -10.556375407, -10.5574231859999, -10.5583580639999, -10.559420417, -10.5603283089999, -10.560831395, -10.5605734829999, -10.560624763, -10.5615862079999, -10.562037346, -10.562947897, -10.563607367, -10.5629676679999, -10.5628917789999, -10.5621700929999, -10.560950103, -10.560126595, -10.55945187, -10.559323976, 
-10.558335723, -10.5587352669999, -10.5576275359999, -10.556907737, -10.557368268, -10.5568801529999, -10.555656848, -10.553827699, -10.5541245929999, -10.5538490229999, -10.5544178119999, -10.5542664689999, -10.555139337, -10.556781979, -10.557471472, -10.5572642229999, -10.556996538, -10.5563549579999, -10.5553395609999, -10.5542267949999, -10.552300312, -10.551457417, -10.550231562, -10.5481479349999, -10.547219092, -10.5468412979999, -10.5475069949999, -10.547727212, -10.548595899, -10.551502481, 
-10.5513875329999, -10.5524831009999, -10.554425925, -10.555254267, -10.5545413709999, -10.55548285, -10.554962534, -10.5553634579999, -10.554806779, -10.5537147089999, -10.554218383, -10.5537832469999, -10.5545058169999, -10.553753541, -10.554031554, -10.552715844, -10.55323866, -10.553424535, -10.553182637, -10.554076863, -10.556883039, -10.5590699059999, -10.5584657379999, -10.5574982489999, -10.556876515, -10.556296054, -10.555941527, -10.555072142, -10.554962507, -10.555197642, -10.553348158, 
-10.5533603729999, -10.5528054769999, -10.5520237109999, -10.551669159, -10.552530876, -10.552996766, -10.552549546, -10.551790327, -10.5520013769999, -10.5513573309999, -10.550088986, -10.549595, -10.5497650949999, -10.5493917649999, -10.548117979, -10.545272383, -10.5445763499999, -10.545134913, -10.546035626, -10.546990045, -10.5472255449999, -10.5469433349999, -10.546778618, -10.544384991, -10.544203422, -10.543251167, -10.5428493059999, -10.5428790779999, -10.543665353, -10.543656351, -10.5423017889999, 
-10.5401984979999, -10.538936917, -10.536842813, -10.5362592359999, -10.535401296, -10.5344065699999, -10.5337302429999, -10.533647206, -10.535016979, -10.5355248459999, -10.535534174, -10.5346802739999, -10.533640676, -10.5317215659999, -10.53058119, -10.5296173849999, -10.528961387, -10.5277486589999, -10.5267580909999, -10.525624823, -10.5246644339999, -10.5241100249999, -10.523024225, -10.5198654889999, -10.5191795049999, -10.5168770529999, -10.514206694, -10.512882915, -10.511732257, -10.5109137689999, 
-10.5113184569999, -10.512173629, -10.512752496, -10.511978287, -10.511117436, -10.510126417, -10.5079973099999, -10.507510635, -10.5073792859999, -10.506308007, -10.5053631869999, -10.502693877, -10.502068952, -10.502071392, -10.502424422, -10.504226689, -10.50475594, -10.504740834, -10.504025245, -10.5029801429999, -10.5024766779999, -10.5026270879999, -10.502230058, -10.5013775339999, -10.501250073, -10.499672044, -10.4976516649999, -10.4953946119999, -10.4944001779999, -10.4909672249999, -10.488934567, 
-10.488367964, -10.4875811429999, -10.486918369, -10.4863170669999, -10.4850488559999, -10.483826894, -10.4833371159999, -10.4824395119999, -10.481929909, -10.481120769, -10.480678618, -10.47995437, -10.478519558, -10.478879265, -10.4801970469999, -10.4806995239999, -10.480394955, -10.4799397009999, -10.479219819, -10.4780501999999, -10.4747418769999, -10.4742402699999, -10.4743674079999, -10.473642221, -10.472881003, -10.471971604, -10.470922932, -10.469840732, -10.466986737, -10.466578661, -10.465814762, 
-10.464956514, -10.463089954, -10.4614752499999, -10.4599283339999, -10.455441464, -10.453510815, -10.45088615, -10.448466668, -10.4477003639999, -10.447924835, -10.44779318, -10.447010764, -10.445014146, -10.443953504, -10.441957459, -10.4412941449999, -10.441049622, -10.4406757039999, -10.4396215639999, -10.437816419, -10.436904043, -10.436184144, -10.433749316, -10.4327297959999, -10.4321482589999, -10.432130405, -10.4325807939999, -10.433401366, -10.434171524, -10.4335407859999, -10.4334760299999, 
-10.4328502839999, -10.431747501, -10.432313066, -10.4320684219999, -10.4298062049999, -10.431928529, -10.4311659679999, -10.430255341, -10.4299242939999, -10.4293075809999, -10.4290741539999, -10.424266658, -10.420509124, -10.4172914929999, -10.4151299129999, -10.408996573, -10.4009424729999, -10.3978242859999, -10.39442548, -10.393431301, -10.3914399099999, -10.390266791, -10.3856147999999, -10.3837518209999, -10.382399448, -10.3814502949999, -10.3769801289999, -10.3744373839999, -10.3711226609999, 
-10.369225011, -10.3661340859999, -10.364001704, -10.3619849639999, -10.3605371899999, -10.3593081479999, -10.3562701889999, -10.3543702389999, -10.3521811739999, -10.350579399, -10.349549854, -10.3487809039999, -10.3462815419999, -10.3454199809999, -10.3446888409999, -10.343953741, -10.3432823429999, -10.3416935979999, -10.3369299069999, -10.334715581, -10.333439878, -10.3327121349999, -10.3316718309999, -10.3308563389999, -10.329816517, -10.328913717, -10.326036759, -10.3227848749999, -10.321602428, 
-10.3184225159999, -10.3171910779999, -10.3140780089999, -10.3125411159999, -10.311480987, -10.309673018, -10.3085877189999, -10.30526803, -10.30364607, -10.30241334, -10.3012334409999, -10.299830768, -10.2976219399999, -10.296614644, -10.2946208429999, -10.29226011, -10.290898359, -10.2877282339999, -10.285001062, -10.281223859, -10.2773973339999, -10.2726923319999, -10.271150057, -10.2684285329999, -10.2660950499999, -10.263467429, -10.258178975, -10.255988058, -10.254225446, -10.252956117, -10.251503161, 
-10.250727018, -10.249828592, -10.248463963, -10.247601931, -10.2464688119999, -10.245284753, -10.244598377, -10.2437992389999, -10.240776237, -10.239102729, -10.2377466689999, -10.2320365019999, -10.2288747539999, -10.2276584489999, -10.226696425, -10.2220052119999, -10.2198708029999, -10.216557485, -10.214034009, -10.2106404469999, -10.2088498749999, -10.207105897, -10.205889772, -10.2021864729999, -10.201235502, -10.199829035, -10.198799389, -10.197319101, -10.1950475299999, -10.1938663899999, 
-10.1928308169999, -10.191114531, -10.189981055, -10.1885700929999, -10.186163844, -10.1821894559999, -10.1773215819999, -10.176009338, -10.172907871, -10.171411711, -10.167819589, -10.164997844, -10.160591055, -10.158321111, -10.1561155909999, -10.150269172, -10.1487419109999, -10.1458285489999, -10.143149698, -10.1394394589999, -10.136224744, -10.130770846, -10.1274875839999, -10.1234392699999, -10.120909957, -10.110452324, -10.1060046809999, -10.1036086709999, -10.100908449, -10.097997042, -10.0968319369999, 
-10.0953786199999, -10.09492567, -10.0942031089999, -10.091749585, -10.089482295, -10.086859762, -10.085910327, -10.085140398, -10.082407343, -10.0814595009999, -10.07950696, -10.072101362, -10.070065612, -10.0670959089999, -10.066179669, -10.062666329, -10.061069468, -10.0565034989999, -10.055186824, -10.0538324719999, -10.0516127629999, -10.0484952039999, -10.046526312, -10.0431964219999, -10.037762235, -10.0353778189999, -10.03252774, -10.028852054, -10.0215216569999, -10.0150768599999, -10.013050362, 
-10.0093359999999, -10.002739101, -10.000955884, -9.99975605299991, -9.99876500499997, -9.99796618299996, -9.99692508899997, -9.99374076899993, -9.99094449599994, -9.98461224699994, -9.97765140499999, -9.97581030499997, -9.974366834, -9.97282606299997, -9.96979644299994, -9.96931999799996, -9.96805036899998, -9.96569106299999, -9.96357111999991, -9.95945472399994, -9.95804137099997, -9.95613041699995, -9.95244714199993, -9.94917607899991, -9.94590501699998, -9.94560744399996, -9.94428199199998, -9.94456299199996, 
-9.94484399099994, -9.94474186400002, -9.94391165999998, -9.94192449399996, -9.93714467899999, -9.93623121099999, -9.93696357700001, -9.93716329499993, -9.9399786289999, -9.94256498899993, -9.94319875899988)))"
1100346,Alvorada D'oeste,11,RO,"list(list(c(-62.1877603609999, -62.186257316, -62.1850330779999, -62.18281754, -62.1803140019999, -62.1785644719999, -62.1772856999999, -62.175234897, -62.172007207, -62.172259643, -62.175039331, -62.175478599, -62.175366922, -62.17361435, -62.1732347139999, -62.171090345, -62.169861276, -62.168445777, -62.1664831749999, -62.164230885, -62.161031762, -62.159225205, -62.156978581, -62.153615997, -62.153424637, -62.154484128, -62.158511026, -62.1600964619999, -62.15970018, -62.1605594389999, -62.1619826759999, 
-62.164312521, -62.167037077, -62.1663924899999, -62.164062485, -62.1605315019999, -62.158504074, -62.1580119529999, -62.152560122, -62.150062555, -62.1473652769999, -62.146068322, -62.1468411239999, -62.1473108279999, -62.1480663989999, -62.148226649, -62.1475615899999, -62.149065332, -62.1482015279999, -62.148035002, -62.149679063, -62.1490110629999, -62.1497880709999, -62.147785616, -62.1472548719999, -62.14423284, -62.139501827, -62.1382035179999, -62.1336712529999, -62.133927385, -62.13342911, 
-62.1310079519999, -62.130194987, -62.1250364519999, -62.1198644, -62.1193684359999, -62.118283103, -62.117088171, -62.12095291, -62.122918179, -62.127952266, -62.129622566, -62.134980599, -62.1370078119999, -62.139592103, -62.139863786, -62.143061454, -62.14295342, -62.145905884, -62.1460662429999, -62.14895456, -62.152006566, -62.1555096559999, -62.164704117, -62.166320194, -62.167283928, -62.1731981339999, -62.177118845, -62.1781017099999, -62.1812801739999, -62.182481679, -62.1818649959999, -62.1838658669999, 
-62.182090079, -62.182571907, -62.182674815, -62.1827058489999, -62.1798661769999, -62.179504384, -62.1779232499999, -62.1761673409999, -62.173703085, -62.172715672, -62.171286803, -62.16833799, -62.1671792539999, -62.165922015, -62.164260942, -62.162701046, -62.16092247, -62.158198017, -62.1574512839999, -62.1560905659999, -62.153948309, -62.153504878, -62.150426444, -62.1434268049999, -62.1431467609999, -62.143153751, -62.1442265519999, -62.1426166009999, -62.1420862349999, -62.14034115, -62.1401193849999, 
-62.1392566619999, -62.140089112, -62.138892282, -62.137976845, -62.136624137, -62.1361500669999, -62.1344819129999, -62.1326184329999, -62.12783855, -62.1247840239999, -62.1205086319999, -62.1189233189999, -62.116757304, -62.1131984089999, -62.11137139, -62.109784322, -62.1105074429999, -62.107033551, -62.100591339, -62.099870282, -62.0983182729999, -62.098120391, -62.096392431, -62.0960953249999, -62.0937326749999, -62.093289526, -62.094337616, -62.094943035, -62.0983817249999, -62.100316795, -62.101317507, 
-62.1022822099999, -62.1029761759999, -62.102981714, -62.10506058, -62.1056726189999, -62.1054266369999, -62.104502925, -62.1051434669999, -62.106170168, -62.106004007, -62.106367796, -62.1079227399999, -62.1065331579999, -62.106897905, -62.108947407, -62.1100081979999, -62.11117327, -62.112675554, -62.1133721099999, -62.1145038869999, -62.114258671, -62.114758541, -62.112865749, -62.113175516, -62.115648138, -62.115063111, -62.116091843, -62.1177885969999, -62.1192023559999, -62.1211450129999, -62.121590142, 
-62.120759122, -62.121644249, -62.120366529, -62.1200633919999, -62.1217004009999, -62.1239242, -62.12729042, -62.1266693289999, -62.1279195709999, -62.129010951, -62.1294483569999, -62.129005928, -62.130120764, -62.131651608, -62.1325592359999, -62.133569171, -62.134902289, -62.1358965279999, -62.1370024419999, -62.1389315549999, -62.139673981, -62.1395895129999, -62.140756503, -62.1428978059999, -62.1446796069999, -62.147258408, -62.148254153, -62.1510946399999, -62.150981283, -62.150952182, -62.153613567, 
-62.155121681, -62.155426877, -62.1562323459999, -62.15528368, -62.156169556, -62.1572580279999, -62.160615682, -62.162007826, -62.1622037189999, -62.1619224, -62.162728273, -62.1638408309999, -62.1636859649999, -62.16505973, -62.16631258, -62.166342455, -62.1677848019999, -62.169838563, -62.1710374159999, -62.173202147, -62.173873768, -62.174482916, -62.176365092, -62.178064335, -62.1787325079999, -62.1787541729999, -62.180122631, -62.178478044, -62.179893997, -62.181036839, -62.1826443189999, -62.183425611, 
-62.185067609, -62.1866227029999, -62.187192265, -62.187483302, -62.1890122139999, -62.190369511, -62.1930966389999, -62.1952296799999, -62.194402268, -62.19478724, -62.197643528, -62.196625545, -62.197338916, -62.198109061, -62.1988792069999, -62.199421858, -62.2009275879999, -62.201425489, -62.203036252, -62.20495486, -62.2061156779999, -62.207840093, -62.209315974, -62.2100390789999, -62.209588848, -62.2109812699999, -62.212564379, -62.2172591719999, -62.2174589019999, -62.219896475, -62.222926168, 
-62.223256785, -62.2255656019999, -62.227370352, -62.227619296, -62.2317032829999, -62.235315769, -62.237233158, -62.236760611, -62.236948879, -62.239124158, -62.239039694, -62.240034927, -62.24170409, -62.2432633769999, -62.243563453, -62.246670103, -62.2490917929999, -62.252256522, -62.252231996, -62.2531714529999, -62.254706798, -62.254619697, -62.2582865089999, -62.259895901, -62.260647671, -62.261511254, -62.2613430719999, -62.261898906, -62.2642828309999, -62.264697859, -62.2656447509999, -62.266568948, 
-62.268395249, -62.2712521619999, -62.273341247, -62.27573398, -62.276392882, -62.277531458, -62.278314602, -62.2832535899999, -62.285930213, -62.286648478, -62.2866437179999, -62.2881497539999, -62.2906476139999, -62.290838001, -62.294012436, -62.2953687499999, -62.2960608509999, -62.2981798059999, -62.300677762, -62.30625974, -62.3071811959999, -62.306984876, -62.306121455, -62.3064571209999, -62.306081215, -62.305814808, -62.307609094, -62.3099794919999, -62.3109486829999, -62.3113116749999, -62.3131717599999, 
-62.31545467, -62.3157580039999, -62.3165329279999, -62.318775901, -62.318828439, -62.3190641419999, -62.3201179709999, -62.321729062, -62.3217012489999, -62.325041534, -62.3262059409999, -62.327038329, -62.328536939, -62.330675624, -62.3309256409999, -62.331297649, -62.3333670809999, -62.336535026, -62.3401423269999, -62.33958948, -62.3398044459999, -62.3405644049999, -62.3419651619999, -62.345761199, -62.3462588689999, -62.3479818009999, -62.351035013, -62.3565395079999, -62.36164926, -62.369537385, 
-62.369675172, -62.3701832759999, -62.3716751059999, -62.3736759319999, -62.3810331929999, -62.385480693, -62.388617961, -62.392821521, -62.4006229889999, -62.410928463, -62.4142095029999, -62.417734185, -62.420899865, -62.4236494239999, -62.424695676, -62.4250651829999, -62.425619925, -62.4258411449999, -62.430262472, -62.4329131119999, -62.437261497, -62.439233162, -62.4396761669999, -62.4412875599999, -62.442903385, -62.448007755, -62.450900708, -62.452790202, -62.4544865519999, -62.456489099, 
-62.4598164069999, -62.461984214, -62.4637366719999, -62.4648173949999, -62.463286368, -62.4637942809999, -62.462287564, -62.4618461459999, -62.4642304119999, -62.4653957689999, -62.466984399, -62.4675395189999, -62.471147862, -62.47476009, -62.4755145129999, -62.4778026449999, -62.479512331, -62.4868690439999, -62.489924861, -62.489958384, -62.49159723, -62.49062177, -62.487760408, -62.486510323, -62.486571287, -62.487758828, -62.4889591419999, -62.487840562, -62.489815721, -62.4929582769999, -62.494700084, 
-62.496843423, -62.4968704889999, -62.5008464759999, -62.505701291, -62.508013716, -62.50823371, -62.508728933, -62.5087281949999, -62.511870855, -62.517422916, -62.5195032039999, -62.520794182, -62.5270431339999, -62.5307061889999, -62.534515068, -62.538038036, -62.5418162989999, -62.5438748449999, -62.55145198, -62.555340086, -62.559953544, -62.5653761129999, -62.571093087, -62.5772031189999, -62.581987275, -62.584013031, -62.5856000919999, -62.58950628, -62.5919033869999, -62.599736052, -62.6052403469999, 
-62.6077076719999, -62.6095640839999, -62.614929983, -62.618985159, -62.625206799, -62.6254801109999, -62.6314892769999, -62.6338441179999, -62.6345903919999, -62.6377594249999, -62.640200559, -62.64359833, -62.6469051379999, -62.650731118, -62.651619883, -62.653016515, -62.6550107729999, -62.659264208, -62.665207363, -62.669154019, -62.6794280359999, -62.6915704419999, -62.6945418589999, -62.70172986, -62.7130696009999, -62.7191300159999, -62.72342965, -62.725010005, -62.728957, -62.7354605879999, 
-62.740182493, -62.745040793, -62.752928451, -62.755509824, -62.7546792759999, -62.7439539069999, -62.740816283, -62.73687159, -62.731286832, -62.728204531, -62.728125199, -62.727703094, -62.732622062, -62.738260689, -62.7434298689999, -62.752001918, -62.757985692, -62.764727933, -62.7704037399999, -62.775763119, -62.7803423, -62.7837113419999, -62.7859533939999, -62.7931184459999, -62.7987322429999, -62.80065139, -62.802568839, -62.81295922, -62.8245420309999, -62.829313274, -62.8306746489999, -62.8352876049999, 
-62.8379556099999, -62.8448434549999, -62.8519311359999, -62.8566256089999, -62.863508802, -62.8707329599999, -62.877401843, -62.885455738, -62.893961696, -62.902487056, -62.9088769399999, -62.912847222, -62.916069592, -62.9212322809999, -62.927293231, -62.933038563, -62.936712363, -62.940066863, -62.945682495, -62.951762022, -62.9597679599999, -62.960371678, -62.9661496949999, -62.9688453229999, -62.9720712049999, -62.9827899599999, -62.9865130219999, -62.992065843, -63.0011766629999, -63.003433364, 
-63.0054866229999, -63.007268706, -63.00803737, -63.0090705909999, -63.0107421319999, -63.011656627, -63.012651092, -63.0150155799999, -63.0166267079999, -63.017985998, -63.019096501, -63.021806472, -63.022958724, -63.025209694, -63.030009027, -63.03704194, -63.045341818, -63.049427562, -63.0520421819999, -63.0600384319999, -63.0630050929999, -63.064291704, -63.0675028809999, -63.0697885409999, -63.071119017, -63.0729572589999, -63.0745455489999, -63.077694871, -63.078481451, -63.079929334, -63.085126157, 
-63.087223975, -63.089541857, -63.092616626, -63.093020676, -63.0940119759999, -63.095597881, -63.097152351, -63.097184384, -63.0979409529999, -63.0980406369999, -63.09968485, -63.100789951, -63.1015710989999, -63.1020146959999, -63.1019877929999, -63.1018429299999, -63.1007065439999, -63.1001490629999, -63.099683668, -63.099071838, -63.098179812, -63.0970100499999, -63.0959558279999, -63.096014372, -63.096844065, -63.0974643029999, -63.0977421529999, -63.1000105349999, -63.1005149369999, -63.1008969869999, 
-63.1015086359999, -63.1018138999999, -63.1023468889999, -63.1026498249999, -63.1033208249999, -63.105488898, -63.10709227, -63.1080372449999, -63.108904525, -63.1100942319999, -63.111209575, -63.1147070509999, -63.1174079309999, -63.1178973849999, -63.11832365, -63.117789338, -63.116789944, -63.114848428, -63.1135123589999, -63.1115100279999, -63.110875719, -63.1107059239999, -63.110761379, -63.111595639, -63.1126910969999, -63.114248037, -63.117542481, -63.1212894429999, -63.12485852, -63.1318940589999, 
-63.1337135519999, -63.135556868, -63.138268738, -63.1394798119999, -63.14115323, -63.141324808, -63.1408646519999, -63.1397646189999, -63.139561605, -63.139806717, -63.14059911, -63.1422137659999, -63.1442647539999, -63.1460558309999, -63.14840294, -63.1496779359999, -63.150208554, -63.150323062, -63.1501213829999, -63.150097472, -63.1497893869999, -63.1479423069999, -63.147008892, -63.145225555, -63.1447660139999, -63.1443976919999, -63.1438819959999, -63.140816467, -63.138993069, -63.139208911, 
-63.13993049, -63.1404868919999, -63.141517074, -63.1444020749999, -63.146732703, -63.1472927839999, -63.148935746, -63.1497067549999, -63.1534335919999, -63.1559780659999, -63.1629068729999, -63.165877693, -63.168344952, -63.170371262, -63.171547187, -63.173737746, -63.1756500579999, -63.176128669, -63.176795835, -63.178901197, -63.1848196969999, -63.1855689189999, -63.1882641229999, -63.1891466309999, -63.1919861619999, -63.1954614969999, -63.1945869439999, -63.193341241, -63.1911574459999, -63.190464181, 
-63.1902014839999, -63.1900074979999, -63.1906310859999, -63.1919634679999, -63.1927629789999, -63.193765249, -63.194627061, -63.196417466, -63.1957161509999, -63.1906752209999, -63.184657866, -63.183588876, -63.179279245, -63.177235377, -63.174347454, -63.171198826, -63.1660071059999, -63.1640047889999, -63.16306008, -63.161485864, -63.15880897, -63.1567075679999, -63.1552391939999, -63.153769559, -63.153195968, -63.153195172, -63.1525664579999, -63.153193292, -63.152829217, -63.1509414299999, -63.1489470859999, 
-63.146584716, -63.14605969, -63.142597101, -63.1403410779999, -63.139922749, -63.138053893, -63.137744923, -63.137739578, -63.136959194, -63.1365948279999, -63.1358624849999, -63.134472004, -63.133711868, -63.1333626079999, -63.133509395, -63.133034686, -63.132761819, -63.1321732059999, -63.130312344, -63.129635401, -63.1293541159999, -63.1287779299999, -63.1276053939999, -63.1271688299999, -63.1257012229999, -63.1251893599999, -63.1240042659999, -63.1233000719999, -63.1225014769999, -63.1224628789999, 
-63.1217629669999, -63.120878589, -63.120818936, -63.120508354, -63.1197040299999, -63.119245166, -63.1182901749999, -63.1175793209999, -63.1166088049999, -63.116096456, -63.114850561, -63.112580708, -63.1123443039999, -63.113385905, -63.1139943379999, -63.116007955, -63.11700684, -63.1169436609999, -63.116679122, -63.1162086879999, -63.1150055349999, -63.11463446, -63.114983888, -63.114399893, -63.1146181169999, -63.1143095039999, -63.1140724729999, -63.1143653559999, -63.1154402599999, -63.115629832, 
-63.1155203229999, -63.115152862, -63.1151161239999, -63.114870517, -63.1143667739999, -63.1135626699999, -63.1123853089999, -63.1087803619999, -63.107258831, -63.10524091, -63.1029678369999, -63.100915666, -63.0996615189999, -63.096608268, -63.0955793039999, -63.093601384, -63.089514669, -63.0882315809999, -63.0875241449999, -63.086837841, -63.0857185409999, -63.0851320299999, -63.08458206, -63.0841791219999, -63.0834095099999, -63.082087738, -63.0783415929999, -63.076935891, -63.075140338, -63.072370551, 
-63.070712525, -63.0674012459999, -63.0667785519999, -63.0658613099999, -63.063294785, -63.0597911519999, -63.0585820709999, -63.057518084, -63.055354643, -63.053320909, -63.0524769649999, -63.0513777509999, -63.0502034009999, -63.048500608, -63.047326074, -63.0465200519999, -63.0450173199999, -63.0421136239999, -63.0415927819999, -63.040703612, -63.0396478449999, -63.038737211, -63.038179887, -63.0369740389999, -63.036211545, -63.035088417, -63.0329327399999, -63.032406129, -63.0316539129999, -63.0308992779999, 
-63.02963528, -63.0250123479999, -63.021962263, -63.018544359, -63.016503846, -63.012961624, -63.0119003919999, -63.0111239949999, -63.009872996, -63.008455034, -63.0072298849999, -63.005739042, -63.004845592, -63.0039352039999, -63.0023429779999, -63.001851014, -63.000428606, -62.9960980959999, -62.9948238699999, -62.9933746469999, -62.990875104, -62.9903477269999, -62.988486751, -62.987291053, -62.9837116569999, -62.982539973, -62.9804857639999, -62.9771493229999, -62.975426757, -62.974292504, 
-62.970422418, -62.9694333079999, -62.968263998, -62.966212, -62.9636745359999, -62.959404613, -62.9599034399999, -62.9579840819999, -62.955374791, -62.954295067, -62.9503421239999, -62.9479834269999, -62.9477605889999, -62.942405875, -62.9410375539999, -62.9389526299999, -62.938258899, -62.9366542669999, -62.933316678, -62.9315714059999, -62.929706515, -62.9279013719999, -62.924066472, -62.92203935, -62.9200997519999, -62.91801624, -62.916070448, -62.9154569409999, -62.9144331719999, -62.9125069469999, 
-62.910122268, -62.909897219, -62.9059007989999, -62.906208631, -62.903955306, -62.902782438, -62.901125852, -62.8984269819999, -62.898259779, -62.8935113299999, -62.8925679579999, -62.890217221, -62.887961606, -62.888430435, -62.8872024409999, -62.886154706, -62.8862393869999, -62.8838708659999, -62.8845706429999, -62.882346944, -62.878760412, -62.877228885, -62.8720081409999, -62.8708450249999, -62.868676395, -62.869095222, -62.86658969, -62.86464994, -62.8625951189999, -62.8618715119999, -62.8635069379999, 
-62.863482221, -62.8600122489999, -62.858893145, -62.8587296139999, -62.855359038, -62.8548293819999, -62.856785767, -62.854759157, -62.8519839869999, -62.8509292919999, -62.847817172, -62.8482301949999, -62.8470943569999, -62.8447088089999, -62.841537918, -62.8394287, -62.836230483, -62.8367859999999, -62.8340121869999, -62.830200503, -62.830341256, -62.8298482649999, -62.8246463979999, -62.825818679, -62.8223405029999, -62.819350441, -62.818259196, -62.816293434, -62.8141736579999, -62.813042996, 
-62.8097268889999, -62.806537395, -62.805508143, -62.802201728, -62.8001232959999, -62.7978765609999, -62.796341712, -62.7965389289999, -62.7884479319999, -62.787196014, -62.7878439759999, -62.7869022319999, -62.780010233, -62.777790534, -62.776313373, -62.774122623, -62.7739512109999, -62.772147123, -62.768312091, -62.7670028509999, -62.764201864, -62.7647355089999, -62.764093406, -62.760617224, -62.755815204, -62.755034463, -62.7540104889999, -62.7531758189999, -62.754287479, -62.753373008, -62.747765062, 
-62.747703595, -62.7463699909999, -62.745257161, -62.742959404, -62.7364835429999, -62.734428432, -62.736345668, -62.7369010349999, -62.7320416729999, -62.7292872899999, -62.7290357369999, -62.7311463519999, -62.73437281, -62.7352632409999, -62.737679047, -62.736010591, -62.734229815, -62.7316465229999, -62.7303173029999, -62.728590838, -62.7278423389999, -62.7279839379999, -62.728702754, -62.7284006039999, -62.7299597059999, -62.734425442, -62.734545163, -62.7332084379999, -62.731040788, -62.7287888879999, 
-62.72734052, -62.7243726689999, -62.725924751, -62.7261717859999, -62.72331723, -62.7225404549999, -62.717986877, -62.716089525, -62.714955268, -62.7149855909999, -62.713592895, -62.711484516, -62.7112350779999, -62.708871636, -62.710705256, -62.706924868, -62.7042101929999, -62.7007087989999, -62.6983384789999, -62.698173754, -62.697035503, -62.696511754, -62.694563482, -62.6929234959999, -62.691317237, -62.5841521339999, -62.489768142, -62.4895263389999, -62.486015354, -62.4856478809999, -62.480578245, 
-62.4792973879999, -62.477841968, -62.476825416, -62.475657544, -62.4622581519999, -62.445339351, -62.4065900529999, -62.4063022399999, -62.3360578679999, -62.332047074, -62.264844618, -62.2647862289999, -62.263511107, -62.263038801, -62.2625925849999, -62.262731882, -62.26220499, -62.2608681089999, -62.2590325299999, -62.256236476, -62.254732503, -62.2543742839999, -62.2546485069999, -62.252946629, -62.25259638, -62.253347725, -62.255866373, -62.2577615859999, -62.258480215, -62.2582832419999, -62.2557268159999, 
-62.255837348, -62.254679325, -62.2526465129999, -62.250891527, -62.246976048, -62.2442829789999, -62.244313598, -62.2435615689999, -62.241782565, -62.242176241, -62.241119025, -62.2402035659999, -62.239312663, -62.238950787, -62.2371512399999, -62.2345383149999, -62.2320889569999, -62.230484685, -62.229231582, -62.2264475909999, -62.2243685529999, -62.2217236779999, -62.2199275459999, -62.21653474, -62.2143120909999, -62.214731623, -62.215592295, -62.2167568359999, -62.2170637829999, -62.2170926739999, 
-62.2158160779999, -62.2172312349999, -62.2176430659999, -62.216312962, -62.215647999, -62.2142855379999, -62.213950934, -62.2139218689999, -62.216477046, -62.217064984, -62.217646206, -62.2143122419999, -62.2135878369999, -62.211588406, -62.2083161469999, -62.2029269609999, -62.204424232, -62.203474242, -62.2016199339999, -62.201034037, -62.2003402349999, -62.195562018, -62.1955883469999, -62.1949827499999, -62.1951190079999, -62.1949350099999, -62.1938986399999, -62.192285796, -62.1891504719999, 
-62.188037992, -62.187811247, -62.1882008069999, -62.189535929, -62.1898410869999, -62.1887308299999, -62.1865894999999, -62.1858710809999, -62.1877603609999, -11.0686541589999, -11.0709252229999, -11.0706267379999, -11.0676843979999, -11.0668846679999, -11.0675118749999, -11.066669427, -11.0659175069999, -11.0664965199999, -11.068291591, -11.069111755, -11.0707764269999, -11.075595618, -11.072903151, -11.072062563, -11.0710104459999, -11.0729329789999, -11.0714565229999, -11.071241313, -11.068648967, 
-11.0688420409999, -11.067752996, -11.0699615599999, -11.0721757899999, -11.0748049619999, -11.0763546379999, -11.0779672839999, -11.0822199899999, -11.0857698959999, -11.089391839, -11.0908134649999, -11.091288334, -11.0920929029999, -11.096220801, -11.0983950509999, -11.0988148659999, -11.099989601, -11.1040051199999, -11.1078124759999, -11.1118925859999, -11.1123329999999, -11.1150097879999, -11.117989321, -11.1205748509999, -11.129973564, -11.1319691269999, -11.1350696359999, -11.139092552, -11.1411774309999, 
-11.1424903749999, -11.145535975, -11.1481690789999, -11.1514162009999, -11.154470331, -11.1580777579999, -11.1596556379999, -11.1631298239999, -11.1661489489999, -11.171097392, -11.17729004, -11.179084858, -11.1809323329999, -11.1849935319999, -11.1870848729999, -11.18529834, -11.1882234619999, -11.18999023, -11.1911150729999, -11.1979166249999, -11.1981951039999, -11.199689577, -11.201759166, -11.2043454509999, -11.2064321849999, -11.207741671, -11.2108510859999, -11.2128604279999, -11.219394151, 
-11.2224148889999, -11.222578924, -11.2291640249999, -11.2327810539999, -11.2335888489999, -11.23858834, -11.2407564969999, -11.242048584, -11.259789021, -11.2609619599999, -11.2605357649999, -11.259157773, -11.260137869, -11.2645150429999, -11.2720742779999, -11.275318909, -11.279238945, -11.2800851009999, -11.2831031009999, -11.282131981, -11.283583681, -11.2815688929999, -11.280719481, -11.282892166, -11.281358156, -11.281085478, -11.281074545, -11.2825677, -11.2805976929999, -11.282405449, -11.2817135879999, 
-11.2800971639999, -11.278726784, -11.2778882469999, -11.2794012169999, -11.2793986239999, -11.2779150489999, -11.279243681, -11.280875949, -11.281986064, -11.283427816, -11.2854576619999, -11.2869084569999, -11.288560966, -11.289350891, -11.2902543349999, -11.2918191639999, -11.293998861, -11.2954465029999, -11.2973817759999, -11.29721168, -11.298297539, -11.2969564649999, -11.296836957, -11.2975642549999, -11.295444818, -11.294701948, -11.2933378769999, -11.2902967219999, -11.2863725129999, -11.283940978, 
-11.283839755, -11.2825491989999, -11.282535767, -11.283086271, -11.291658854, -11.292086906, -11.2932566809999, -11.2940737519999, -11.295818578, -11.2942442399999, -11.2958147769999, -11.29785463, -11.300052454, -11.300271959, -11.3000063749999, -11.297740013, -11.2979288519999, -11.299107603, -11.3021886569999, -11.3040589539999, -11.308235103, -11.310196179, -11.312234759, -11.3138215729999, -11.314482502, -11.316413648, -11.318840059, -11.3255611969999, -11.327327635, -11.328847568, -11.3284425519999, 
-11.329623792, -11.3328971919999, -11.333197587, -11.33542769, -11.3352983689999, -11.336699613, -11.338746961, -11.340573719, -11.3427032769999, -11.344284889, -11.346917095, -11.353442725, -11.3583172909999, -11.360974691, -11.3613166659999, -11.362110615, -11.3631812269999, -11.3646528249999, -11.3651964469999, -11.3686458789999, -11.370481174, -11.371969017, -11.372666977, -11.3772706069999, -11.377111917, -11.376461378, -11.380544323, -11.3820620179999, -11.3825850179999, -11.3829112229999, 
-11.382277335, -11.3826894429999, -11.3837617359999, -11.3813807689999, -11.381591404, -11.3836002969999, -11.3876040129999, -11.3900648319999, -11.392631046, -11.3919623849999, -11.3917352669999, -11.394019063, -11.3932940419999, -11.394217328, -11.396592904, -11.39720809, -11.397669634, -11.400392895, -11.401444891, -11.4026488129999, -11.4034809409999, -11.40432441, -11.4077523569999, -11.407175428, -11.4084733139999, -11.4095157539999, -11.4108579229999, -11.4114993539999, -11.410660892, -11.412574539, 
-11.412276073, -11.412840689, -11.414451904, -11.414529463, -11.415243026, -11.417082593, -11.418401141, -11.4203617959999, -11.4233979469999, -11.424769906, -11.4255200089999, -11.4270723459999, -11.4281087959999, -11.428545615, -11.4305791969999, -11.431707852, -11.4312517619999, -11.4313935819999, -11.432734093, -11.4317859639999, -11.4313838269999, -11.430726864, -11.430392836, -11.4296878329999, -11.4306254989999, -11.4292246239999, -11.428488549, -11.4270759419999, -11.4259011089999, -11.4251324759999, 
-11.424452312, -11.4234752559999, -11.424191831, -11.424908406, -11.425413668, -11.425461508, -11.4268276869999, -11.427400052, -11.427839395, -11.4289552369999, -11.4299372319999, -11.4295551099999, -11.4304654619999, -11.431758502, -11.433620085, -11.433584199, -11.4350092679999, -11.4350681929999, -11.433738752, -11.4345849389999, -11.4332791209999, -11.433893693, -11.4348285039999, -11.433899265, -11.4325060659999, -11.434697854, -11.4344295659999, -11.4335643039999, -11.431590006, -11.4304182179999, 
-11.4293738149999, -11.428952119, -11.430204901, -11.430233104, -11.4315034029999, -11.4314016169999, -11.4321131219999, -11.432462728, -11.4341378119999, -11.4336898719999, -11.4341224929999, -11.4311343009999, -11.430530577, -11.430736369, -11.432309168, -11.4336290259999, -11.4350287269999, -11.436169141, -11.4365573989999, -11.4375844379999, -11.436386829, -11.436641254, -11.4379314689999, -11.436622256, -11.438088626, -11.438118383, -11.4411817449999, -11.442589595, -11.4442258519999, -11.441634278, 
-11.443186101, -11.4442332029999, -11.4462925969999, -11.447315809, -11.4480515399999, -11.4501672169999, -11.4599283939999, -11.4622798799999, -11.463836179, -11.463839284, -11.465506825, -11.468563864, -11.4712425899999, -11.47267163, -11.473242075, -11.4746462859999, -11.4776050709999, -11.4797048759999, -11.480634654, -11.481262575, -11.4824447729999, -11.485737231, -11.487869232, -11.4884502899999, -11.4893763909999, -11.4917404099999, -11.492582173, -11.492777647, -11.493648349, -11.4951772269999, 
-11.4966348349999, -11.4978343759999, -11.496368391, -11.49664253, -11.498464095, -11.497946317, -11.498978886, -11.5021588709999, -11.502365881, -11.5035042109999, -11.5045782629999, -11.506552043, -11.508906044, -11.509815762, -11.5130223809999, -11.5136558429999, -11.5203409699999, -11.52409657, -11.525291946, -11.5290016969999, -11.533042633, -11.535279186, -11.5374659, -11.537504042, -11.539072195, -11.5479373649999, -11.5520059979999, -11.5609476179999, -11.564040994, -11.5637192889999, -11.56280307, 
-11.5636516969999, -11.5662389109999, -11.568013539, -11.5708417479999, -11.574233347, -11.5793356579999, -11.5836438339999, -11.587986713, -11.591444408, -11.597586126, -11.601496945, -11.6045762829999, -11.610916282, -11.615709377, -11.610649526, -11.6068805209999, -11.6042274919999, -11.605599512, -11.605376135, -11.6029478919999, -11.602046736, -11.601774832, -11.6035936879999, -11.6036284039999, -11.6021286389999, -11.5998956829999, -11.5985349589999, -11.596167362, -11.592461084, -11.5893683099999, 
-11.587893268, -11.584850642, -11.582790076, -11.5799208659999, -11.579431545, -11.5778609819999, -11.575455889, -11.574928703, -11.574533716, -11.5582834859999, -11.558032978, -11.5545713829999, -11.5511483139999, -11.5501026739999, -11.5510168989999, -11.5510172909999, -11.5463082569999, -11.544092087, -11.543055052, -11.5394612219999, -11.535663359, -11.532196878, -11.5313258699999, -11.5299653669999, -11.5284361029999, -11.526208233, -11.519630873, -11.5111978069999, -11.509619158, -11.50607458, 
-11.500320601, -11.497171125, -11.493736347, -11.4927858199999, -11.485083274, -11.4770800059999, -11.4757141929999, -11.4756532489999, -11.4755978469999, -11.477401556, -11.4784013739999, -11.473430552, -11.4686364389999, -11.471705933, -11.4760214449999, -11.476170368, -11.478719914, -11.4828315349999, -11.48822491, -11.49125557, -11.489477608, -11.486837297, -11.484793623, -11.4803735579999, -11.475023107, -11.473089291, -11.4707506949999, -11.4663282649999, -11.462594101, -11.457164756, -11.4524545859999, 
-11.449405931, -11.44802436, -11.4472886219999, -11.443495866, -11.44664483, -11.447476749, -11.449064545, -11.4460507269999, -11.445850649, -11.4432500019999, -11.4426604029999, -11.43916953, -11.433926595, -11.4320263109999, -11.4324278829999, -11.432788802, -11.439386254, -11.447316303, -11.448774529, -11.4455540349999, -11.4462578399999, -11.4493442339999, -11.446537995, -11.4468394749999, -11.4479927379999, -11.4442626339999, -11.4420577699999, -11.4400772409999, -11.431078607, -11.4269998889999, 
-11.4209450509999, -11.4179157199999, -11.4125515709999, -11.410957421, -11.40251339, -11.394318491, -11.393192194, -11.393105454, -11.3910618039999, -11.389271321, -11.3912091379999, -11.390371912, -11.386384443, -11.3779146719999, -11.3706870809999, -11.364958498, -11.361609226, -11.3551937729999, -11.348482319, -11.3372292299999, -11.33625304, -11.3347477299999, -11.3292954349999, -11.3119881699999, -11.3052434059999, -11.303208304, -11.3063311229999, -11.307702472, -11.3095592739999, -11.31284338, 
-11.3096235029999, -11.311695827, -11.315159955, -11.316032843, -11.320292228, -11.3253603999999, -11.3301222869999, -11.333497457, -11.336578596, -11.342761521, -11.3482786679999, -11.351152601, -11.354976405, -11.3546212269999, -11.3579151929999, -11.357176004, -11.3539032859999, -11.3522727079999, -11.347060992, -11.34562329, -11.346345865, -11.3446911039999, -11.3463615829999, -11.339667932, -11.3400235729999, -11.341801949, -11.344482235, -11.3453715789999, -11.345583509, -11.3442424859999, 
-11.3424381069999, -11.342004124, -11.3405206469999, -11.3399080679999, -11.339707952, -11.339147123, -11.338504036, -11.3378436309999, -11.3371196539999, -11.3362078529999, -11.336282134, -11.337898817, -11.3397733489999, -11.341671817, -11.344396303, -11.346840649, -11.3473234779999, -11.349124938, -11.3498374279999, -11.350459175, -11.350850117, -11.3509903889999, -11.351997342, -11.3525488989999, -11.3545520939999, -11.3568164449999, -11.3568088559999, -11.3556266399999, -11.3504762399999, -11.3491503839999, 
-11.3472419109999, -11.3454985169999, -11.3442064409999, -11.3420796849999, -11.339392947, -11.3390414249999, -11.336569827, -11.3356149269999, -11.334215969, -11.3332106239999, -11.331217936, -11.3301241739999, -11.3266194039999, -11.325806254, -11.3244890169999, -11.323666791, -11.321845149, -11.3182081849999, -11.312440119, -11.3079428399999, -11.303227363, -11.3016367719999, -11.299999387, -11.2924265099999, -11.290131768, -11.288860278, -11.2876336529999, -11.285964189, -11.284597882, -11.282393262, 
-11.2797459079999, -11.2756199529999, -11.273622559, -11.2727647199999, -11.271220328, -11.2700477029999, -11.2682357859999, -11.2641080559999, -11.2599419589999, -11.25867711, -11.257038012, -11.2540886589999, -11.25201651, -11.249762896, -11.2472130419999, -11.239507166, -11.2356484699999, -11.230514076, -11.2214610529999, -11.217971704, -11.215065098, -11.2127307229999, -11.2094575679999, -11.2062717399999, -11.2040678769999, -11.2023865359999, -11.201087865, -11.198920926, -11.198235012, -11.1981778639999, 
-11.196809451, -11.195775909, -11.1932765479999, -11.1913986929999, -11.1882518399999, -11.1865299089999, -11.1852265669999, -11.1839707709999, -11.182869768, -11.181226256, -11.178250829, -11.1753506799999, -11.1721710419999, -11.1702583389999, -11.1691226309999, -11.1623047439999, -11.160321701, -11.156299795, -11.155426457, -11.150575245, -11.148287598, -11.1476152109999, -11.1453757039999, -11.13970347, -11.1315269849999, -11.1293038609999, -11.128513819, -11.127567922, -11.1265729479999, -11.122760641, 
-11.117366678, -11.1165091409999, -11.1148775359999, -11.114379076, -11.1132566539999, -11.1134723289999, -11.1150087819999, -11.115181156, -11.1155902159999, -11.1163046599999, -11.1165086729999, -11.1159835069999, -11.111628838, -11.11147238, -11.1108769639999, -11.110090827, -11.1089494749999, -11.108314065, -11.106892827, -11.1061283339999, -11.1044061589999, -11.103389288, -11.1023740549999, -11.100363235, -11.097498061, -11.0952892089999, -11.094043787, -11.0916367569999, -11.088322509, -11.08649129, 
-11.085738274, -11.0852882409999, -11.0845655099999, -11.0825659739999, -11.082540635, -11.080884267, -11.083756862, -11.0837747149999, -11.080183474, -11.0798330419999, -11.0800430629999, -11.0816027239999, -11.08461648, -11.0843067119999, -11.083995573, -11.0845171929999, -11.085763372, -11.0859729149999, -11.0868040359999, -11.0886751209999, -11.091582501, -11.092724303, -11.094283402, -11.096777761, -11.100931433, -11.1017644679999, -11.1021790019999, -11.1042600869999, -11.105505195, -11.11049259, 
-11.1163122529999, -11.1183886609999, -11.122043561, -11.1230240149999, -11.12404896, -11.125940595, -11.127606207, -11.1291613649999, -11.130261868, -11.1314283209999, -11.1327003739999, -11.1353012909999, -11.1364573939999, -11.1385857729999, -11.1398185679999, -11.141951789, -11.145093908, -11.1454400929999, -11.145699539, -11.1468587649999, -11.1470729159999, -11.1471500739999, -11.1477658709999, -11.1505650159999, -11.1517637879999, -11.1527277319999, -11.1531604459999, -11.153971321, -11.1570420159999, 
-11.157940872, -11.1586953789999, -11.159710439, -11.1609340219999, -11.162080492, -11.162252862, -11.1629351809999, -11.163914669, -11.1649278229999, -11.166235338, -11.1678632689999, -11.168770144, -11.169563156, -11.170794612, -11.172263861, -11.1740098729999, -11.1745101509999, -11.1751041879999, -11.1753226609999, -11.176046842, -11.1762641729999, -11.17764434, -11.1788725989999, -11.1794858959999, -11.1810048429999, -11.182276423, -11.184324145, -11.1851654799999, -11.186399133, -11.187847849, 
-11.1899656699999, -11.1914437799999, -11.192985959, -11.1940377199999, -11.1946405689999, -11.1945454259999, -11.19376205, -11.1930400649999, -11.1934944779999, -11.1934588299999, -11.1927584929999, -11.1894387519999, -11.1880623399999, -11.187735763, -11.1857452519999, -11.185637234, -11.1860078579999, -11.1866137509999, -11.186354261, -11.186608663, -11.1871514869999, -11.1879132919999, -11.188783504, -11.1886399919999, -11.1873414219999, -11.1865373539999, -11.1848692369999, -11.183855813, -11.1837089039999, 
-11.1822228309999, -11.1816445439999, -11.1811376269999, -11.1804110929999, -11.180121848, -11.180269724, -11.1801952079999, -11.1805226429999, -11.181248328, -11.1808875049999, -11.1810338599999, -11.18164805, -11.1830269179999, -11.183606261, -11.1842237409999, -11.1849120869999, -11.18564765, -11.1866265889999, -11.1874270749999, -11.187938519, -11.188638662, -11.189593675, -11.1894947479999, -11.1890438689999, -11.1890416619999, -11.188740506, -11.18689645, -11.1862754409999, -11.1852541229999, 
-11.184524148, -11.183650348, -11.183276539, -11.1837385609999, -11.18457332, -11.187190225, -11.1876159719999, -11.1882459449999, -11.189901771, -11.1925787659999, -11.1943884559999, -11.195932577, -11.1963345639999, -11.197368942, -11.198688181, -11.1995688879999, -11.2013111899999, -11.202244524, -11.2001570459999, -11.200715884, -11.2013175859999, -11.203827842, -11.203784891, -11.2021883859999, -11.201648597, -11.2002336699999, -11.2016354319999, -11.200393834, -11.201590876, -11.2007012399999, 
-11.2000027469999, -11.2011610179999, -11.199790606, -11.2009410829999, -11.200676694, -11.201233257, -11.202784507, -11.203841649, -11.20362492, -11.205408015, -11.2032189519999, -11.2033433419999, -11.2044297559999, -11.2048654149999, -11.205969658, -11.208161542, -11.2069994359999, -11.2063595019999, -11.20720823, -11.2052494169999, -11.205671956, -11.2068418339999, -11.204642551, -11.205092189, -11.2060621919999, -11.205961911, -11.2064055449999, -11.204633952, -11.2040830919999, -11.204329448, 
-11.203612209, -11.202315438, -11.204020975, -11.2056854269999, -11.207148264, -11.2098719529999, -11.209268182, -11.207898564, -11.2099337569999, -11.2101004859999, -11.2121585679999, -11.212127679, -11.2110506499999, -11.2078603999999, -11.2081137899999, -11.2077056589999, -11.2059625039999, -11.206423768, -11.204157387, -11.201880422, -11.203157038, -11.202237376, -11.202263785, -11.203167858, -11.202382176, -11.1983895219999, -11.19817605, -11.1980112269999, -11.198813576, -11.1979496619999, 
-11.195121134, -11.193986386, -11.195240574, -11.1946224819999, -11.192873083, -11.1917800049999, -11.192521519, -11.1957723389999, -11.1978246479999, -11.196613084, -11.1968415689999, -11.197519229, -11.1993704559999, -11.2002701069999, -11.1998464, -11.1971075219999, -11.19816975, -11.198789039, -11.2011082669999, -11.201977127, -11.2020080989999, -11.1994198999999, -11.1982155849999, -11.199487033, -11.195608813, -11.194768807, -11.193443278, -11.1913022739999, -11.1908222019999, -11.1873618239999, 
-11.18726154, -11.189421946, -11.188371173, -11.189856903, -11.1904119029999, -11.1934224119999, -11.1918961049999, -11.1938365179999, -11.196675295, -11.1935832529999, -11.193894183, -11.1914635799999, -11.1906771929999, -11.1935771849999, -11.191640298, -11.1924978609999, -11.1903061099999, -11.19223466, -11.1924918079999, -11.195946802, -11.192767148, -11.1893883609999, -11.1855354919999, -11.1830858549999, -11.181451604, -11.179801994, -11.178276533, -11.178036966, -11.1797871369999, -11.182653445, 
-11.183279098, -11.1804819949999, -11.1772346819999, -11.176781344, -11.1784519179999, -11.1811655509999, -11.1833550769999, -11.1813940759999, -11.1793630939999, -11.1774599789999, -11.176391945, -11.1783039579999, -11.1741515099999, -11.172822435, -11.1732024849999, -11.1689831689999, -11.169180891, -11.165516569, -11.165418559, -11.1647677009999, -11.1668898759999, -11.1666793699999, -11.164634945, -11.1623403859999, -11.1607518549999, -11.1588680749999, -11.157444959, -11.1579244859999, -11.1560598849999, 
-11.1548284049999, -11.1522801879999, -11.148024326, -11.151302716, -11.150771875, -11.147804419, -11.145692857, -11.1445406899999, -11.141272595, -11.141457069, -11.142352285, -11.142643335, -11.1403259789999, -11.1381675249999, -11.1396304479999, -11.1408110629999, -11.1414038949999, -11.1350197899999, -11.1353616339999, -11.132174821, -11.132014849, -11.128119503, -11.127847839, -11.128188102, -11.1283444119999, -11.130875972, -11.1314050069999, -11.1298141279999, -11.2247696129999, -11.192019358, 
-11.1919353969999, -11.1907162759999, -11.1905886779999, -11.188828346, -11.1883835939999, -11.1878782269999, -11.187525249, -11.187118604, -11.1824636509999, -11.176585125, -11.175683993, -11.1756767759999, -11.17402891, -11.173934431, -11.1723414219999, -11.170614082, -11.168582429, -11.1668565379999, -11.1646312129999, -11.1612241399999, -11.159412876, -11.1571375239999, -11.154779947, -11.151720578, -11.1500710889999, -11.1493251489999, -11.145533812, -11.142104287, -11.140314999, -11.138940736, 
-11.1365271979999, -11.135187173, -11.1340483999999, -11.132593415, -11.1305749649999, -11.130339161, -11.128545882, -11.1285205719999, -11.12705329, -11.1278410759999, -11.127492497, -11.1240452789999, -11.1229706229999, -11.119388052, -11.1171182719999, -11.1160008329999, -11.1121225869999, -11.1100514849999, -11.1079382799999, -11.106439764, -11.1080139319999, -11.106558933, -11.107371527, -11.1065449359999, -11.1042294539999, -11.103239807, -11.106379096, -11.107468161, -11.1105515739999, -11.110316141, 
-11.108630298, -11.10732654, -11.106050393, -11.1046263879999, -11.102107594, -11.10021595, -11.0998410439999, -11.0972304259999, -11.094867418, -11.0930049099999, -11.0914755189999, -11.0893444, -11.087007142, -11.0837692199999, -11.081915898, -11.0765642379999, -11.072902122, -11.074461821, -11.076655827, -11.0761699519999, -11.0736563209999, -11.0718698599999, -11.0697274599999, -11.067887854, -11.0669096169999, -11.064366282, -11.0634209409999, -11.062398474, -11.0597649619999, -11.057729426, 
-11.0574684019999, -11.055995359, -11.0552864069999, -11.0531693349999, -11.05300125, -11.0543890999999, -11.056470567, -11.0587738289999, -11.0602253189999, -11.061087925, -11.061781174, -11.0632332649999, -11.0686541589999)))"
1100379,Alto Alegre Dos Parecis,11,RO,"list(list(c(-61.8968007519999, -61.895094051, -61.894258649, -61.893011643, -61.8902318309999, -61.888435336, -61.88589539, -61.8843986299999, -61.8818395049999, -61.8802309399999, -61.87767717, -61.8769253059999, -61.8758755489999, -61.875319658, -61.875533678, -61.8743100519999, -61.873587183, -61.872505033, -61.872699126, -61.871785945, -61.870314627, -61.869926642, -61.8673969, -61.86428697, -61.8628959339999, -61.8616477779999, -61.860836649, -61.857955536, -61.8582033039999, -61.85703689, -61.8518656019999, 
-61.85109287, -61.850898022, -61.847005624, -61.8452027519999, -61.843568247, -61.8442001849999, -61.844149293, -61.842648189, -61.8432594069999, -61.844147882, -61.845393174, -61.8475911269999, -61.8486193649999, -61.850203094, -61.848953789, -61.8428926299999, -61.8417277119999, -61.8392047369999, -61.838757328, -61.8373093239999, -61.8357006339999, -61.8324522659999, -61.832009153, -61.83414677, -61.8349276129999, -61.834037219, -61.832644785, -61.834924902, -61.836650715, -61.8367041519999, -61.837287348, 
-61.837063292, -61.8357595309999, -61.8358097169999, -61.834290322, -61.8364216699999, -61.836563681, -61.835787795, -61.83251102, -61.8295406989999, -61.8281142269999, -61.8255123569999, -61.8253413699999, -61.822842027, -61.8197006439999, -61.817120359, -61.816618551, -61.8165058379999, -61.8156725009999, -61.8165306509999, -61.815234715, -61.813198407, -61.811119799, -61.8092331279999, -61.8072870729999, -61.804904929, -61.803310492, -61.80317554, -61.8017618749999, -61.8005389539999, -61.7982552459999, 
-61.8002019159999, -61.800002536, -61.797512574, -61.796865342, -61.7938432139999, -61.792614741, -61.7913968889999, -61.788505225, -61.783007813, -61.7794270249999, -61.777397927, -61.776200847, -61.7743169469999, -61.77329125, -61.773676999, -61.769121258, -61.762819862, -61.759364251, -61.75692342, -61.75048069, -61.747534804, -61.74706187, -61.7459566559999, -61.74597736, -61.744447823, -61.7447867269999, -61.7443701699999, -61.744647451, -61.744454075, -61.743288542, -61.7405128559999, -61.7414781449999, 
-61.744085779, -61.7487871009999, -61.751729887, -61.753370056, -61.7522331359999, -61.750147782, -61.745674862, -61.743394972, -61.7392271129999, -61.736896115, -61.7348142539999, -61.731925682, -61.7314221299999, -61.7286706509999, -61.7259787879999, -61.727484819, -61.72964716, -61.725753922, -61.7243707, -61.7266222439999, -61.727061307, -61.726206631, -61.7219541989999, -61.7178727779999, -61.7180111699999, -61.716925744, -61.7133998789999, -61.7080326979999, -61.7052060619999, -61.702701183, 
-61.69964764, -61.695258859, -61.690895366, -61.6917843859999, -61.691706674, -61.689346749, -61.686952619, -61.6812092399999, -61.677625166, -61.675784592, -61.6742898729999, -61.6683116339999, -61.664143619, -61.6587889459999, -61.6553948919999, -61.654460234, -61.65028116, -61.644902038, -61.63949182, -61.637980824, -61.6370655309999, -61.634761402, -61.6315327289999, -61.6257869329999, -61.619365891, -61.6119263519999, -61.6070398419999, -61.60464689, -61.5988431409999, -61.594447757, -61.5939263979999, 
-61.588392529, -61.5841046349999, -61.5716505279999, -61.568176231, -61.56614512, -61.5655877919999, -61.560644808, -61.5565314689999, -61.5560340549999, -61.554977443, -61.553791158, -61.5532334199999, -61.5536466509999, -61.554136222, -61.554177011, -61.554086323, -61.552925659, -61.5522595029999, -61.552142353, -61.551869148, -61.5511763789999, -61.5506687819999, -61.5493980299999, -61.548153282, -61.545815997, -61.5448417109999, -61.543621387, -61.5428411479999, -61.541152025, -61.540395056, 
-61.539372369, -61.5381496699999, -61.5354161699999, -61.534226208, -61.5335075369999, -61.533229973, -61.533174164, -61.532892632, -61.5327551269999, -61.5310366349999, -61.5291761359999, -61.5277301139999, -61.527871133, -61.528291493, -61.5286759809999, -61.529394352, -61.529920245, -61.5309505429999, -61.531621071, -61.5323677, -61.5325961789999, -61.532478351, -61.533118413, -61.5337862869999, -61.534069334, -61.5333165949999, -61.531171951, -61.5283396409999, -61.5259252349999, -61.524649558, 
-61.5247618859999, -61.525173607, -61.526035626, -61.527312834, -61.5279564839999, -61.527920508, -61.5282030399999, -61.528703209, -61.5299501039999, -61.5313649579999, -61.532840446, -61.53311515, -61.5327808069999, -61.531699994, -61.531809655, -61.532454729, -61.53239518, -61.532004985, -61.5314526279999, -61.5312542989999, -61.530425023, -61.528844361, -61.5273170119999, -61.5258399719999, -61.525288726, -61.526004829, -61.5263390789999, -61.528947891, -61.5294199539999, -61.531036743, -61.533007445, 
-61.534205506, -61.535427243, -61.535837272, -61.536812353, -61.537232821, -61.5390056129999, -61.5415100039999, -61.541790656, -61.541562528, -61.540183727, -61.5390358039999, -61.5379556709999, -61.537621937, -61.5375982519999, -61.53783937, -61.5386158539999, -61.5395231309999, -61.541959407, -61.543100253, -61.5436539409999, -61.545464421, -61.5480364479999, -61.5491033009999, -61.551400547, -61.553450729, -61.5545888509999, -61.5564515769999, -61.5575346649999, -61.5586788299999, -61.559173921, 
-61.5601170419999, -61.561148327, -61.5624799079999, -61.5638400099999, -61.56717356, -61.5735901259999, -61.5767043389999, -61.580207478, -61.581784156, -61.583209613, -61.5859290189999, -61.588343175, -61.5901514879999, -61.5919010049999, -61.5935101809999, -61.594817074, -61.5965364819999, -61.598476826, -61.599993452, -61.6028740559999, -61.603684328, -61.6044945999999, -61.607367027, -61.609975719, -61.612317391, -61.613512135, -61.614591082, -61.6157328669999, -61.6176757089999, -61.618955644, 
-61.6205635609999, -61.6222591549999, -61.623706049, -61.624846978, -61.6264803549999, -61.629729453, -61.6309223529999, -61.6321737869999, -61.633482604, -61.635231421, -61.63711965, -61.6409780289999, -61.643202937, -61.645179048, -61.650855112, -61.652175501, -61.6535160189999, -61.66264644, -61.664703335, -61.666870832, -61.671620247, -61.6732554239999, -61.6762092049999, -61.6775078189999, -61.679262893, -61.6807611419999, -61.681785237, -61.683016108, -61.6841439719999, -61.68537447, -61.6865398749999, 
-61.687288138, -61.688923281, -61.690451884, -61.6944254999999, -61.697373354, -61.6998422059999, -61.700813017, -61.7036152329999, -61.708647951, -61.710347345, -61.7114499959999, -61.712737853, -61.7137335469999, -61.7162057249999, -61.7190095489999, -61.720537968, -61.721922819, -61.7232402089999, -61.7248417069999, -61.7261446539999, -61.7274476009999, -61.7281175589999, -61.729264829, -61.730818169, -61.7323722159999, -61.7337533459999, -61.734651363, -61.7366623459999, -61.737149293, -61.7376607789999, 
-61.7381225549999, -61.7390958179999, -61.7432053449999, -61.74595505, -61.748038586, -61.74925898, -61.750843217, -61.754511575, -61.7555607949999, -61.7570655599999, -61.7579008479999, -61.7589280979999, -61.7599851209999, -61.7609547709999, -61.761847394, -61.7628461679999, -61.7641002429999, -61.7654773789999, -61.766703608, -61.769707139, -61.7710730889999, -61.774542021, -61.776015849, -61.7774053219999, -61.7794522349999, -61.781207033, -61.78195128, -61.78306706, -61.784317052, -61.785099724, 
-61.7868970939999, -61.788288392, -61.7916213069999, -61.7931754739999, -61.79603788, -61.796928846, -61.7984021299999, -61.80134607, -61.8012047499999, -61.8021484779999, -61.803542163, -61.804958058, -61.806312811, -61.8091518879999, -61.8095617069999, -61.810560811, -61.811764059, -61.813154159, -61.814822625, -61.814824436, -61.814824464, -61.8148880839999, -61.8148904029999, -61.814907056, -61.8149095969999, -61.814909717, -61.8149097509999, -61.815237861, -61.8163717929999, -61.817150982, -61.8171255669999, 
-61.8167599459999, -61.817787107, -61.819097313, -61.820066932, -61.822145351, -61.823149136, -61.8253763, -61.826487333, -61.827823698, -61.828543883, -61.8299809959999, -61.831261334, -61.832626308, -61.833759088, -61.838570248, -61.8392650979999, -61.8405168369999, -61.841869958, -61.843177972, -61.843990109, -61.845563937, -61.846876564, -61.849567723, -61.8505345469999, -61.853062646, -61.855591869, -61.8569526349999, -61.8586401689999, -61.8613462879999, -61.8632365759999, -61.8644010989999, 
-61.865875057, -61.867478299, -61.868591189, -61.8693648389999, -61.87046177, -61.871904602, -61.8732945199999, -61.876400081, -61.8782671699999, -61.881398517, -61.884677519, -61.8877100839999, -61.8898485929999, -61.891903531, -61.893098634, -61.894146291, -61.8955100009999, -61.8958460709999, -61.8967106389999, -61.895847213, -61.8957044439999, -61.895315356, -61.89518396, -61.895265501, -61.894703067, -61.8944030049999, -61.893930798, -61.8938170099999, -61.893535443, -61.893674747, -61.894235522, 
-61.896402556, -61.8975083779999, -61.89912692, -61.90026358, -61.901621728, -61.9017628549999, -61.900845469, -61.900843275, -61.899702294, -61.899428505, -61.8993214349999, -61.9001000139999, -61.902931102, -61.9045901679999, -61.9059795169999, -61.9074324979999, -61.908202187, -61.9097054049999, -61.911233491, -61.912648973, -61.912897215, -61.915180264, -61.915342342, -61.914859484, -61.91406948, -61.913483332, -61.91361778, -61.9141300079999, -61.9155997549999, -61.9156261749999, -61.9164559489999, 
-61.917741454, -61.918648074, -61.9204030079999, -61.921705851, -61.9226027229999, -61.9252059999999, -61.9258715449999, -61.9270659689999, -61.9286818949999, -61.930008179, -61.9310969839999, -61.9326825769999, -61.934147361, -61.938575473, -61.939845421, -61.940986013, -61.943852578, -61.946993128, -61.9485998119999, -61.950346462, -61.9562877289999, -61.958878649, -61.9601232029999, -61.961347241, -61.961791826, -61.963601767, -61.967680633, -61.96990081, -61.970620672, -61.971537854, -61.972294548, 
-61.975072763, -61.9768161539999, -61.9791512729999, -61.9802093229999, -61.982205547, -61.983403406, -61.9840727599999, -61.985148811, -61.9858143039999, -61.9868710009999, -61.988683801, -61.98926448, -61.990120484, -61.990541108, -61.990795369, -61.9911230019999, -61.991620829, -61.993063601, -61.9938219919999, -61.994875716, -61.9965111469999, -61.9987381559999, -62.0003461649999, -62.001818684, -62.00404206, -62.0081796279999, -62.00943283, -62.011288557, -62.0120139229999, -62.012569334, -62.012794657, 
-62.012597102, -62.0129057939999, -62.015265094, -62.018012836, -62.020348512, -62.0224080039999, -62.0237435209999, -62.0267371369999, -62.028511682, -62.0295666969999, -62.0301799769999, -62.0310384149999, -62.0336748789999, -62.0349353259999, -62.035986884, -62.0366539759999, -62.035483555, -62.0350701739999, -62.0362394039999, -62.036648769, -62.036624569, -62.0375985609999, -62.0392640389999, -62.0402060749999, -62.040628109, -62.041906698, -62.0434098009999, -62.0448723719999, -62.0462966819999, 
-62.047713113, -62.0506797469999, -62.05204532, -62.0529059409999, -62.054432774, -62.0556258789999, -62.0560381349999, -62.056154216, -62.056817183, -62.0572875869999, -62.058180408, -62.0595946849999, -62.061352459, -62.0628759649999, -62.063927417, -62.065537981, -62.066934809, -62.0685452529999, -62.069792743, -62.071233208, -62.072764328, -62.074208841, -62.075266508, -62.0763776169999, -62.0799270799999, -62.08165434, -62.084848412, -62.086179245, -62.0876535229999, -62.090934564, -62.092460889, 
-62.093900347, -62.0952382469999, -62.0997901569999, -62.101019405, -62.1014582409999, -62.102933697, -62.104265993, -62.105016209, -62.105294483, -62.106567636, -62.108315906, -62.110180278, -62.111544603, -62.112288268, -62.1125953409999, -62.112906567, -62.1138737799999, -62.115208603, -62.116241423, -62.1197090829999, -62.124292348, -62.1287111719999, -62.134825103, -62.1375660889999, -62.140463919, -62.142904492, -62.1473523279999, -62.1500145679999, -62.1520176059999, -62.151770824, -62.1510722419999, 
-62.1526500809999, -62.157286929, -62.16009496, -62.1625963559999, -62.169571464, -62.169623843, -62.168596984, -62.166540222, -62.166068576, -62.167042454, -62.170484933, -62.174991301, -62.178767488, -62.1814617409999, -62.1839585589999, -62.1837372309999, -62.181455264, -62.1777662759999, -62.177484949, -62.1782070289999, -62.181542421, -62.1833462169999, -62.1868751019999, -62.1909338829999, -62.1952411289999, -62.200210802, -62.2014365199999, -62.2006312769999, -62.199767581, -62.2010382619999, 
-62.203124541, -62.206319943, -62.211259792, -62.2147888219999, -62.2197890959999, -62.223125263, -62.224983411, -62.2260397859999, -62.229570165, -62.2324303389999, -62.235767261, -62.240595358, -62.2433994149999, -62.2450118259999, -62.245404491, -62.243738568, -62.244313952, -62.2454306509999, -62.245325887, -62.245930379, -62.2554322519999, -62.259850816, -62.264546184, -62.265873898, -62.26165755, -62.2646572049999, -62.26790705, -62.272958568, -62.276656972, -62.275539754, -62.2711582599999, 
-62.272184684, -62.278539861, -62.282654645, -62.2846846689999, -62.287403602, -62.292045815, -62.293512487, -62.295045052, -62.29934973, -62.303298809, -62.304375325, -62.305850576, -62.3167711829999, -62.3188163709999, -62.3197328689999, -62.3214298299999, -62.3244037669999, -62.3264034289999, -62.3261276159999, -62.330516048, -62.3328524629999, -62.333899113, -62.336261764, -62.341012313, -62.342432886, -62.337407216, -62.345542281, -62.3495953659999, -62.351961542, -62.3566853509999, -62.3609006569999, 
-62.363539821, -62.3648230579999, -62.3690503239999, -62.372573131, -62.3777126, -62.3795145289999, -62.3825436919999, -62.3877648809999, -62.3920430239999, -62.3973755379999, -62.39607605, -62.3948801029999, -62.396128, -62.399378411, -62.4033495299999, -62.4073223329999, -62.4106777739999, -62.413991285, -62.4169927889999, -62.41802132, -62.417634644, -62.4177112809999, -62.414317491, -62.4135389079999, -62.412792441, -62.410519806, -62.4032067819999, -62.398823227, -62.393822832, -62.38793551, 
-62.3833478399999, -62.3714037789999, -62.369408977, -62.3691023069999, -62.369231794, -62.3686018979999, -62.363820292, -62.3639633869999, -62.3654573969999, -62.3630981839999, -62.35665588, -62.353377656, -62.355403482, -62.356159835, -62.356013151, -62.355185456, -62.353622521, -62.3457395229999, -62.342181373, -62.341769668, -62.3406844289999, -62.3379619779999, -62.3364326969999, -62.332686069, -62.3310457319999, -62.3261542599999, -62.3215665179999, -62.3198501609999, -62.319775518, -62.319459615, 
-62.321103947, -62.320627609, -62.3169883349999, -62.310603782, -62.3101918829999, -62.30913129, -62.305567042, -62.298904198, -62.29621605, -62.298741287, -62.2977648319999, -62.296015836, -62.294796387, -62.2925134879999, -62.287981966, -62.282580423, -62.281038979, -62.276791137, -62.2753807719999, -62.274930425, -62.274469258, -62.2717936989999, -62.2660956029999, -62.2644910429999, -62.261987869, -62.254981949, -62.2518450979999, -62.2508450819999, -62.248456048, -62.245517475, -62.249459111, 
-62.2493476969999, -62.246733102, -62.242326521, -62.2412901769999, -62.241571154, -62.2399301559999, -62.2380439829999, -62.2340752279999, -62.2310399999999, -62.228795804, -62.225483183, -62.219371962, -62.216517848, -62.214766146, -62.2133751809999, -62.2122630229999, -62.210873412, -62.2084873169999, -62.206901737, -62.206768795, -62.205561138, -62.1995460069999, -62.197711984, -62.193761421, -62.189990865, -62.189468843, -62.1859632599999, -62.1859594629999, -62.185678324, -62.1856072889999, 
-62.1832370169999, -62.179905875, -62.178871863, -62.178636479, -62.176380256, -62.173458365, -62.172070635, -62.172567496, -62.171814898, -62.167595401, -62.1654840419999, -62.1654623979999, -62.165432525, -62.165260787, -62.16496508, -62.1642371299999, -62.1633783659999, -62.1628190679999, -62.162090496, -62.161821885, -62.161041546, -62.161765077, -62.1617691879999, -62.1614256219999, -62.1619031899999, -62.1625655569999, -62.1619021149999, -62.161100599, -62.160597503, -62.1596561659999, -62.158791762, 
-62.158014378, -62.1571316209999, -62.1561761679999, -62.155127078, -62.153487376, -62.152324559, -62.1512367, -62.1506499349999, -62.150847057, -62.150322729, -62.14949273, -62.147539291, -62.146872967, -62.146347438, -62.14509778, -62.144239157, -62.143205837, -62.142795341, -62.1418490849999, -62.140207893, -62.1379556849999, -62.13706613, -62.135066519, -62.13406507, -62.132433147, -62.1313195229999, -62.1304823399999, -62.1291529219999, -62.1280455929999, -62.127066888, -62.1263963069999, -62.125406132, 
-62.1244322319999, -62.123566551, -62.1230633809999, -62.122405143, -62.121114405, -62.119180333, -62.1165434659999, -62.113570213, -62.112628108, -62.1107887959999, -62.109625793, -62.1041220509999, -62.1037628659999, -62.1032120129999, -62.103052513, -62.101399656, -62.101681398, -62.1016243999999, -62.100843381, -62.1004265069999, -62.1004547759999, -62.1001615049999, -62.098598099, -62.0972318929999, -62.096154731, -62.0951830309999, -62.094572214, -62.093651536, -62.092292217, -62.0917317729999, 
-62.091431361, -62.0913977159999, -62.091591332, -62.091483991, -62.092461956, -62.0927923309999, -62.092263377, -62.090262324, -62.0873432639999, -62.0852124089999, -62.0828722809999, -62.0806469139999, -62.078042522, -62.0768566409999, -62.0713317629999, -62.0696035619999, -62.0651638449999, -62.0631520269999, -62.0607024639999, -62.0579776919999, -62.0547315649999, -62.0486557579999, -62.045626247, -62.0417593629999, -62.0405717939999, -62.0396210609999, -62.0387085509999, -62.0370778539999, -62.032904793, 
-62.0317533259999, -62.0310944609999, -62.030620307, -62.028154714, -62.027735406, -62.0272340819999, -62.027259434, -62.026905626, -62.025898273, -62.024320502, -62.0237879, -62.0236768829999, -62.024092652, -62.0250680409999, -62.025068515, -62.0248406859999, -62.025257772, -62.0253759609999, -62.025126459, -62.0252881709999, -62.025179106, -62.0246763989999, -62.0237529679999, -62.0227599619999, -62.022764713, -62.021646387, -62.0202085979999, -62.019262077, -62.018133909, -62.0168923319999, -62.010962232, 
-62.008133661, -62.00620523, -62.000600511, -62.000522162, -62.0005128719999, -62.000517406, -62.000589996, -62.0005924069999, -62.0005911639999, -62.007842821, -62.0080637729999, -61.992997417, -61.9868405319999, -61.96847737, -61.9683615819999, -61.968361212, -61.968355909, -61.96869489, -61.968194766, -61.96826676, -61.929589831, -61.929591535, -61.9298616009999, -61.9300009459999, -61.9308038889999, -61.9311896, -61.931902558, -61.934323119, -61.935187727, -61.93345504, -61.933197279, -61.9329377389999, 
-61.9325491709999, -61.932336177, -61.9307471959999, -61.9300418049999, -61.9286668029999, -61.9274891059999, -61.9269926659999, -61.926748972, -61.9268542419999, -61.926347354, -61.9260602969999, -61.925936369, -61.925138019, -61.924919649, -61.924266495, -61.9234291729999, -61.9224812379999, -61.921506188, -61.9202592989999, -61.9193105999999, -61.918705644, -61.917814462, -61.91753126, -61.916730452, -61.9149852259999, -61.9138164449999, -61.913869539, -61.914369106, -61.9145387359999, -61.914121006, 
-61.9099575259999, -61.909124918, -61.908429594, -61.90809123, -61.906673243, -61.9058149349999, -61.9032533669999, -61.901899745, -61.9012856859999, -61.9004845189999, -61.8990907569999, -61.8968007519999, -11.9647861479999, -11.9652226629999, -11.964986066, -11.965343441, -11.9647944889999, -11.9657111279999, -11.967308052, -11.9692119859999, -11.9711921099999, -11.970869463, -11.974956366, -11.975632411, -11.9761097289999, -11.9784983209999, -11.9811755629999, -11.9826525069999, -11.9843547959999, 
-11.98378537, -11.9822196849999, -11.9820577999999, -11.9832629169999, -11.984511373, -11.983093172, -11.980707919, -11.979308166, -11.9777673049999, -11.9760610349999, -11.9768311629999, -11.9784016389999, -11.979985411, -11.9809078509999, -11.9824797989999, -11.983929053, -11.985336665, -11.9865159779999, -11.9865353429999, -11.987734921, -11.989144349, -11.9905303939999, -11.992691333, -11.9938667539999, -11.994013219, -11.9934673059999, -11.99344681, -11.994837696, -11.9991932079999, -12.002821156, 
-12.009163186, -12.0115187639999, -12.0153053729999, -12.017003711, -12.018894735, -12.0213610229999, -12.027189296, -12.0311550499999, -12.0352821889999, -12.0368853039999, -12.041090846, -12.044326578, -12.0477390289999, -12.050828784, -12.0528658909999, -12.055890779, -12.056206756, -12.057988047, -12.058094032, -12.061951339, -12.067407476, -12.0703491849999, -12.0736779649999, -12.0752011489999, -12.077295228, -12.0793853449999, -12.0830299709999, -12.084290859, -12.0840208189999, -12.0856576949999, 
-12.087385431, -12.0878680999999, -12.0914272899999, -12.0934666809999, -12.0956288779999, -12.0973617719999, -12.0973014039999, -12.0974884359999, -12.0972468719999, -12.0977434719999, -12.099536637, -12.102405995, -12.1044110529999, -12.1075357169999, -12.11080916, -12.114592183, -12.119688993, -12.1228239369999, -12.1261495269999, -12.1284047709999, -12.131403289, -12.1324698559999, -12.133877092, -12.1413537079999, -12.143999228, -12.147220025, -12.1485289469999, -12.150585778, -12.155465674, 
-12.158601289, -12.1665807909999, -12.1721402899999, -12.1784873619999, -12.1851486429999, -12.19340603, -12.199178793, -12.204417404, -12.2077758609999, -12.2110303179999, -12.216854241, -12.222780244, -12.2252903049999, -12.2303323249999, -12.2384497989999, -12.2447970539999, -12.251703033, -12.2570566429999, -12.2613754609999, -12.2655297739999, -12.2686028109999, -12.27496731, -12.281329022, -12.2867734219999, -12.295303255, -12.3000154189999, -12.3065439709999, -12.308306429, -12.3128454749999, 
-12.315570283, -12.321986252, -12.3259641409999, -12.331685866, -12.335348806, -12.339088298, -12.3431521659999, -12.3469940069999, -12.351008008, -12.356501071, -12.3599228589999, -12.3652234179999, -12.369652264, -12.374991623, -12.381190232, -12.3835666449999, -12.385617405, -12.386503788, -12.3885672399999, -12.392957433, -12.3957489549999, -12.399369077, -12.402715202, -12.4066282279999, -12.414574566, -12.4194314159999, -12.422540876, -12.427331708, -12.4292214689999, -12.430609277, -12.434470378, 
-12.438533466, -12.438272231, -12.4395339859999, -12.4402909679999, -12.4436746649999, -12.4450556799999, -12.4484155499999, -12.4512913679999, -12.4517393429999, -12.4541182119999, -12.461669065, -12.464708368, -12.4641258729999, -12.459911248, -12.4608476149999, -12.4667979249999, -12.4656749039999, -12.466669166, -12.467751746, -12.4720123389999, -12.4723129989999, -12.4731870679999, -12.470245323, -12.4674032929999, -12.468234878, -12.472293098, -12.476971298, -12.477333979, -12.478654761, -12.480546843, 
-12.4832591159999, -12.4888429919999, -12.492499234, -12.493455022, -12.4957390899999, -12.498855582, -12.4999332709999, -12.5009956949999, -12.501693859, -12.5029319289999, -12.504491302, -12.5069274909999, -12.507733394, -12.5087589069999, -12.5097814989999, -12.511771462, -12.5124738659999, -12.5154625159999, -12.5163633789999, -12.516927233, -12.51704014, -12.516760933, -12.516891748, -12.517181668, -12.517763377, -12.5193523959999, -12.5210284039999, -12.5257784909999, -12.5302559289999, -12.5334009799999, 
-12.537469976, -12.5413217679999, -12.543138828, -12.5463739599999, -12.5493782659999, -12.550709852, -12.5522596859999, -12.554034777, -12.555358407, -12.558761973, -12.5603975729999, -12.5637080509999, -12.5651064999999, -12.568200902, -12.569468548, -12.571429726, -12.5728270959999, -12.574915074, -12.577566858, -12.580836492, -12.582288744, -12.583429771, -12.5839412559999, -12.585169977, -12.586769235, -12.588241216, -12.589536714, -12.5903629219999, -12.590888461, -12.5935109919999, -12.594965231, 
-12.5964974709999, -12.5991662889999, -12.6007686419999, -12.601979343, -12.6046537099999, -12.6070108579999, -12.608643378, -12.610040884, -12.6112111839999, -12.611345958, -12.611038861, -12.611284628, -12.6125485059999, -12.613731229, -12.6169596679999, -12.6226994519999, -12.624066554, -12.627034839, -12.6292299369999, -12.6302017829999, -12.631664443, -12.6330798829999, -12.6392947969999, -12.6407816809999, -12.643158888, -12.6471711439999, -12.6485363649999, -12.6501669939999, -12.652967165, 
-12.654417349, -12.6571033169999, -12.6586194349999, -12.660000388, -12.661366729, -12.662961079, -12.66421273, -12.666810636, -12.668422508, -12.669798867, -12.67275062, -12.674452206, -12.675676864, -12.6778004729999, -12.680318442, -12.681459431, -12.6826230229999, -12.683584378, -12.685455185, -12.6882025689999, -12.691117561, -12.6923171009999, -12.6934552369999, -12.6939719499999, -12.694289388, -12.6963158849999, -12.6978958069999, -12.699203689, -12.7002163459999, -12.7006360099999, -12.701759729, 
-12.703333282, -12.7038953839999, -12.7046474599999, -12.7048636469999, -12.7054444219999, -12.7058968929999, -12.705851649, -12.7055287759999, -12.7053231709999, -12.7055440569999, -12.705764943, -12.709626263, -12.7125202569999, -12.714677507, -12.715477448, -12.7167469789999, -12.7176847119999, -12.720084586, -12.720989658, -12.7218037639999, -12.722132023, -12.7231049299999, -12.724256931, -12.724935747, -12.725827554, -12.7265924419999, -12.7277412289999, -12.7286534289999, -12.7294929599999, 
-12.7295465729999, -12.730691565, -12.7311569339999, -12.7319253069999, -12.7330718649999, -12.73366169, -12.734674152, -12.7365713659999, -12.737570348, -12.7382962409999, -12.7408684819999, -12.7410196229999, -12.743005861, -12.74363289, -12.7440916569999, -12.744283441, -12.7455181729999, -12.7481635769999, -12.749537857, -12.750316514, -12.7513785699999, -12.752568303, -12.7528062739999, -12.752781915, -12.7556349699999, -12.7573519929999, -12.7591912869999, -12.7605152689999, -12.762407623, 
-12.7633289779999, -12.764069671, -12.7652122409999, -12.7660526819999, -12.7671615719999, -12.771305518, -12.7750515809999, -12.775921726, -12.775711217, -12.7763687079999, -12.7765239579999, -12.777371457, -12.7782189549999, -12.779728969, -12.780787613, -12.780662702, -12.7802598429999, -12.780559487, -12.781782226, -12.7831145559999, -12.7834371709999, -12.7838366669999, -12.7841973379999, -12.784957505, -12.787542648, -12.78959085, -12.7917283379999, -12.792461957, -12.7930711079999, -12.795832859, 
-12.796931803, -12.800079319, -12.8012319969999, -12.803082787, -12.8041635309999, -12.8054888619999, -12.8071552969999, -12.8082583349999, -12.8090033869999, -12.809614845, -12.8105023299999, -12.811050946, -12.811567667, -12.81187759, -12.811529647, -12.812091356, -12.814217777, -12.8140157539999, -12.815496342, -12.8164147319999, -12.815651982, -12.8168840119999, -12.816866252, -12.817157106, -12.8164327099999, -12.8166560089999, -12.8180590769999, -12.8191551899999, -12.8193548269999, -12.8185682339999, 
-12.820015566, -12.8212965429999, -12.8222872969999, -12.8219130979999, -12.8221529169999, -12.8236900169999, -12.8250476059999, -12.8263286819999, -12.8270901209999, -12.826448618, -12.8270556059999, -12.8270621989999, -12.8270622999999, -12.8272939019999, -12.827302274, -12.827362383, -12.8273715529999, -12.827371986, -12.8273721109999, -12.8285564249999, -12.8294292269999, -12.8307785809999, -12.8323631879999, -12.833676371, -12.834937731, -12.835876115, -12.837242234, -12.8396772309999, -12.842584024, 
-12.846329494, -12.8474090249999, -12.848265871, -12.8494904899999, -12.849527779, -12.850656047, -12.851305849, -12.852400813, -12.8533169809999, -12.854613093, -12.855383602, -12.8557110109999, -12.856541678, -12.857725832, -12.85827254, -12.857716465, -12.8600978939999, -12.858976637, -12.8608286559999, -12.8622145299999, -12.861135342, -12.861102263, -12.8598656989999, -12.857801906, -12.8570502989999, -12.856702673, -12.8570395259999, -12.8578758169999, -12.85909234, -12.8604184449999, -12.860665022, 
-12.8596360109999, -12.8605572619999, -12.860371735, -12.8594127449999, -12.8622744249999, -12.8660897809999, -12.870195212, -12.87225703, -12.873063799, -12.874134862, -12.8769870959999, -12.8800178829999, -12.882940564, -12.885698897, -12.887281383, -12.888682133, -12.890361969, -12.893532105, -12.8953404429999, -12.898335586, -12.9000525079999, -12.9043048469999, -12.9058986699999, -12.907391174, -12.9088011589999, -12.911388162, -12.9122781369999, -12.9130263779999, -12.9143079429999, -12.9173161019999, 
-12.918863187, -12.9216590459999, -12.9233090139999, -12.926293519, -12.9278387149999, -12.929378912, -12.9307616959999, -12.931858828, -12.9320760939999, -12.9320738139999, -12.9334103109999, -12.934684869, -12.935627301, -12.9360742809999, -12.937679806, -12.9391689569999, -12.9409750949999, -12.942421121, -12.943882069, -12.9452814619999, -12.9483389219999, -12.9519625939999, -12.9549672859999, -12.9612320849999, -12.969281606, -12.970465528, -12.971394633, -12.972442693, -12.9727939279999, -12.973426742, 
-12.9769753549999, -12.979406892, -12.980613626, -12.9819217729999, -12.9828846989999, -12.9833823019999, -12.984586963, -12.985667262, -12.9859384019999, -12.9850946929999, -12.9855885569999, -12.986853412, -12.988942389, -12.990427089, -12.9914420759999, -12.9918739169999, -12.994534329, -12.996531925, -12.998243298, -13.0004642549999, -13.0018459519999, -13.004303562, -13.0078552379999, -13.0103316309999, -13.0115803459999, -13.0145193019999, -13.016252548, -13.0217333489999, -13.0242886289999, 
-13.0273159699999, -13.028349991, -13.03107578, -13.032411056, -13.0340034959999, -13.035564689, -13.0368364499999, -13.037825647, -13.04054885, -13.0422774669999, -13.043676879, -13.0449901419999, -13.0479482279999, -13.049266121, -13.050712312, -13.053909084, -13.0551394039999, -13.0563454389999, -13.058935917, -13.0616471139999, -13.0626192719999, -13.063936052, -13.0699158939999, -13.0774505559999, -13.0788546039999, -13.081396843, -13.083022269, -13.0864287709999, -13.089414449, -13.0909992649999, 
-13.092859699, -13.0998393879999, -13.1046028989999, -13.109485655, -13.1126574909999, -13.114027434, -13.118591356, -13.120998648, -13.12363601, -13.126618519, -13.1277567239999, -13.1291176719999, -13.1300480959999, -13.1314750569999, -13.132967666, -13.134168627, -13.1356068779999, -13.136680764, -13.138192096, -13.1396792219999, -13.140679395, -13.1408159499999, -13.139685653, -13.13823101, -13.1376000769999, -13.137597401, -13.137399765, -13.1369076509999, -13.1367383089999, -13.136905236, -13.1374640389999, 
-13.138691621, -13.1390742809999, -13.14028167, -13.1415957139999, -13.144540549, -13.1475866549999, -13.1489839929999, -13.1503458039999, -13.1512318019999, -13.1513939709999, -13.151980899, -13.1531137609999, -13.1554763019999, -13.155886159, -13.156000882, -13.1549299929999, -13.1541146939999, -13.1535303939999, -13.153987103, -13.155250491, -13.1562309, -13.1566569139999, -13.15645167, -13.158133031, -13.1593098749999, -13.1602188489999, -13.1635797639999, -13.166201699, -13.170688767, -13.171739868, 
-13.1726922309999, -13.174139947, -13.175686739, -13.1781300449999, -13.178813947, -13.18003564, -13.1814423129999, -13.181983817, -13.181544742, -13.1788177159999, -13.1742314529999, -13.170466394, -13.1672560829999, -13.165758413, -13.164617335, -13.163680632, -13.1593950619999, -13.153532829, -13.1498151269999, -13.1483778199999, -13.149386475, -13.1538401559999, -13.157982487, -13.1611636399999, -13.1636761189999, -13.1632242599999, -13.159658987, -13.154183142, -13.1512142839999, -13.1489880949999, 
-13.1472022839999, -13.14647803, -13.142557695, -13.134204515, -13.129123443, -13.125438637, -13.121303397, -13.119078094, -13.116397159, -13.1139226189999, -13.1135042399999, -13.115239541, -13.117761157, -13.1231899579999, -13.12787404, -13.1330520689999, -13.13699186, -13.1396259259999, -13.1430165679999, -13.147010886, -13.1482455389999, -13.151091645, -13.1538295679999, -13.154032045, -13.1505880129999, -13.1417094779999, -13.1374413039999, -13.131531489, -13.1245422499999, -13.121225319, -13.116915096, 
-13.1132036219999, -13.111344888, -13.1115998019999, -13.113715392, -13.116853832, -13.1192205449999, -13.1215635639999, -13.1207287939999, -13.1170498569999, -13.1157425519999, -13.1173363989999, -13.1208414389999, -13.1259693379999, -13.1307407639999, -13.135013908, -13.1385328269999, -13.1422794819999, -13.1451626999999, -13.1445194459999, -13.146412559, -13.146057112, -13.147966105, -13.1507340479999, -13.1532363409999, -13.149146958, -13.1467920259999, -13.1461815929999, -13.151384994, -13.154917702, 
-13.1558529819999, -13.155480066, -13.149984001, -13.1420571019999, -13.140564468, -13.143908468, -13.146045582, -13.1499105449999, -13.150552811, -13.146145477, -13.141445927, -13.1395013619999, -13.1344680559999, -13.138422846, -13.1472130109999, -13.1520742449999, -13.1510834699999, -13.149041436, -13.1447247509999, -13.139981802, -13.142503373, -13.14400173, -13.148051645, -13.149915321, -13.145829894, -13.1404858749999, -13.137135667, -13.139091509, -13.143294148, -13.142964876, -13.1399284, 
-13.139573936, -13.1394269629999, -13.1408288719999, -13.1407054689999, -13.1385253739999, -13.133463633, -13.130832354, -13.13242752, -13.1347503929999, -13.1301019759999, -13.124780658, -13.118651153, -13.1144221149999, -13.113386179, -13.118342761, -13.123907878, -13.1270408699999, -13.1283820639999, -13.12471311, -13.1220918439999, -13.119075065, -13.118941889, -13.1168960809999, -13.114395932, -13.110892121, -13.1073051179999, -13.1049371179999, -13.1051841949999, -13.106633689, -13.1068341929999, 
-13.104099268, -13.092574634, -13.089532993, -13.08566718, -13.0843460689999, -13.0807135499999, -13.0773753179999, -13.078846165, -13.082389242, -13.0854292229999, -13.0834790229999, -13.078791476, -13.0742957199999, -13.0702077139999, -13.0658504909999, -13.061077253, -13.0582094439999, -13.057521347, -13.0636059709999, -13.069736932, -13.071445894, -13.0746925549999, -13.0796398539999, -13.0804033489999, -13.077456318, -13.076582838, -13.0790482589999, -13.080349386, -13.0816949449999, -13.0873896769999, 
-13.094249492, -13.1019918169999, -13.109486967, -13.10625261, -13.1022812329999, -13.0965298949999, -13.093957351, -13.095584458, -13.091353237, -13.0847272879999, -13.08036095, -13.0779828309999, -13.07963339, -13.08471953, -13.0874425239999, -13.087753935, -13.087843215, -13.0868776319999, -13.08554071, -13.085337336, -13.085129077, -13.0839191399999, -13.083776621, -13.08077298, -13.0798583129999, -13.080330058, -13.0783983249999, -13.0746231239999, -13.0698073439999, -13.065961693, -13.063579534, 
-13.060494408, -13.056538189, -13.0549390649999, -13.052355909, -13.0480860929999, -13.0470085689999, -13.0454659089999, -13.0443183939999, -13.0437244129999, -13.0442258329999, -13.043944109, -13.04016804, -13.0398027919999, -13.037302724, -13.033997804, -13.0307817259999, -13.0311558149999, -13.0292961959999, -13.027404268, -13.0286524289999, -13.0292007969999, -13.029191434, -13.027872333, -13.0285674769999, -13.025308976, -13.025140383, -13.024008221, -13.0239825949999, -13.022085227, -13.0220228169999, 
-13.0199403449999, -13.020481522, -13.019027035, -13.0189150809999, -13.017841971, -13.0151037759999, -13.012765492, -13.011610698, -13.007246284, -13.0051458009999, -13.0043257599999, -13.002773767, -13.000631776, -12.9995049809999, -12.998618506, -12.9978529699999, -12.9972598909999, -12.9962660689999, -12.994275236, -12.992248588, -12.9903650429999, -12.9874906599999, -12.986437201, -12.985579962, -12.984649716, -12.984011093, -12.9829049469999, -12.9820870229999, -12.98024679, -12.980197226, 
-12.9797663889999, -12.979092797, -12.979422969, -12.979308443, -12.9790382829999, -12.977996445, -12.977969849, -12.977698183, -12.9767060349999, -12.975686868, -12.9745736479999, -12.9739813609999, -12.974366212, -12.9737312149999, -12.9717079619999, -12.969873757, -12.9693074049999, -12.969573217, -12.970526452, -12.970663266, -12.9693463409999, -12.9663768779999, -12.9659914879999, -12.96626031, -12.9661470939999, -12.964998195, -12.9630888769999, -12.962612258, -12.9625360309999, -12.962794212, 
-12.9632920589999, -12.963935344, -12.9658327209999, -12.965941658, -12.9654676869999, -12.964714674, -12.962883468, -12.9611103139999, -12.961126162, -12.959497549, -12.9534872449999, -12.953183968, -12.954182166, -12.9541176999999, -12.947945068, -12.947079141, -12.9448557, -12.942871032, -12.937917038, -12.936940003, -12.9360369929999, -12.9350129249999, -12.9341290429999, -12.9321036479999, -12.9311926709999, -12.9280489619999, -12.9265483569999, -12.926027838, -12.9262287889999, -12.9269534569999, 
-12.9264818679999, -12.924623572, -12.923574748, -12.922526897, -12.921488772, -12.92040784, -12.9184609239999, -12.9165192259999, -12.9153624359999, -12.9145159889999, -12.9138186109999, -12.9132989629999, -12.912065324, -12.9114579909999, -12.910664362, -12.909067984, -12.9085166089999, -12.9071214949999, -12.907075805, -12.907966761, -12.9079028229999, -12.9073863829999, -12.907426603, -12.9081671759999, -12.907780998, -12.907891312, -12.9075916969999, -12.9077586949999, -12.907464236, -12.906867576, 
-12.905094031, -12.899766611, -12.8978126559999, -12.8957245439999, -12.8948528759999, -12.890323563, -12.889235185, -12.885128154, -12.883992216, -12.881840139, -12.8783353009999, -12.874344226, -12.8722190519999, -12.870219063, -12.8667928669999, -12.8641480039999, -12.86298146, -12.8619678769999, -12.859330991, -12.8567721549999, -12.852427184, -12.850306049, -12.848277336, -12.846072391, -12.8440548879999, -12.8403479159999, -12.838186729, -12.83153045, -12.8256310199999, -12.8208572689999, -12.8174956419999, 
-12.81476728, -12.8047419199999, -12.8006957809999, -12.798295271, -12.792129258, -12.6104741029999, -12.500059961, -12.4563693449999, -12.271156114, -12.2700244429999, -12.269287101, -12.2691310539999, -12.133785136, -12.133893775, -12.133937939, -12.134069658, -12.1340702709999, -12.1323364849999, -12.103319998, -12.0893495359999, -12.089342239, -12.0873474539999, -12.0878806709999, -12.0872560459999, -11.985658805, -11.984117214, -11.98446478, -11.984336576, -11.9845289499999, -11.98371999, -11.9826652449999, 
-11.977153685, -11.9756644599999, -11.9751466339999, -11.9751458769999, -11.9746177829999, -11.973494719, -11.9729956499999, -11.972966068, -11.972053681, -11.972633913, -11.973500986, -11.974740916, -11.9746520629999, -11.974166356, -11.9730730079999, -11.972911664, -11.972544107, -11.9723849659999, -11.9727112879999, -11.973650948, -11.97388524, -11.973651306, -11.9738758929999, -11.9749224469999, -11.975824674, -11.9759714949999, -11.9763846059999, -11.976730043, -11.9763406639999, -11.975613324, 
-11.975483754, -11.974940444, -11.9744771849999, -11.9731687499999, -11.97265255, -11.971836789, -11.9703183439999, -11.970168868, -11.9681138119999, -11.9669576179999, -11.9655526099999, -11.9659443309999, -11.9661566659999, -11.965326287, -11.9647861479999)))"
1100403,Alto Paraíso,11,RO,"list(list(c(-63.7365149769999, -63.497234755, -63.481040574, -63.4071346429999, -63.328090221, -63.32597594, -63.3267117389999, -63.324126448, -63.125478397, -63.1011086309999, -63.100811864, -63.1009560099999, -63.102176217, -63.1023141009999, -63.1021776689999, -63.100093371, -63.099557733, -63.084190061, -63.07806288, -63.076810289, -63.0756180439999, -63.0739509859999, -63.0726349999999, -63.0720415859999, -63.07164965, -63.072281363, -63.0723642309999, -63.073947534, -63.074986281, -63.0753125149999, 
-63.077473642, -63.0798980849999, -63.09873139, -63.099094268, -63.1005886519999, -63.102068809, -63.1053677139999, -63.109261035, -63.1135624899999, -63.1151204169999, -63.1163460779999, -63.119503927, -63.1200988669999, -63.11809204, -63.1163913179999, -63.1136181529999, -63.1127820459999, -63.111629003, -63.1117346019999, -63.112924495, -63.1126760909999, -63.111455899, -63.109866011, -63.109266577, -63.108832196, -63.1066409519999, -63.104727904, -63.103174821, -63.1015925399999, -63.0981791439999, 
-63.0972824189999, -63.095867604, -63.094281761, -63.09258992, -63.089886129, -63.090128922, -63.1371204119999, -63.163493831, -63.1844083839999, -63.215430631, -63.232518737, -63.2956750409999, -63.294706451, -63.29395614, -63.293818439, -63.2940089419999, -63.2937605349999, -63.293313617, -63.2932628259999, -63.2938724329999, -63.2938974069999, -63.292703202, -63.2908732549999, -63.2900094179999, -63.288811665, -63.288477234, -63.289426163, -63.289539363, -63.289065182, -63.288374929, -63.288899883, 
-63.28890017, -63.2892040019999, -63.289505324, -63.287812736, -63.2876210559999, -63.286515949, -63.2869875839999, -63.2869561739999, -63.286240095, -63.28648365, -63.285951999, -63.286122808, -63.2864840589999, -63.2867009959999, -63.286561706, -63.2867051389999, -63.2870357029999, -63.2874460439999, -63.288457927, -63.289401052, -63.291092917, -63.291479082, -63.291511024, -63.2903383949999, -63.28984128, -63.2903161459999, -63.2905307939999, -63.291709977, -63.291993576, -63.3187876099999, -63.4990800359999, 
-63.499072207, -63.4990663059999, -63.499061315, -63.4990617229999, -63.4990586819999, -63.499636009, -63.499994552, -63.5727639089999, -63.5735682039999, -63.572566507, -63.5718431219999, -63.571676176, -63.5712762619999, -63.570791867, -63.5700642909999, -63.569127566, -63.568233656, -63.567096493, -63.565663555, -63.56565442, -63.5668740819999, -63.567178601, -63.567170975, -63.5664853099999, -63.56592789, -63.564708274, -63.564206513, -63.564227338, -63.565182185, -63.5654193619999, -63.5649248479999, 
-63.5649589729999, -63.566120977, -63.567340403, -63.569008741, -63.5702131529999, -63.570796274, -63.571116272, -63.571759682, -63.571777123, -63.5704690939999, -63.570623003, -63.571453117, -63.571432546, -63.5703210149999, -63.5701589039999, -63.5712629779999, -63.571923208, -63.57304274, -63.573268296, -63.5732880389999, -63.574009915, -63.578116973, -63.5795399589999, -63.580623443, -63.5804050099999, -63.5790665959999, -63.5786732279999, -63.57873078, -63.5804302999999, -63.581233172, -63.580540931, 
-63.580036252, -63.580821948, -63.5813043519999, -63.581672994, -63.5832058559999, -63.583097702, -63.582347586, -63.581292183, -63.5802640959999, -63.580397755, -63.581259916, -63.5812644969999, -63.5804276269999, -63.580537737, -63.581263608, -63.581483013, -63.5806761329999, -63.5804834069999, -63.5805378419999, -63.580841409, -63.5818478279999, -63.582374302, -63.5834762499999, -63.583649796, -63.582877883, -63.58245251, -63.583151242, -63.5845420449999, -63.585422811, -63.585985157, -63.586510125, 
-63.587149984, -63.587507369, -63.5881264369999, -63.588930907, -63.588903738, -63.588177859, -63.587674654, -63.5857379489999, -63.583175845, -63.5831256, -63.581262856, -63.5810985509999, -63.5804531539999, -63.580100581, -63.5803202749999, -63.579147742, -63.579455712, -63.5808442439999, -63.581988942, -63.583015192, -63.584145774, -63.584148516, -63.5838721089999, -63.584512249, -63.585707573, -63.5869864499999, -63.5878967429999, -63.590652414, -63.591040113, -63.5908450379999, -63.591257142, 
-63.5918490169999, -63.5923156, -63.593095786, -63.593898048, -63.594306465, -63.596654551, -63.598066535, -63.5999253259999, -63.6007669799999, -63.6012373249999, -63.600952545, -63.6015088729999, -63.6030093859999, -63.603125146, -63.603926024, -63.605515424, -63.606986089, -63.607400678, -63.6097314189999, -63.610395745, -63.6108707929999, -63.6106578019999, -63.611542202, -63.6130428769999, -63.61407194, -63.6150654299999, -63.615928363, -63.6169345469999, -63.6170410599999, -63.6160340169999, 
-63.616037524, -63.6169030629999, -63.6171256459999, -63.6169858219999, -63.6173999339999, -63.617340809, -63.6178996249999, -63.617205455, -63.616172946, -63.6172027099999, -63.6179811759999, -63.618222321, -63.6173690629999, -63.617212008, -63.6180134519999, -63.616597947, -63.616845337, -63.6159543629999, -63.6155421229999, -63.6142360579999, -63.613182313, -63.612369667, -63.611257736, -63.6110681149999, -63.610457653, -63.6095685669999, -63.6085161679999, -63.6074269849999, -63.6062129619999, 
-63.605978354, -63.6061798139999, -63.6079850349999, -63.607732339, -63.6057880319999, -63.6045146169999, -63.6036191389999, -63.6039573049999, -63.6048502959999, -63.6050964189999, -63.604875704, -63.604259683, -63.6028735179999, -63.6015530989999, -63.599903727, -63.59937357, -63.5974826969999, -63.597873498, -63.596972868, -63.7621845989999, -63.765620967, -63.765837285, -63.7653202589999, -63.764262083, -63.761799461, -63.7584603229999, -63.759154353, -63.7606758439999, -63.7620714389999, -63.7635400629999, 
-63.7644882419999, -63.7647927789999, -63.763874626, -63.762901071, -63.7613781089999, -63.7603187919999, -63.7600696759999, -63.759931658, -63.759124213, -63.756554596, -63.75017568, -63.7492096659999, -63.748610927, -63.7467945969999, -63.746321425, -63.745424968, -63.744010432, -63.741016248, -63.7394047379999, -63.7380403139999, -63.735515818, -63.733458543, -63.7325670389999, -63.7322898839999, -63.731674589, -63.7294827939999, -63.728178166, -63.727318756, -63.727648573, -63.7294538789999, 
-63.731091345, -63.7313463809999, -63.730378409, -63.7289874749999, -63.728122645, -63.7284331339999, -63.7290123069999, -63.728896146, -63.728294942, -63.7267928229999, -63.7250374389999, -63.7237651689999, -63.7222927929999, -63.720842196, -63.719486082, -63.718233214, -63.71845775, -63.720427691, -63.7226815879999, -63.7231501639999, -63.722374095, -63.721094749, -63.7195943369999, -63.717787983, -63.716450398, -63.716680482, -63.7176491679999, -63.7181794689999, -63.717564616, -63.717397652, 
-63.7178474399999, -63.7175945549999, -63.7169821059999, -63.7160925789999, -63.713094802, -63.7131235509999, -63.713403798, -63.7132894009999, -63.710959665, -63.709206596, -63.708539018, -63.7076228769999, -63.703259277, -63.70186959, -63.7002930579999, -63.6990967529999, -63.6975530539999, -63.6946791229999, -63.6931816269999, -63.693428283, -63.696182528, -63.697260564, -63.697816332, -63.6983761769999, -63.699015381, -63.699427626, -63.698845304, -63.699206066, -63.699877286, -63.700822192, 
-63.701319579, -63.7015973819999, -63.7014530319999, -63.7006574839999, -63.6993701439999, -63.697828531, -63.692430755, -63.6904865659999, -63.6888770849999, -63.6870644489999, -63.686015168, -63.6867618019999, -63.687321689, -63.689675299, -63.6909009179999, -63.6917671079999, -63.691627928, -63.6902383, -63.6884524139999, -63.6869087209999, -63.686925499, -63.685541435, -63.6852926839999, -63.6861518309999, -63.6860164819999, -63.685071371, -63.683604898, -63.679378008, -63.6792873409999, -63.6806212379999, 
-63.683911092, -63.686677475, -63.6894029969999, -63.689123544, -63.6881764249999, -63.6869435209999, -63.6807771619999, -63.67809579, -63.675814756, -63.6714572439999, -63.6713873149999, -63.6744872589999, -63.6777618139999, -63.6791777569999, -63.6805418369999, -63.680982021, -63.680406008, -63.6805807139999, -63.680542948, -63.680678676, -63.6812112979999, -63.6809541909999, -63.680181486, -63.674686595, -63.6726305639999, -63.6673070109999, -63.665487309, -63.6633234879999, -63.662594341, -63.663663829, 
-63.6660931849999, -63.671869119, -63.672561425, -63.67245376, -63.671678899, -63.6702617569999, -63.6676715019999, -63.666049038, -63.665183661, -63.662924099, -63.6622065299999, -63.662904373, -63.6623740169999, -63.6610350019999, -63.6594827609999, -63.6565702309999, -63.6551042739999, -63.654205352, -63.6537138739999, -63.653762935, -63.6544826219999, -63.65422881, -63.653456059, -63.650517349, -63.648772466, -63.646014719, -63.6446765709999, -63.6433426169999, -63.641988666, -63.6405072319999, 
-63.640008943, -63.6401769019999, -63.642150681, -63.641983816, -63.640207683, -63.640206631, -63.6419836549999, -63.6414412629999, -63.6367943799999, -63.634978761, -63.631901004, -63.6304022099999, -63.627613857, -63.6260739229999, -63.6182914949999, -63.618231541, -63.6196794499999, -63.622286082, -63.6237023899999, -63.62457241, -63.625398777, -63.625539061, -63.6249832019999, -63.6255381839999, -63.624208845, -63.624482422, -63.6258201909999, -63.6261479809999, -63.6248460839999, -63.6210684309999, 
-63.6180682319999, -63.616841557, -63.6167103879999, -63.6171794939999, -63.6188601329999, -63.620038241, -63.621523807, -63.624587646, -63.625731862, -63.625150579, -63.622235475, -63.6210084049999, -63.619402211, -63.616406003, -63.6135092589999, -63.611409021, -63.6115349519999, -63.613792046, -63.61431798, -63.614069786, -63.610142738, -63.608120733, -63.6091732029999, -63.608116575, -63.607201203, -63.605810888, -63.6044880549999, -63.601431511, -63.598262768, -63.595318139, -63.591855789, -63.591846376, 
-63.5927315339999, -63.591979548, -63.588674611, -63.5880366769999, -63.588984881, -63.5879212439999, -63.585181629, -63.576382016, -63.5731777, -63.571898285, -63.571119099, -63.5708202479999, -63.56704393, -63.565321279, -63.565008818, -63.5639049809999, -63.56289749, -63.562508665, -63.5652618429999, -63.5659817589999, -63.5665907559999, -63.566129486, -63.561423653, -63.5605591059999, -63.560400546, -63.5612300189999, -63.560538046, -63.558817131, -63.557821216, -63.557104869, -63.5578152479999, 
-63.556847491, -63.551725788, -63.549261388, -63.548153347, -63.5505009339999, -63.550454176, -63.548152977, -63.5485510089999, -63.551146415, -63.5514820799999, -63.5498503929999, -63.550845624, -63.5571518549999, -63.557702088, -63.559125705, -63.56286946, -63.562957599, -63.5604666139999, -63.5603967899999, -63.5619294759999, -63.561678424, -63.5585655819999, -63.5577594709999, -63.5533497719999, -63.5513686749999, -63.55061864, -63.5502636079999, -63.548729088, -63.5475596679999, -63.547813522, 
-63.551724789, -63.5533444989999, -63.555121105, -63.5571474709999, -63.560093409, -63.561454782, -63.5637125179999, -63.565686303, -63.5681558399999, -63.5678991819999, -63.565430823, -63.5607573459999, -63.557878433, -63.5550960899999, -63.554715622, -63.553262573, -63.553315718, -63.5558378699999, -63.5589818389999, -63.5596809029999, -63.5573967919999, -63.554091445, -63.555093388, -63.561589968, -63.561513936, -63.56045719, -63.561230614, -63.5654804859999, -63.566315628, -63.563013138, -63.560009779, 
-63.558571279, -63.556153157, -63.554872371, -63.555064777, -63.5581524529999, -63.560259914, -63.563232456, -63.565348016, -63.572736202, -63.5763943009999, -63.57706248, -63.577510312, -63.5797447509999, -63.5813955189999, -63.5815601129999, -63.5823468459999, -63.5834510609999, -63.5815385799999, -63.5788744149999, -63.57770145, -63.5768593869999, -63.5752841039999, -63.575950718, -63.579911655, -63.5817079139999, -63.5824561919999, -63.5818832489999, -63.582675979, -63.5890925609999, -63.595657062, 
-63.5970937319999, -63.596229346, -63.5963973349999, -63.597649699, -63.5996359519999, -63.6024804309999, -63.607203934, -63.6107031049999, -63.611625563, -63.613987267, -63.618435969, -63.6208505649999, -63.6234554449999, -63.6244164789999, -63.624860594, -63.624731601, -63.6232813679999, -63.621627098, -63.620539446, -63.620063008, -63.6203472139999, -63.621022554, -63.6239280019999, -63.626069968, -63.628262391, -63.6308744919999, -63.633928803, -63.637744946, -63.6397842109999, -63.641672488, 
-63.642873736, -63.643930568, -63.640070083, -63.6403444359999, -63.6412397569999, -63.6463697999999, -63.649092964, -63.6500698199999, -63.654595195, -63.6561543509999, -63.658320095, -63.659708127, -63.6596534919999, -63.658875735, -63.658868261, -63.660040324, -63.664794624, -63.670947138, -63.6720669479999, -63.6730665209999, -63.6740368549999, -63.671731505, -63.6697158819999, -63.6693112189999, -63.668595318, -63.666565956, -63.665010766, -63.663294466, -63.66394919, -63.665856288, -63.667011496, 
-63.6711503929999, -63.6740066249999, -63.678645967, -63.6790913959999, -63.676326097, -63.677087995, -63.6786792779999, -63.680560526, -63.682125795, -63.686123321, -63.686925028, -63.686371564, -63.6865383899999, -63.687479463, -63.6876490349999, -63.688152438, -63.6907070469999, -63.691898541, -63.6947876789999, -63.6964246849999, -63.6996849029999, -63.7020895669999, -63.7033368129999, -63.7057886579999, -63.7069328369999, -63.704367038, -63.7055127279999, -63.706980477, -63.709316353, -63.71108796, 
-63.712201157, -63.7116121809999, -63.710459509, -63.7114412909999, -63.7136891929999, -63.7200643719999, -63.722144269, -63.724240592, -63.729014244, -63.7321223399999, -63.7339410399999, -63.735977746, -63.7368983969999, -63.737258888, -63.737368924, -63.735875769, -63.7358087009999, -63.7378468579999, -63.7391738679999, -63.7408763919999, -63.7408947929999, -63.7422608379999, -63.744591827, -63.7455650159999, -63.742457406, -63.740009455, -63.7344558949999, -63.7363144489999, -63.7435944189999, 
-63.746257858, -63.747903585, -63.753375222, -63.75371111, -63.751263473, -63.750786878, -63.747899315, -63.747510675, -63.750447669, -63.7568274879999, -63.75646598, -63.7365149769999, -9.39663042899999, -9.41455571199997, -9.41587615899989, -9.42190232699996, -9.42833303999993, -9.42850504899996, -9.43306975399999, -9.43329629799999, -9.45062527499992, -9.45274426399992, -9.47383776699994, -9.47470334399997, -9.47715389099995, -9.47819472999992, -9.47892277199994, -9.48063797399993, -9.48077590099997, 
-9.50025280799998, -9.50801776599995, -9.52497284899994, -9.54143242499988, -9.57619807099995, -9.59507088199999, -9.60359120299993, -9.61478764899995, -9.61798062299991, -9.62716159199998, -9.63620796399992, -9.64759234499995, -9.64958343699994, -9.65411153499996, -9.65606758699989, -9.66827349399995, -9.67120244699991, -9.67491479499994, -9.67736152099997, -9.68491640399996, -9.70354701599994, -9.70848340899991, -9.71078935599992, -9.7130111079999, -9.72015537699994, -9.72284483099997, -9.72580385099993, 
-9.72732095099996, -9.73022783099996, -9.73335974399992, -9.74103755899996, -9.74336473799996, -9.74826574799993, -9.75048165699995, -9.75186914399991, -9.75274107799994, -9.75322504099992, -9.75357689199999, -9.75403050499995, -9.75388890499996, -9.75310794199991, -9.75255912999998, -9.75389724999994, -9.75487953899995, -9.75768736500001, -9.7626421699999, -9.77085192099999, -9.78132654799998, -9.78236725199993, -9.78412882799994, -9.78511398699991, -9.78567288099988, -9.78685212799993, -9.78719066699997, 
-9.78714323899995, -9.78840348099995, -9.78834338199995, -9.78863553099997, -9.78960818399997, -9.789822063, -9.78981806299993, -9.79028288599993, -9.79283548599993, -9.79369295299991, -9.79477714599991, -9.79250753999997, -9.79197633599998, -9.79280433099992, -9.79362508299998, -9.79465405899994, -9.79501622899997, -9.79524335499994, -9.79514680799994, -9.79760707399993, -9.79924211299995, -9.80032065800001, -9.80387549999998, -9.80669665699999, -9.80785914799998, -9.80964911199994, -9.81228495099998, 
-9.81246529099998, -9.81271684199992, -9.81353090699995, -9.81346581599999, -9.81428720899991, -9.81484358799994, -9.81740326899999, -9.81958503599994, -9.82043752699996, -9.82110188799995, -9.82148994099999, -9.82115267099998, -9.82138609099993, -9.82213947399991, -9.82257549999993, -9.82303005199997, -9.824752234, -9.82623912299992, -9.82749339099996, -9.8288011449999, -9.83129540499995, -9.83310759899997, -9.83315128399994, -9.83339177499994, -9.80725661799996, -9.78337854799994, -9.76180220099995, 
-9.760062757, -9.71498585399996, -9.71515477999999, -9.71526008499991, -9.71595299299995, -9.71596023699993, -9.71660356899996, -9.71805031499994, -9.72020713799996, -9.72164763699995, -9.72239983500002, -9.72449452099996, -9.72578210499991, -9.72636983699996, -9.7296313909999, -9.73224439499992, -9.73399000699994, -9.7346175019999, -9.73569680699994, -9.73676421699997, -9.74041129799993, -9.74131902199998, -9.74234410699998, -9.74357063699994, -9.74531007499998, -9.74772859999998, -9.74881065799998, 
-9.75114435699989, -9.75261572999996, -9.75405587499992, -9.7546395859999, -9.75684912399993, -9.75767057899995, -9.75806755499994, -9.75911070699992, -9.75992270999996, -9.76116073599998, -9.76411660799995, -9.76540706899996, -9.76864539999994, -9.76976580699992, -9.77099768499997, -9.77365946099994, -9.77684555999994, -9.78111115599992, -9.78164041699992, -9.78326169799995, -9.78441845799992, -9.78541739499997, -9.78809962899994, -9.78937705299995, -9.79086467199993, -9.7921395719999, -9.79315565699995, 
-9.794719179, -9.79576244199999, -9.79745507199997, -9.79901204499992, -9.79976388899995, -9.80333904099991, -9.80398725099999, -9.80829779099995, -9.80978386299999, -9.81386788699995, -9.81488631400001, -9.816094864, -9.81677656999992, -9.81811690999997, -9.81926600899993, -9.82242024999996, -9.823363263, -9.82400230299994, -9.82506193699995, -9.82644165599989, -9.82774718, -9.82822567399998, -9.82915724699996, -9.83005782499996, -9.83171701899993, -9.83179686199996, -9.83268424199993, -9.836896215, 
-9.83831632699999, -9.83962101099994, -9.84095615900001, -9.84371873499997, -9.84387432999997, -9.84468038499996, -9.84607710899997, -9.84847600199995, -9.84949579099995, -9.84983554999999, -9.85042316499994, -9.85205220799999, -9.8567828659999, -9.85991454899994, -9.86126795400001, -9.86425694699996, -9.86650595599997, -9.86784756999995, -9.86968348799998, -9.87061696599994, -9.87166119799992, -9.87301933499994, -9.873983981, -9.87662414899996, -9.87811276999993, -9.88034020599994, -9.88174464399997, 
-9.88252869099991, -9.88379252299994, -9.88535304199992, -9.88660018599999, -9.88752979599999, -9.88788701599997, -9.88795099899994, -9.88826179199998, -9.89169268099991, -9.89306478099993, -9.89447112399994, -9.89639573700002, -9.89763716499997, -9.89955220299988, -9.90093107799993, -9.90188014799994, -9.90277428199994, -9.90442659099996, -9.90442337199996, -9.90615545199992, -9.90838283999992, -9.91194388499995, -9.91321176499996, -9.91479138899992, -9.91522280499991, -9.91630627999994, -9.91720444999991, 
-9.91799022499992, -9.91895689299996, -9.919995328, -9.92070746999994, -9.92136588399998, -9.92321807999993, -9.92459811999989, -9.92557328099993, -9.92603849699996, -9.92659734699993, -9.92659867599995, -9.9273397659999, -9.92894847899995, -9.93138653199997, -9.93281402699996, -9.93602765499993, -9.93688641699993, -9.93796859899994, -9.93910476799989, -9.94043222899995, -9.94186053899991, -9.94410286199999, -9.94503348499999, -9.9486574649999, -9.949514215, -9.95208665599995, -9.95382585399996, 
-9.95480651500001, -9.95622244099993, -9.95876745199991, -9.96119072999996, -9.96381839099994, -9.96472698699998, -9.96624385599999, -9.96681450299995, -9.96690867499993, -9.96756612399997, -9.96908682299994, -9.97011023499997, -9.97140345499995, -9.97188285499991, -9.97140596499998, -9.97224615299995, -9.972505476, -9.97361226399992, -9.97601289699995, -9.97846609599998, -9.98164337399997, -9.98192259599998, -9.98267347299993, -9.98417112199995, -9.985115315, -9.98566095999994, -9.98660865700002, 
-9.98806035899996, -9.98916551799992, -9.99005346199993, -9.99229932099995, -9.99425207599996, -9.99573044799998, -9.99809428099999, -9.99905840099991, -10.0003822579999, -10.000347383, -10.000346068, -10.0002897199999, -9.99754456399998, -9.99667618999998, -9.99528744000001, -9.99397035999992, -9.9927462919999, -9.99269964799995, -9.9924113769999, -9.99179100699999, -9.99052303799997, -9.98730358999996, -9.98620460899998, -9.98699348299997, -9.98783925699996, -9.98662750199998, -9.98495889699994, 
-9.981341049, -9.98025042499991, -9.97845166099994, -9.97519386199995, -9.97395522799996, -9.97248927699999, -9.96973036699998, -9.96800837599997, -9.96677483299996, -9.96636781599994, -9.96637637899994, -9.96594200199997, -9.96541042499995, -9.96300527799999, -9.95986954999998, -9.95660218499991, -9.95368017799999, -9.9523554969999, -9.95014576999994, -9.94956598299993, -9.9479780189999, -9.94649686899992, -9.94377198199997, -9.94202590799992, -9.94048448499992, -9.93950614499997, -9.93908934599995, 
-9.93792875499993, -9.93634916799989, -9.9346628819999, -9.93327658399995, -9.93177752299991, -9.93096517299993, -9.9311741939999, -9.931890273, -9.93241228499993, -9.93241009699993, -9.93190481399996, -9.93112898199998, -9.92828435899998, -9.92550845799999, -9.92338449499993, -9.92171921699999, -9.92044095399992, -9.91975415999994, -9.91960884399999, -9.91991199599994, -9.919137641, -9.91764149799993, -9.91647212299998, -9.914672175, -9.91335269499999, -9.91200168999994, -9.91028521499993, -9.90883587299992, 
-9.90698202999992, -9.90525828399994, -9.90067079399997, -9.89890388399997, -9.89728144099994, -9.89588520999996, -9.8914542809999, -9.88579378699997, -9.88456580299989, -9.88347600399996, -9.88434223699995, -9.88420246099993, -9.88332763399994, -9.882417011, -9.88169553999999, -9.88198056099995, -9.88124793499999, -9.87974859499992, -9.87819232699994, -9.8770163799999, -9.87576071699992, -9.87276019199991, -9.87151911699989, -9.87009806, -9.86702738799995, -9.8653758789999, -9.86398316399995, -9.86259250099991, 
-9.861274301, -9.85984012999991, -9.85837957699994, -9.85707396199992, -9.85628714900001, -9.85559940699995, -9.85457221299995, -9.854552343, -9.85409838399992, -9.85389992999993, -9.85289487799999, -9.85164453699992, -9.84990619499998, -9.84561856599996, -9.84468384899998, -9.84356038299993, -9.84220935399996, -9.84178570299999, -9.841904891, -9.8407701739999, -9.83740231199995, -9.8343434139999, -9.83298563999991, -9.82594025099997, -9.82412612599997, -9.82072919899993, -9.817992782, -9.81295416799993, 
-9.81141616999995, -9.81081572200001, -9.81055265999991, -9.80907601199995, -9.80371757999997, -9.80227236199994, -9.80079063899991, -9.79985662499999, -9.79751822199995, -9.79557227999988, -9.79337596699997, -9.78439854699996, -9.78297143500001, -9.78227158399992, -9.78268007999997, -9.78242444199996, -9.78161095099997, -9.78019809599996, -9.77568006599997, -9.77463683599998, -9.77424896999995, -9.77405694099996, -9.7709056109999, -9.76796912199994, -9.76683026099995, -9.76422344299991, -9.76347553099993, 
-9.76261481399995, -9.76162114499997, -9.75907863099993, -9.7559223489999, -9.75413416399991, -9.75198413799992, -9.74781101299996, -9.74659808599997, -9.74352263299997, -9.74224100899997, -9.74179177400002, -9.74003454099993, -9.73734925199997, -9.7356169359999, -9.73368979599996, -9.73221113499992, -9.718543863, -9.71691544299992, -9.71604193299994, -9.71621094499998, -9.71754274599995, -9.71685026199994, -9.71571556399994, -9.71404229399996, -9.71119961399994, -9.70783960499993, -9.70448347999998, 
-9.70326406099998, -9.70220473499991, -9.69933067799996, -9.69819041399994, -9.69664584199995, -9.69369694499994, -9.69223484799993, -9.6893533319999, -9.68806821199998, -9.68345484599991, -9.67953639599997, -9.677951262, -9.67540258299989, -9.67384496699998, -9.67148251799991, -9.67008708799991, -9.66945821900001, -9.66854402799996, -9.66865676399996, -9.66817271299997, -9.66439476399993, -9.66031463399993, -9.65239360799993, -9.65090443699991, -9.65092074699992, -9.65205868299993, -9.65167169499997, 
-9.65044686199997, -9.64753884499997, -9.64607184299991, -9.64480334699994, -9.64349442899991, -9.64290654199994, -9.64131899299995, -9.64029095999997, -9.63868676099993, -9.63806955499994, -9.64043876499995, -9.64080060299995, -9.63997698299993, -9.63854507999994, -9.63706811199994, -9.63461033299998, -9.63108865199992, -9.62904488299992, -9.62785165999996, -9.62636597399996, -9.62455482899994, -9.62501950299993, -9.62405133399994, -9.62365831599993, -9.62412338599995, -9.62379433899999, -9.62148147099994, 
-9.62004872899996, -9.61805162400001, -9.61667928799997, -9.61529429799995, -9.61225975099996, -9.61015965299993, -9.60752916699997, -9.60508317699992, -9.60362899299994, -9.60351539999996, -9.60401200399993, -9.6035683989999, -9.60045920399995, -9.59882043399999, -9.59598946299996, -9.59568992999996, -9.59181308499991, -9.59036233599996, -9.587580466, -9.58597221299989, -9.58312596599994, -9.58221991599993, -9.58124535699994, -9.57988626399993, -9.57900809499993, -9.57820329499995, -9.57707346199991, 
-9.57265676399995, -9.57004156199993, -9.57057737199994, -9.57209830999993, -9.57286268199994, -9.571810386, -9.57004437999998, -9.56847138399995, -9.56747118499989, -9.56486519999991, -9.56282367399993, -9.56065112099994, -9.55913892999996, -9.5524420089999, -9.54536227699997, -9.54470109499997, -9.54506896099995, -9.54630056799997, -9.54885415099996, -9.55421554299992, -9.5544728969999, -9.55205255399992, -9.55164638699998, -9.55083581999997, -9.5468932709999, -9.54519732499991, -9.5407702819999, 
-9.53995373399993, -9.53899385599991, -9.53761148099993, -9.53547744599993, -9.53376581199997, -9.53315262299995, -9.53301905499991, -9.53241658899998, -9.52945900299996, -9.52805570999994, -9.52426211299993, -9.523137914, -9.52031962699996, -9.51724976299998, -9.51440622499998, -9.51262642699989, -9.51275797999994, -9.51183435599999, -9.51046078199994, -9.50845369999996, -9.5083799779999, -9.50728806599997, -9.50594093699989, -9.50414986999993, -9.50202708499997, -9.5014089869999, -9.50183707399997, 
-9.49999797699995, -9.50010401599993, -9.49682191199997, -9.49537311699991, -9.49506824099991, -9.4921493709999, -9.4898264039999, -9.48953925699994, -9.49048326399998, -9.48940714099994, -9.48508341599995, -9.48280161399998, -9.47458818799994, -9.47392072799996, -9.47493636899997, -9.47253333000001, -9.46968406499998, -9.46706028499996, -9.46516039899997, -9.45655092099994, -9.45428028699991, -9.45133553099989, -9.44904744499993, -9.44860320399995, -9.44552292599999, -9.44469072399997, -9.44318301399992, 
-9.44445386199991, -9.44394317299993, -9.44250073999996, -9.43824908099998, -9.43466761999995, -9.43318079799994, -9.43260234699995, -9.43271785199991, -9.43736293899994, -9.43817751499992, -9.43897955499994, -9.44092870299992, -9.44432524599993, -9.44482157299996, -9.44477878099997, -9.44408220099998, -9.44003921599995, -9.4381267819999, -9.43695812100001, -9.43556201399996, -9.43410883099999, -9.42791154299996, -9.42453431399995, -9.42222780299998, -9.420625339, -9.41897246899993, -9.41281441199996, 
-9.41059736599993, -9.41104815699992, -9.41497891999999, -9.4193371389999, -9.42365186999995, -9.42510343799997, -9.42555781899991, -9.42283407999996, -9.42403702999993, -9.4239626479999, -9.42137132299999, -9.41849067399994, -9.41861628799995, -9.42103297499997, -9.42223570600001, -9.42434683099998, -9.42724804299996, -9.429545816, -9.43173949299997, -9.43066163699996, -9.43091856299999, -9.43274020599999, -9.43518058999993, -9.4369384899999, -9.43750463199994, -9.43628877399997, -9.43734526099998, 
-9.43724326799998, -9.43553927499995, -9.432745675, -9.42703842999993, -9.42322675099994, -9.42137465099991, -9.42107549899994, -9.4222869819999, -9.4320972159999, -9.43541733899998, -9.43554391099998, -9.43173967199989, -9.43393283799999, -9.43595819799997, -9.43754764299994, -9.43756877799991, -9.43489642499996, -9.43404708399994, -9.43660875399997, -9.43878590699999, -9.4405291849999, -9.44162053199996, -9.44162818799997, -9.44250772899991, -9.44209735299998, -9.44100784299998, -9.43829744199999, 
-9.43318800699991, -9.43222303599992, -9.43072468599993, -9.43037031599992, -9.43073034699996, -9.43026577699989, -9.42763254099997, -9.42681466199998, -9.4286202709999, -9.42859524099996, -9.42628878699999, -9.42394571299992, -9.42275678399996, -9.420424617, -9.41478617899994, -9.41395829399992, -9.41519168699992, -9.41792647399998, -9.41852453499999, -9.41880781599998, -9.42072347899995, -9.42342246399997, -9.42543382699995, -9.42721813999997, -9.43197761999995, -9.43361501599998, -9.43699136499992, 
-9.43725067599997, -9.43575573899992, -9.43369275099993, -9.43295392999991, -9.43430588099995, -9.43689518099996, -9.44017326499994, -9.44349580799996, -9.45365531199998, -9.4558022159999, -9.45716076899995, -9.45764918699995, -9.45558244099992, -9.45207536299991, -9.45054481999993, -9.44988945099997, -9.44872281399999, -9.44774644099994, -9.44567020700001, -9.44355498899997, -9.44308220399993, -9.44679333199995, -9.44772433499997, -9.44774067099999, -9.44532606299996, -9.44341998299999, -9.44042329699993, 
-9.43787759899989, -9.43304787799995, -9.43151570199992, -9.43088932799997, -9.42985425699995, -9.42754073399993, -9.42629253399994, -9.42464192999998, -9.42403255599991, -9.42333802699991, -9.419389839, -9.417570279, -9.41698841199999, -9.41436033099997, -9.41099425699999, -9.40781009999997, -9.40745046499996, -9.41032466900001, -9.40825720000001, -9.4025805589999, -9.40179892099998, -9.40020980599995, -9.39870426899999, -9.39649912699997, -9.39516523, -9.39513583199997, -9.39663042899999)))"
1100452,Buritis,11,RO,"list(list(c(-64.305814453, -64.304588278, -64.3024015739999, -64.301245883, -64.2964159249999, -64.293392679, -64.291887588, -64.2882306829999, -64.2853526769999, -64.283286722, -64.279913227, -64.279539506, -64.2797397239999, -64.279084234, -64.277327422, -64.275237032, -64.273262441, -64.272224049, -64.2684607319999, -64.266576684, -64.265349604, -64.264412612, -64.26135746, -64.26024315, -64.2574708059999, -64.25578239, -64.250399089, -64.248092774, -64.2464070459999, -64.242717133, -64.2376401989999, 
-64.2354887159999, -64.2328728579999, -64.229955751, -64.226106166, -64.2250258139999, -64.2222436469999, -64.218988052, -64.216365798, -64.2088186769999, -64.2044940169999, -64.2020271339999, -64.198949978, -64.1957271879999, -64.187421483, -64.1848022839999, -64.181522419, -64.1718233499999, -64.167652371, -64.1616362229999, -64.1588606869999, -64.142261729, -64.1390140469999, -64.136554028, -64.135794553, -64.085480288, -64.0825015649999, -63.9671665289999, -63.9449825889999, -63.838389567, -63.7458863879999, 
-63.7450422379999, -63.6852926839999, -63.685541435, -63.686925499, -63.6869087209999, -63.6884524139999, -63.6902383, -63.691627928, -63.6917671079999, -63.6909009179999, -63.689675299, -63.687321689, -63.6867618019999, -63.686015168, -63.6870644489999, -63.6888770849999, -63.6904865659999, -63.692430755, -63.697828531, -63.6993701439999, -63.7006574839999, -63.7014530319999, -63.7015973819999, -63.701319579, -63.700822192, -63.699877286, -63.699206066, -63.698845304, -63.699427626, -63.699015381, 
-63.6983761769999, -63.697816332, -63.697260564, -63.696182528, -63.693428283, -63.6931816269999, -63.6946791229999, -63.6975530539999, -63.6990967529999, -63.7002930579999, -63.70186959, -63.703259277, -63.7076228769999, -63.708539018, -63.709206596, -63.710959665, -63.7132894009999, -63.713403798, -63.7131235509999, -63.713094802, -63.7160925789999, -63.7169821059999, -63.7175945549999, -63.7178474399999, -63.717397652, -63.717564616, -63.7181794689999, -63.7176491679999, -63.716680482, -63.716450398, 
-63.717787983, -63.7195943369999, -63.721094749, -63.722374095, -63.7231501639999, -63.7226815879999, -63.720427691, -63.71845775, -63.718233214, -63.719486082, -63.720842196, -63.7222927929999, -63.7237651689999, -63.7250374389999, -63.7267928229999, -63.728294942, -63.728896146, -63.7290123069999, -63.7284331339999, -63.728122645, -63.7289874749999, -63.730378409, -63.7313463809999, -63.731091345, -63.7294538789999, -63.727648573, -63.727318756, -63.728178166, -63.7294827939999, -63.731674589, 
-63.7322898839999, -63.7325670389999, -63.733458543, -63.735515818, -63.7380403139999, -63.7394047379999, -63.741016248, -63.744010432, -63.745424968, -63.746321425, -63.7467945969999, -63.748610927, -63.7492096659999, -63.75017568, -63.756554596, -63.759124213, -63.759931658, -63.7600696759999, -63.7603187919999, -63.7613781089999, -63.762901071, -63.763874626, -63.7647927789999, -63.7644882419999, -63.7635400629999, -63.7620714389999, -63.7606758439999, -63.759154353, -63.7584603229999, -63.761799461, 
-63.764262083, -63.7653202589999, -63.765837285, -63.765620967, -63.7621845989999, -63.596972868, -63.595899956, -63.596092749, -63.593705308, -63.593481969, -63.592266474, -63.5920649689999, -63.5903152199999, -63.587459241, -63.585323085, -63.5851011339999, -63.583400149, -63.584406257, -63.586377329, -63.587180859, -63.586574353, -63.586036563, -63.5862108759999, -63.586119418, -63.5893121619999, -63.5896261339999, -63.5888478729999, -63.58920384, -63.588210007, -63.586592787, -63.5851261549999, 
-63.5852097709999, -63.585316336, -63.584985617, -63.585758281, -63.585595826, -63.586628018, -63.587400236, -63.586485375, -63.584623243, -63.5823210629999, -63.579432901, -63.5766227789999, -63.576396998, -63.576716445, -63.579840509, -63.5817314609999, -63.5825369139999, -63.5809331659999, -63.580209848, -63.580700518, -63.581813652, -63.583403678, -63.583479266, -63.5831513759999, -63.584646717, -63.585378816, -63.5838774959999, -63.582316567, -63.5820072889999, -63.5821826779999, -63.5827618659999, 
-63.5855963099999, -63.5852057009999, -63.5850721779999, -63.5824811369999, -63.5824703299999, -63.58262414, -63.5839837879999, -63.5889011749999, -63.5901799609999, -63.589344624, -63.5871504849999, -63.584016826, -63.5797627639999, -63.577872589, -63.5744329939999, -63.571792385, -63.570378519, -63.569097174, -63.5683468589999, -63.565220343, -63.5617086949999, -63.550098697, -63.544346492, -63.5411801419999, -63.538649356, -63.528455713, -63.525427876, -63.52430475, -63.698121337, -63.700015746, 
-63.700303838, -63.700766393, -63.7028162059999, -63.704376703, -63.7082950239999, -63.7094894059999, -63.711927395, -63.7134831879999, -63.714649201, -63.715519032, -63.715823825, -63.7182911559999, -63.7199292279999, -63.721650258, -63.724039079, -63.7261208379999, -63.727437336, -63.728925964, -63.729042088, -63.728899323, -63.7281525279999, -63.729622636, -63.7294066749999, -63.7290694689999, -63.729071319, -63.7304843539999, -63.7306807539999, -63.7310983069999, -63.7324828289999, -63.732985086, 
-63.732099177, -63.732649414, -63.7319089729999, -63.729907612, -63.730046406, -63.730637397, -63.731041802, -63.73467969, -63.7372383589999, -63.7384041379999, -63.739269727, -63.7398683389999, -63.740233988, -63.740459243, -63.740569774, -63.741292386, -63.743289292, -63.7447888039999, -63.7460364989999, -63.747485934, -63.750379502, -63.7547110979999, -63.7560669599999, -63.757593511, -63.760542691, -63.762293551, -63.7634060619999, -63.763319376, -63.762625003, -63.762901043, -63.7629070089999, 
-63.7622679409999, -63.761455804, -63.7609572819999, -63.7616741809999, -63.7624622009999, -63.764270484, -63.768207981, -63.7710693659999, -63.772016612, -63.7757239719999, -63.7795176129999, -63.7810988209999, -63.7832371169999, -63.788545565, -63.791874013, -63.796683903, -63.8011806589999, -63.8038742509999, -63.806207186, -63.807068483, -63.807343932, -63.8083427619999, -63.810564361, -63.811875018, -63.813102209, -63.8145181249999, -63.814740281, -63.814038452, -63.814235711, -63.8197910749999, 
-63.823516091, -63.82640266, -63.8339029079999, -63.839157072, -63.8404574279999, -63.8416006709999, -63.844297653, -63.845684474, -63.848404688, -63.8500733109999, -63.850794167, -63.85206633, -63.853618454, -63.900462052, -63.898205724, -63.8969895589999, -63.895376157, -63.895155755, -63.895516645, -63.8977291469999, -63.89846075, -63.8984633999999, -63.898125216, -63.897708231, -63.897511911, -63.897602128, -63.8985725439999, -63.901178137, -63.9012112949999, -63.9007970339999, -63.8997672689999, 
-63.8979836439999, -63.8958762039999, -63.8957572669999, -63.894745592, -63.894465635, -63.894851682, -63.8966222409999, -63.89810138, -63.899515843, -63.900740665, -63.902210746, -63.903296031, -63.905484239, -63.906739349, -63.909044318, -63.910242068, -63.9109821089999, -63.9119340559999, -63.915595044, -63.92014684, -63.9240866049999, -63.9261844139999, -63.9260986109999, -63.9267447139999, -63.9288465109999, -63.929350641, -63.930682921, -63.9314551249999, -63.932236872, -63.931808103, -63.9306081849999, 
-63.930345558, -63.9298489779999, -63.93037449, -63.930972264, -63.9314546049999, -63.9330136519999, -63.9353442759999, -63.936908602, -63.9381609429999, -63.944688038, -63.947187044, -63.9475977179999, -63.947602292, -63.948707919, -63.9500405149999, -63.951122668, -63.952903837, -63.9542402489999, -63.958711694, -63.961208286, -63.9639593209999, -63.9651507809999, -63.9657412009999, -63.966099217, -63.966711642, -63.968683983, -63.970123395, -63.9719585409999, -63.9743738059999, -63.97940109, -63.984261547, 
-63.9850723769999, -63.986038607, -63.98740693, -63.989181935, -63.991290104, -63.9979037989999, -64.000511897, -64.0012069819999, -64.0020957, -64.002875309, -64.003872496, -64.0061519829999, -64.0069336119999, -64.006738634, -64.0059363989999, -64.003510809, -64.0032379819999, -64.003264889, -64.0037629959999, -64.0054082609999, -64.0071389319999, -64.009574975, -64.0141398489999, -64.01587671, -64.016694887, -64.017873223, -64.019795008, -64.0208499079999, -64.022704363, -64.0255687629999, -64.0270096719999, 
-64.0276575289999, -64.027985934, -64.028482879, -64.028890355, -64.0304287, -64.0317940389999, -64.0351832819999, -64.036110768, -64.03761225, -64.037812901, -64.0387150449999, -64.0391879279999, -64.0410448789999, -64.041273736, -64.042101362, -64.04401358, -64.05056565, -64.0520487539999, -64.0529031559999, -64.053545442, -64.0562622289999, -64.057769775, -64.0599625, -64.061123105, -64.0612656449999, -64.061768226, -64.0918718159999, -64.092491549, -64.0941227219999, -64.095209752, -64.096397748, 
-64.098737977, -64.099726541, -64.1026255099999, -64.1040380259999, -64.10599004, -64.1073207729999, -64.1082929839999, -64.1095456799999, -64.1107419359999, -64.112267894, -64.114762855, -64.11811373, -64.12215206, -64.126318961, -64.126991517, -64.127100199, -64.127518477, -64.128269652, -64.133430081, -64.135916123, -64.137267357, -64.139737459, -64.145289194, -64.147266447, -64.1488180979999, -64.1500903349999, -64.1530125149999, -64.153548746, -64.154180157, -64.1547950889999, -64.155514937, 
-64.1569337479999, -64.160182134, -64.1629868049999, -64.164792724, -64.1668165959999, -64.1710471179999, -64.172991215, -64.175708157, -64.1769042849999, -64.178540595, -64.1803766189999, -64.1830712969999, -64.1844082969999, -64.1855701469999, -64.18662965, -64.1881023299999, -64.189237867, -64.1903480239999, -64.191839236, -64.192880659, -64.1935255309999, -64.193989963, -64.194684089, -64.195713542, -64.1992373049999, -64.2029848899999, -64.204712342, -64.2063198979999, -64.2076276089999, -64.2091817449999, 
-64.2161041269999, -64.218650084, -64.2222351289999, -64.2218540139999, -64.225601707, -64.2285176729999, -64.228797808, -64.227926739, -64.227375074, -64.2280403569999, -64.230629704, -64.230598567, -64.2320751789999, -64.235156674, -64.235318561, -64.2340973679999, -64.2301872059999, -64.22938543, -64.228439868, -64.2284761999999, -64.2285402519999, -64.2305164489999, -64.232213091, -64.232493268, -64.231243688, -64.2320965489999, -64.229908615, -64.231405966, -64.2336286959999, -64.2337098569999, 
-64.235012059, -64.235986085, -64.239157785, -64.2416317839999, -64.2422388649999, -64.240243095, -64.2410902179999, -64.240653042, -64.2410201339999, -64.2426037469999, -64.2424071979999, -64.235039483, -64.2343725999999, -64.2318487009999, -64.23287343, -64.2344337249999, -64.2366703549999, -64.2412906449999, -64.241902115, -64.2442148529999, -64.2432703059999, -64.24441118, -64.246126047, -64.242883387, -64.245181869, -64.2436800149999, -64.2455191859999, -64.2472342469999, -64.2491023979999, 
-64.250130524, -64.248739995, -64.251184439, -64.251873872, -64.254183331, -64.2568246489999, -64.2572391879999, -64.256239163, -64.258408393, -64.2578790409999, -64.2569588419999, -64.2580933899999, -64.2586863569999, -64.2608800619999, -64.257569597, -64.25982555, -64.260208647, -64.2611797769999, -64.261651312, -64.2647339319999, -64.339005397, -64.341169881, -64.3428298549999, -64.34306871, -64.340515062, -64.340085335, -64.339909919, -64.340680799, -64.34426981, -64.346393214, -64.345809346, 
-64.344067206, -64.343740736, -64.3469583769999, -64.347404731, -64.345455745, -64.345896907, -64.343921986, -64.3456283459999, -64.3450424489999, -64.3467734279999, -64.346571229, -64.344292082, -64.341957467, -64.3418917179999, -64.340539283, -64.336804887, -64.335578313, -64.335057873, -64.3340242509999, -64.3338806089999, -64.332454102, -64.333025123, -64.3347511479999, -64.3315787759999, -64.3321445779999, -64.3314265849999, -64.330588027, -64.3294922889999, -64.3273883469999, -64.323488185, 
-64.3236686929999, -64.3225661539999, -64.3228721599999, -64.322349728, -64.3232426149999, -64.32253045, -64.322651406, -64.321812182, -64.320646409, -64.3210797079999, -64.3210826979999, -64.320504307, -64.320627245, -64.322030473, -64.321962217, -64.319769654, -64.319314445, -64.319760538, -64.321239817, -64.322592909, -64.323426653, -64.3235493549999, -64.3247022959999, -64.3248910189999, -64.326546143, -64.3271135239999, -64.3251792129999, -64.323376935, -64.3232328659999, -64.3201389979999, 
-64.31995771, -64.323255159, -64.323254791, -64.317585744, -64.3170023169999, -64.317575651, -64.3167392769999, -64.31641202, -64.3182049329999, -64.3182060659999, -64.3156209629999, -64.3139420329999, -64.3141244679999, -64.312185109, -64.309217328, -64.305547257, -64.302075408, -64.300190702, -64.2977514759999, -64.298455916, -64.3003052449999, -64.30120401, -64.3037624939999, -64.3039419699999, -64.303424475, -64.301816675, -64.3020064839999, -64.3039213699999, -64.308921196, -64.309999557, -64.310178944, 
-64.311324726, -64.309657211, -64.3083257809999, -64.307475237, -64.305814453, -9.81882327699998, -9.81895528699997, -9.81794332299991, -9.81817115799993, -9.81729615099992, -9.81998504599991, -9.82421092899997, -9.83049865699993, -9.83194195099998, -9.83362987099992, -9.83518328799994, -9.83621234199999, -9.83929289899988, -9.83985663599999, -9.83982196499996, -9.84215985699995, -9.84207381099994, -9.84132922999988, -9.84094580199995, -9.84001987699999, -9.83872251599994, -9.83675389199995, -9.83389474799999, 
-9.83188239199993, -9.83227154199998, -9.83396240999999, -9.83558993299992, -9.83697508199995, -9.83942736499991, -9.84104797799997, -9.842442782, -9.84405756299994, -9.84452569299995, -9.84721339299993, -9.84783942999995, -9.84738533799995, -9.84441237299999, -9.83876269199989, -9.83770244999992, -9.83779514899995, -9.83468686599998, -9.83392823199992, -9.83493174499991, -9.83800608999999, -9.84193599499999, -9.841178209, -9.83893547199997, -9.82959884599991, -9.82639870999998, -9.82313006599998, 
-9.82252883899998, -9.82900481699996, -9.82948020799995, -9.8311305829999, -9.83353881199994, -9.83353884899994, -9.83353813299997, -9.83351124699997, -9.83348454099998, -9.83329991099989, -9.83311810799995, -9.8331305, -9.83298563999991, -9.8343434139999, -9.83740231199995, -9.8407701739999, -9.841904891, -9.84178570299999, -9.84220935399996, -9.84356038299993, -9.84468384899998, -9.84561856599996, -9.84990619499998, -9.85164453699992, -9.85289487799999, -9.85389992999993, -9.85409838399992, -9.854552343, 
-9.85457221299995, -9.85559940699995, -9.85628714900001, -9.85707396199992, -9.85837957699994, -9.85984012999991, -9.861274301, -9.86259250099991, -9.86398316399995, -9.8653758789999, -9.86702738799995, -9.87009806, -9.87151911699989, -9.87276019199991, -9.87576071699992, -9.8770163799999, -9.87819232699994, -9.87974859499992, -9.88124793499999, -9.88198056099995, -9.88169553999999, -9.882417011, -9.88332763399994, -9.88420246099993, -9.88434223699995, -9.88347600399996, -9.88456580299989, -9.88579378699997, 
-9.8914542809999, -9.89588520999996, -9.89728144099994, -9.89890388399997, -9.90067079399997, -9.90525828399994, -9.90698202999992, -9.90883587299992, -9.91028521499993, -9.91200168999994, -9.91335269499999, -9.914672175, -9.91647212299998, -9.91764149799993, -9.919137641, -9.91991199599994, -9.91960884399999, -9.91975415999994, -9.92044095399992, -9.92171921699999, -9.92338449499993, -9.92550845799999, -9.92828435899998, -9.93112898199998, -9.93190481399996, -9.93241009699993, -9.93241228499993, 
-9.931890273, -9.9311741939999, -9.93096517299993, -9.93177752299991, -9.93327658399995, -9.9346628819999, -9.93634916799989, -9.93792875499993, -9.93908934599995, -9.93950614499997, -9.94048448499992, -9.94202590799992, -9.94377198199997, -9.94649686899992, -9.9479780189999, -9.94956598299993, -9.95014576999994, -9.9523554969999, -9.95368017799999, -9.95660218499991, -9.95986954999998, -9.96300527799999, -9.96541042499995, -9.96594200199997, -9.96637637899994, -9.96636781599994, -9.96677483299996, 
-9.96800837599997, -9.96973036699998, -9.97248927699999, -9.97395522799996, -9.97519386199995, -9.97845166099994, -9.98025042499991, -9.981341049, -9.98495889699994, -9.98662750199998, -9.98783925699996, -9.98699348299997, -9.98620460899998, -9.98730358999996, -9.99052303799997, -9.99179100699999, -9.9924113769999, -9.99269964799995, -9.9927462919999, -9.99397035999992, -9.99528744000001, -9.99667618999998, -9.99754456399998, -10.0002897199999, -10.000346068, -10.000347383, -10.0003822579999, -10.002636297, 
-10.0041851309999, -10.007375107, -10.009414943, -10.0124306169999, -10.014559962, -10.0180530759999, -10.0192604609999, -10.0219713779999, -10.025288094, -10.0300567779999, -10.0335785439999, -10.0356665229999, -10.041273936, -10.0435282079999, -10.04637479, -10.0506724359999, -10.054010429, -10.0567834429999, -10.0587464129999, -10.0623092459999, -10.0632297189999, -10.0687457019999, -10.070523012, -10.072484297, -10.075014236, -10.078252001, -10.083382354, -10.0893939179999, -10.0931542449999, 
-10.095900575, -10.09917009, -10.1032830449999, -10.107004724, -10.1075794139999, -10.111330586, -10.112624783, -10.1157891819999, -10.11636805, -10.122026627, -10.126006416, -10.131836789, -10.1364702889999, -10.1409954969999, -10.142167256, -10.144825521, -10.1473120899999, -10.150772059, -10.153867107, -10.1577251489999, -10.160213186, -10.161898342, -10.1655483079999, -10.169258541, -10.172083889, -10.1748868639999, -10.1786954259999, -10.1826399949999, -10.1828142859999, -10.186209482, -10.191787639, 
-10.1954952089999, -10.1990706039999, -10.202871258, -10.205940278, -10.2087841539999, -10.2123179339999, -10.214373661, -10.2134975829999, -10.2140690119999, -10.2178183089999, -10.2222949489999, -10.2272090169999, -10.230404183, -10.233102097, -10.240897376, -10.2439601139999, -10.2450811399999, -10.2429899859999, -10.2391023669999, -10.238149302, -10.245601446, -10.2484279319999, -10.2496429129999, -10.249084657, -10.245648107, -10.245454088, -10.24514254, -10.244716491, -10.246169159, -10.247679037, 
-10.247527896, -10.2466880599999, -10.246500394, -10.246733634, -10.2479666029999, -10.25009751, -10.249320982, -10.2485127079999, -10.2483825649999, -10.247696639, -10.246795881, -10.2456875729999, -10.2453653579999, -10.245340525, -10.247436385, -10.2513571929999, -10.253160145, -10.25501288, -10.2558648499999, -10.2562804499999, -10.257829961, -10.261681874, -10.262724717, -10.263584658, -10.26595132, -10.2683759869999, -10.270757281, -10.2736628819999, -10.278057035, -10.280184714, -10.282404251, 
-10.283402864, -10.2823754959999, -10.2836028119999, -10.285003392, -10.285468297, -10.286425436, -10.28700957, -10.2873694209999, -10.2879601719999, -10.2885559579999, -10.2887749989999, -10.2896839749999, -10.2907779029999, -10.291602714, -10.292078697, -10.2903891949999, -10.2908465909999, -10.2918010429999, -10.2953335509999, -10.2966567619999, -10.299834436, -10.3029238179999, -10.3055032999999, -10.3079486519999, -10.3110780919999, -10.314612049, -10.317338666, -10.3230098839999, -10.325235173, 
-10.3261650959999, -10.3266828459999, -10.32673123, -10.3259269669999, -10.3261912169999, -10.328613366, -10.3306074339999, -10.330315799, -10.3295232349999, -10.326875392, -10.325555823, -10.3245539859999, -10.325837329, -10.3269721629999, -10.327614802, -10.328604726, -10.3292920559999, -10.329947891, -10.329133987, -10.3292462889999, -10.3299309239999, -10.331974279, -10.3337876909999, -10.3388204399999, -10.3398676859999, -10.346316725, -10.3518057479999, -10.352905794, -10.355208003, -10.355890564, 
-10.3568607689999, -10.358672107, -10.36157792, -10.3621593609999, -10.361772308, -10.36025246, -10.358777276, -10.357403157, -10.3565350829999, -10.361331107, -10.3547039899999, -10.3517532519999, -10.346178182, -10.343455794, -10.3413202859999, -10.3346478039999, -10.3327088369999, -10.3299021589999, -10.3281319619999, -10.325948681, -10.3229135359999, -10.3200132699999, -10.3182882249999, -10.315295047, -10.313075001, -10.311554062, -10.3104421999999, -10.3095519, -10.3067625379999, -10.3052781239999, 
-10.3013750979999, -10.298314804, -10.297376842, -10.295361166, -10.2949974049999, -10.295016279, -10.2955677659999, -10.2958443859999, -10.29582235, -10.295120681, -10.29437227, -10.2912608609999, -10.289272307, -10.287279738, -10.2867080939999, -10.285241674, -10.2827721799999, -10.281111901, -10.279313767, -10.278040657, -10.2778214659999, -10.2785835229999, -10.2786119849999, -10.2783150169999, -10.2775767469999, -10.276011809, -10.273391382, -10.269397297, -10.2669750929999, -10.26489513, -10.260093023, 
-10.259012789, -10.258141153, -10.2563469069999, -10.25228653, -10.2506606369999, -10.2498000949999, -10.246851501, -10.24442994, -10.243000206, -10.2419562189999, -10.2387860069999, -10.236937173, -10.235110158, -10.233123028, -10.2326727119999, -10.2342850529999, -10.2341099289999, -10.2333156289999, -10.231453265, -10.229614386, -10.227673775, -10.22624338, -10.224472486, -10.2228870279999, -10.2214866319999, -10.218123827, -10.2123416439999, -10.2048015509999, -10.2043956229999, -10.2044012549999, 
-10.204011495, -10.2030532929999, -10.2010190469999, -10.196360448, -10.1948361209999, -10.194611943, -10.193781203, -10.1919216639999, -10.188418308, -10.18547791, -10.183305509, -10.1817525719999, -10.17979013, -10.176288343, -10.1746387999999, -10.17378148, -10.1721720029999, -10.16961801, -10.1679803509999, -10.1662733329999, -10.1638917119999, -10.163178102, -10.1625153349999, -10.1613444129999, -10.1580059219999, -10.157003609, -10.1558791839999, -10.1555166249999, -10.154886798, -10.1544698009999, 
-10.1542584939999, -10.153513626, -10.155060953, -10.164861448, -10.167627525, -10.1718038179999, -10.1735653069999, -10.1783252019999, -10.1798510799999, -10.1832646519999, -10.18681685, -10.193423981, -10.193904524, -10.1956484399999, -10.2007619679999, -10.2140892419999, -10.216771122, -10.218948085, -10.2242496069999, -10.2299139629999, -10.2356239459999, -10.242828817, -10.2454062389999, -10.247586945, -10.250777012, -10.251222546, -10.247726703, -10.243560174, -10.242769546, -10.2421665149999, 
-10.2414418129999, -10.2412819679999, -10.240813222, -10.240949099, -10.2417349359999, -10.242568286, -10.242956405, -10.243319892, -10.243318007, -10.2424613499999, -10.240523639, -10.2371965119999, -10.2324388369999, -10.226678519, -10.224867091, -10.2234123889999, -10.221359286, -10.220035493, -10.2149060269999, -10.210326234, -10.2089787689999, -10.209125002, -10.2102646419999, -10.2109880659999, -10.2118510219999, -10.213112742, -10.2153394719999, -10.215431714, -10.215302767, -10.214232657, 
-10.211422103, -10.2078836599999, -10.206415667, -10.205462837, -10.204260014, -10.2039030569999, -10.204503743, -10.2045064289999, -10.2040934069999, -10.2043764869999, -10.205144904, -10.2050519809999, -10.2030646269999, -10.202587942, -10.202400804, -10.20243862, -10.2028031279999, -10.203445231, -10.2044622399999, -10.2039825689999, -10.203173774, -10.202413698, -10.200698905, -10.1999088149999, -10.199210856, -10.197794833, -10.196752273, -10.1971177839999, -10.1966229409999, -10.196628126, 
-10.19637453, -10.1896314639999, -10.185782666, -10.1846595729999, -10.1830591149999, -10.18233807, -10.17957709, -10.1784087819999, -10.177982232, -10.1762169269999, -10.174958386, -10.1728301109999, -10.1710675069999, -10.1698552729999, -10.1680414369999, -10.165382242, -10.1620441399999, -10.158270279, -10.1544836559999, -10.151591231, -10.1505613669999, -10.148773564, -10.1469137069999, -10.1460154709999, -10.1424842289999, -10.13682577, -10.1350093429999, -10.1321986309999, -10.1296686169999, 
-10.1306603849999, -10.1272100919999, -10.125371019, -10.1230334419999, -10.1228738829999, -10.1194580839999, -10.1181765309999, -10.1159736439999, -10.1137495539999, -10.1091315379999, -10.1071670929999, -10.1045090059999, -10.0972206019999, -10.0865975639999, -10.08486331, -10.080995557, -10.078695748, -10.0758737149999, -10.0744837409999, -10.0710776429999, -10.0693578499999, -10.0686104019999, -10.0635732399999, -10.061023282, -10.060418798, -10.0580158429999, -10.0551313729999, -10.049236565, 
-10.045110348, -10.043079145, -10.0440821079999, -10.0417449739999, -10.039890279, -10.039271692, -10.0373901999999, -10.037434776, -10.036177852, -10.03110571, -10.0254558679999, -10.0233593069999, -10.0210598479999, -10.01880878, -10.017148941, -10.016280393, -10.0144378569999, -10.012981714, -10.00993768, -10.0073442099999, -10.0057107549999, -10.003344386, -10.0004133619999, -10.0003830539999, -10.0003818449999, -9.99730111, -9.99595200799993, -9.99373914399998, -9.99291264899998, -9.99184865999997, 
-9.99127128199998, -9.99033263899994, -9.98719061499994, -9.98613735000001, -9.98493071299992, -9.98390785499993, -9.98354332399996, -9.98251912299995, -9.97811792899995, -9.97635844899994, -9.97551768899992, -9.97323077799997, -9.97153915499998, -9.96999585899992, -9.96788919799997, -9.96121952699994, -9.95758762299991, -9.95675445499998, -9.95634512299995, -9.95623269199998, -9.95553457499994, -9.95400202699997, -9.95314487199993, -9.94934280699994, -9.94717445099994, -9.94487232999997, -9.94230983399996, 
-9.93762126099998, -9.934203645, -9.93158630899998, -9.93094930899995, -9.93089085899991, -9.93137676799996, -9.92599232199996, -9.92330847199995, -9.92075700199996, -9.91676132099993, -9.91535781699998, -9.91324452399992, -9.91186991199996, -9.91053062099999, -9.90963800299994, -9.90629234799997, -9.90562744899993, -9.90462474299992, -9.90398866899996, -9.90302863499993, -9.90156151899996, -9.90055562899995, -9.89782510599998, -9.89661096799997, -9.89539719299991, -9.89503905599994, -9.89548076299998, 
-9.89490171999995, -9.89324005899995, -9.89234061899996, -9.88993792899993, -9.88642244699994, -9.88370381699998, -9.88256108099993, -9.88224954299991, -9.87857559299995, -9.87730928499998, -9.87653474399993, -9.86961024199996, -9.868004839, -9.86626397399993, -9.86543386399999, -9.86405779999991, -9.86342140499993, -9.86252836499993, -9.86150202299992, -9.86066766099999, -9.85828345899998, -9.85541781599993, -9.85355933299999, -9.85116984999999, -9.84951914600002, -9.848798642, -9.84715584099996, 
-9.84504948199994, -9.84381636599997, -9.84254500099993, -9.84098995499997, -9.83858454899998, -9.83672507999996, -9.83333951299997, -9.83286171899996, -9.83318687099995, -9.83190781599999, -9.82784332999996, -9.82309426299995, -9.81960702099999, -9.81583596999998, -9.81263702599998, -9.81411256899994, -9.81627437899993, -9.81765690000001, -9.81882327699998)))"
1100502,Novo Horizonte Do Oeste,11,RO,"list(list(c(-62.0004257589999, -62.001303889, -61.9808376169999, -61.9137780549999, -61.9133998149999, -61.9115835109999, -61.9115054269999, -61.911593376, -61.912871165, -61.913726115, -61.914392714, -61.915396538, -61.915674008, -61.9155128049999, -61.914480482, -61.914639686, -61.9154255729999, -61.916065796, -61.9165075499999, -61.917558272, -61.916030807, -61.9164810259999, -61.917450593, -61.91934566, -61.92033759, -61.9217300229999, -61.922755638, -61.923455847, -61.92311295, -61.923116498, 
-61.9237525049999, -61.924591192, -61.9268642109999, -61.9269834659999, -61.926453631, -61.9269219459999, -61.9293108389999, -61.9298464599999, -61.93050536, -61.931699882, -61.933452689, -61.9358102999999, -61.9363162489999, -61.9379081759999, -61.938391436, -61.939957655, -61.9408662819999, -61.940689848, -61.9398199309999, -61.9390618529999, -61.9388718059999, -61.939147172, -61.939648511, -61.940621283, -61.9421480399999, -61.9434278519999, -61.9443153519999, -61.9453705009999, -61.948287008, 
-61.9495099939999, -61.951646526, -61.9544499419999, -61.9551478209999, -61.9557269809999, -61.956508534, -61.957702094, -61.960196713, -61.9624492789999, -61.962561678, -61.9630363789999, -61.964287525, -61.9646238089999, -61.964365953, -61.9645093029999, -61.96486319, -61.9621414199999, -61.9610346799999, -61.9597817769999, -61.9584208519999, -61.957759695, -61.957419826, -61.9576722139999, -61.959448342, -61.962502505, -61.9637878499999, -61.9655121139999, -61.968648065, -61.969313393, -61.9678734969999, 
-61.9693372099999, -61.9714256979999, -61.974287008, -61.977285512, -61.97894896, -61.980338916, -61.980893776, -61.9806165259999, -61.979205414, -61.977840471, -61.976421062, -61.975816394, -61.975093338, -61.973672047, -61.9727351709999, -61.972084059, -61.973056661, -61.9768368249999, -61.977315243, -61.9772039119999, -61.976704516, -61.977171001, -61.9774763189999, -61.978012708, -61.978291784, -61.9795924189999, -61.978310957, -61.977953892, -61.977224731, -61.976813948, -61.9772854909999, -61.9772887609999, 
-61.975030971, -61.9739051329999, -61.97350538, -61.9737890979999, -61.972783992, -61.9713547279999, -61.9676471769999, -61.966310504, -61.9647259859999, -61.9634252529999, -61.962066586, -61.960700169, -61.9593456809999, -61.9588436569999, -61.958809562, -61.9602563449999, -61.961086368, -61.965004425, -61.969788841, -61.974618566, -61.976397271, -61.9773184599999, -61.9800669519999, -61.9810675579999, -61.9832872869999, -61.988163175, -61.989154373, -61.9932549719999, -61.994485772, -61.9951799309999, 
-61.9980320179999, -62.000704915, -62.000792337, -62.0034648509999, -62.006790673, -62.008591089, -62.0115084009999, -62.01297827, -62.0137609619999, -62.013847648, -62.01498071, -62.017063106, -62.0185887319999, -62.019689956, -62.019900449, -62.0204779849999, -62.021703359, -62.021699812, -62.0205908569999, -62.02025773, -62.0220601659999, -62.025540649, -62.025786628, -62.0252807299999, -62.0261746299999, -62.026790594, -62.02909309, -62.030534415, -62.032566618, -62.03343275, -62.034921222, -62.0366452419999, 
-62.037604673, -62.037942487, -62.038121067, -62.038043245, -62.037134042, -62.037000542, -62.037092078, -62.039014218, -62.0390853329999, -62.038780978, -62.0387727339999, -62.036501024, -62.036399102, -62.037612109, -62.0398527919999, -62.0403562489999, -62.0412318039999, -62.0423228149999, -62.043558818, -62.0439738999999, -62.044523646, -62.045384674, -62.045529639, -62.0467366139999, -62.0487345419999, -62.050437771, -62.0530268599999, -62.0542618099999, -62.0564173199999, -62.0586079879999, 
-62.062305737, -62.064379248, -62.067695643, -62.070593629, -62.072101906, -62.073612525, -62.07667344, -62.080603622, -62.084044679, -62.086249107, -62.087012193, -62.0879736779999, -62.0879833119999, -62.088858264, -62.089095125, -62.0898542749999, -62.0905086389999, -62.090665562, -62.0914372239999, -62.091712796, -62.091311152, -62.09213266, -62.0923189409999, -62.0941221039999, -62.09756773, -62.102452718, -62.106536545, -62.110677565, -62.1138985329999, -62.116513903, -62.12003712, -62.121286611, 
-62.1240931409999, -62.126432487, -62.1271824719999, -62.1292918639999, -62.131902854, -62.134118867, -62.1407001639999, -62.1492020309999, -62.1542271189999, -62.1575937, -62.162825745, -62.1634527539999, -62.1700367849999, -62.1752044269999, -62.1778741019999, -62.18261931, -62.182287719, -62.1794841549999, -62.177262855, -62.173956474, -62.173318056, -62.1754797, -62.17695123, -62.1780649629999, -62.183929623, -62.189454956, -62.1933174879999, -62.1946466759999, -62.1992863449999, -62.2024841709999, 
-62.2067011729999, -62.205591048, -62.199928299, -62.1962892369999, -62.193366939, -62.191430372, -62.188153389, -62.1896220289999, -62.18850837, -62.1908361159999, -62.1912008429999, -62.196040467, -62.195925744, -62.1930946209999, -62.191733793, -62.189897293, -62.1934264499999, -62.1944010369999, -62.193540478, -62.1936459989999, -62.1967562429999, -62.196421903, -62.1991441759999, -62.204064469, -62.203565443, -62.2049218959999, -62.202755986, -62.204240506, -62.20498233, -62.2097590079999, -62.212919675, 
-62.2129546159999, -62.210255463, -62.2089827899999, -62.207364657, -62.206647531, -62.2032568589999, -62.200151045, -62.1978393439999, -62.197870273, -62.193592158, -62.19409115, -62.199421803, -62.199367635, -62.1972561709999, -62.203673211, -62.20100947, -62.195810815, -62.195454673, -62.190729164, -62.190095955, -62.1897838129999, -62.1862887619999, -62.1845424139999, -62.184284379, -62.1796461929999, -62.173398333, -62.171591305, -62.172590917, -62.1724510079999, -62.174535232, -62.172399425, 
-62.175651385, -62.175979855, -62.173618555, -62.1731166849999, -62.170698929, -62.165340127, -62.164780965, -62.1637590779999, -62.166206952, -62.16803844, -62.172705917, -62.1714546199999, -62.167117224, -62.1630786149999, -62.1608426889999, -62.157401684, -62.1533144789999, -62.1531182229999, -62.1495606269999, -62.1454555449999, -62.140399199, -62.1375905669999, -62.132313022, -62.127831767, -62.122728422, -62.1202028059999, -62.117340767, -62.116394482, -62.113756111, -62.110091621, -62.1081989859999, 
-62.1081154629999, -62.103512746, -62.102502323, -62.100923942, -62.099758132, -62.099725004, -62.096065466, -62.0931806089999, -62.0918427, -62.086120245, -62.053371521, -62.035156203, -62.016497939, -62.0004257589999, -11.500245394, -11.5853149349999, -11.5852496349999, -11.585023845, -11.5860484769999, -11.587564619, -11.5879816299999, -11.5891441749999, -11.590830939, -11.591578398, -11.594192149, -11.594204345, -11.594932508, -11.595976349, -11.596835935, -11.597954421, -11.598432218, -11.5980752229999, 
-11.597479878, -11.5979809459999, -11.600755486, -11.6013965129999, -11.6016228849999, -11.604724744, -11.6050920709999, -11.6037020479999, -11.60399587, -11.6069786979999, -11.6081798029999, -11.609596406, -11.6100271499999, -11.6101656349999, -11.612647752, -11.6136481059999, -11.615016488, -11.616033329, -11.616103605, -11.616841716, -11.6168506559999, -11.6159856839999, -11.615946008, -11.616302923, -11.6169970179999, -11.6177179609999, -11.6186778959999, -11.6192364389999, -11.6199284959999, 
-11.620658207, -11.621453427, -11.622889856, -11.6245903609999, -11.625593591, -11.626414133, -11.627392056, -11.6265968179999, -11.626696291, -11.626967756, -11.6269738929999, -11.626337812, -11.626246165, -11.626374167, -11.627239267, -11.6281941579999, -11.6295850659999, -11.6299041779999, -11.629970095, -11.6305568299999, -11.6313723719999, -11.633377233, -11.6352189569999, -11.637584177, -11.638723634, -11.6400030149999, -11.641773163, -11.6433664039999, -11.6465778899999, -11.6473357739999, 
-11.6490447419999, -11.651434953, -11.652791711, -11.6543789029999, -11.6564955339999, -11.6595013359999, -11.6614165449999, -11.6617665539999, -11.663375926, -11.6632468109999, -11.6641146709999, -11.6663395429999, -11.6674999609999, -11.668626168, -11.6692186, -11.6701145419999, -11.671134984, -11.673874235, -11.675650895, -11.6777810749999, -11.680715705, -11.68270472, -11.6854156049999, -11.6869455629999, -11.687710034, -11.688348585, -11.6883475019999, -11.6886790229999, -11.6899209569999, -11.696630733, 
-11.6982661389999, -11.699719793, -11.700603556, -11.703128992, -11.7047745419999, -11.7068590119999, -11.7088663569999, -11.7110076699999, -11.713695128, -11.7152810059999, -11.716343159, -11.720009193, -11.721052526, -11.721832831, -11.7244603849999, -11.725769152, -11.7271161059999, -11.7280741399999, -11.7292738549999, -11.730086572, -11.731739927, -11.731882561, -11.731355549, -11.7311217509999, -11.731106378, -11.731458577, -11.7325424849999, -11.733909315, -11.7352721969999, -11.737417648, 
-11.7381939789999, -11.740361643, -11.7401774799999, -11.7425114919999, -11.743370811, -11.7446624089999, -11.746144431, -11.7461525639999, -11.7470587349999, -11.751512724, -11.752619519, -11.764088575, -11.769551015, -11.770696451, -11.773451919, -11.7750941839999, -11.776205397, -11.7783367979999, -11.7814032119999, -11.7836215169999, -11.7867753429999, -11.7889553119999, -11.791271798, -11.792354324, -11.794345658, -11.7955883739999, -11.79627951, -11.7994712909999, -11.800956181, -11.802812462, 
-11.804534159, -11.8052912869999, -11.807924869, -11.8097161209999, -11.8120505749999, -11.8145691669999, -11.815413372, -11.816663858, -11.8192548129999, -11.8199739769999, -11.8211350349999, -11.8214798699999, -11.8212813579999, -11.8218277459999, -11.8243096669999, -11.8250890839999, -11.825060373, -11.8254970329999, -11.8265133029999, -11.8272079879999, -11.828727805, -11.829308488, -11.830205366, -11.832819277, -11.833770475, -11.8357839579999, -11.8381259699999, -11.844356918, -11.846291269, 
-11.8498845289999, -11.8533915239999, -11.854711294, -11.855571765, -11.85610993, -11.857517462, -11.858828053, -11.859785467, -11.860681255, -11.861736065, -11.863993638, -11.8666678609999, -11.8673517409999, -11.8672204929999, -11.867157885, -11.866740529, -11.8670468889999, -11.8686991879999, -11.8700103159999, -11.873076105, -11.876179625, -11.8770040869999, -11.877380572, -11.8774274029999, -11.877216677, -11.876520816, -11.8728009279999, -11.870791601, -11.8656898569999, -11.8628571799999, 
-11.8608115639999, -11.8580548709999, -11.857089248, -11.8526510529999, -11.8504179669999, -11.8462496769999, -11.8428451779999, -11.8423656649999, -11.840034072, -11.839503892, -11.8393185319999, -11.8428192499999, -11.8453170819999, -11.844019013, -11.8424219099999, -11.8424918089999, -11.8433151199999, -11.842927623, -11.8457046389999, -11.84687174, -11.8446180189999, -11.845138601, -11.8466040019999, -11.8473385739999, -11.851178884, -11.8526583939999, -11.8600300079999, -11.865646436, -11.87081656, 
-11.871799961, -11.871918164, -11.8711055739999, -11.8695426139999, -11.867935615, -11.8672605509999, -11.86569653, -11.862227657, -11.8585763689999, -11.854560207, -11.852220372, -11.8502079859999, -11.8466435879999, -11.841831144, -11.8356613869999, -11.8279458, -11.8284434359999, -11.8274570359999, -11.8278777319999, -11.831281443, -11.8319934789999, -11.8286840919999, -11.8244858819999, -11.822528453, -11.820039998, -11.8163447749999, -11.812335821, -11.8064647329999, -11.8020975419999, -11.79892447, 
-11.7920801249999, -11.789936098, -11.7864019879999, -11.784764149, -11.7797332329999, -11.775738542, -11.7725018559999, -11.7694471739999, -11.764008859, -11.7611114629999, -11.757064696, -11.752032337, -11.7466085949999, -11.7444823879999, -11.7394350979999, -11.734747894, -11.731353635, -11.7285944499999, -11.7272157699999, -11.724929917, -11.716725943, -11.7126235599999, -11.711348894, -11.7065036109999, -11.70145496, -11.7004812769999, -11.6990272529999, -11.693033741, -11.6918176839999, -11.6863549759999, 
-11.6845147519999, -11.679297576, -11.677113133, -11.6746618199999, -11.672142379, -11.666085503, -11.6606784, -11.6583454569999, -11.653429185, -11.65182599, -11.6482733099999, -11.6465232589999, -11.638096069, -11.631750066, -11.6257830859999, -11.6190722169999, -11.61751911, -11.613458194, -11.6090051259999, -11.6048885029999, -11.6018236629999, -11.5952974369999, -11.592610119, -11.586001482, -11.581507309, -11.5749764989999, -11.5710211409999, -11.5680810199999, -11.5671490929999, -11.5654464319999, 
-11.5616703989999, -11.5568556949999, -11.547392702, -11.544391601, -11.5422377079999, -11.5397279009999, -11.538339275, -11.5364440909999, -11.5298854429999, -11.5288430309999, -11.5285477729999, -11.525501074, -11.5228200819999, -11.524348879, -11.523875331, -11.5244257659999, -11.526011737, -11.527183302, -11.523314302, -11.5200792759999, -11.517662167, -11.5164834229999, -11.511588714, -11.5089773629999, -11.508074231, -11.509605986, -11.5079736119999, -11.5085996, -11.5102835669999, -11.5080277509999, 
-11.5050939559999, -11.504231466, -11.500541673, -11.5004316019999, -11.500369061, -11.5003031269999, -11.500245394)))"
1100601,Cacaulândia,11,RO,"list(list(c(-62.803890854, -62.796624248, -62.79330956, -62.789477382, -62.7866738449999, -62.783585927, -62.7810339759999, -62.779119422, -62.777222427, -62.7748154479999, -62.7727802189999, -62.7717303829999, -62.769735256, -62.7681495639999, -62.768869042, -62.7671207289999, -62.764896385, -62.7611482119999, -62.7579892329999, -62.757120969, -62.7543649409999, -62.748649969, -62.746788288, -62.74531689, -62.744037025, -62.742785185, -62.741448147, -62.7394000039999, -62.735869837, -62.72858649, 
-62.7264457509999, -62.721170461, -62.717066315, -62.708367632, -62.7042313919999, -62.704618435, -62.702261311, -62.7012587, -62.6990090309999, -62.670774691, -62.693020474, -62.75207502, -62.7633324779999, -62.7884109459999, -62.788172296, -62.78796767, -62.7880542629999, -62.869177045, -62.895891719, -62.9999057619999, -63.075310998, -63.075447182, -63.165023179, -63.1903372009999, -63.2136418419999, -63.213619478, -63.214052571, -63.215479316, -63.216486849, -63.2174847629999, -63.218594079, 
-63.219377652, -63.22268158, -63.225147782, -63.2278162809999, -63.2295086319999, -63.231121223, -63.235260648, -63.2354048079999, -63.23472901, -63.2336796909999, -63.233237318, -63.23325978, -63.233513775, -63.233930471, -63.2339247879999, -63.235875698, -63.2340321369999, -63.2326248159999, -63.232732194, -63.233793216, -63.23984846, -63.2405618819999, -63.2397310209999, -63.240065006, -63.2417004179999, -63.24115161, -63.238432513, -63.2371193549999, -63.236371582, -63.2365640789999, -63.235875955, 
-63.234848132, -63.233538758, -63.232598096, -63.231984452, -63.231570023, -63.232842394, -63.2348734439999, -63.236486286, -63.23773672, -63.2405101859999, -63.243067775, -63.245173859, -63.24700715, -63.246945324, -63.2479849039999, -63.2509565679999, -63.251654645, -63.251848582, -63.2511768479999, -63.2532393049999, -63.2539525, -63.2539585159999, -63.253016478, -63.251649747, -63.25067948, -63.250572464, -63.2502015399999, -63.249591124, -63.2480348989999, -63.247617323, -63.246719409, -63.247069677, 
-63.246791384, -63.244926749, -63.2443197589999, -63.243459492, -63.244291189, -63.2458151169999, -63.24589682, -63.2462179779999, -63.251956045, -63.254376573, -63.2558187289999, -63.2587353339999, -63.2594579189999, -63.259320671, -63.259142495, -63.258786446, -63.257407844, -63.2548182299999, -63.2536772719999, -63.2523419449999, -63.2512610409999, -63.2508138869999, -63.2514570289999, -63.250702614, -63.2513200129999, -63.252263873, -63.2557040289999, -63.258595248, -63.2608768429999, -63.261869366, 
-63.2622317129999, -63.2613482369999, -63.259898376, -63.257426125, -63.257135472, -63.25740036, -63.258786343, -63.2596271459999, -63.259624484, -63.2598978059999, -63.2598389539999, -63.2593526989999, -63.258459041, -63.256986272, -63.256487743, -63.2548225129999, -63.2528979959999, -63.2524555999999, -63.2531190639999, -63.252622189, -63.250757283, -63.246235222, -63.243988881, -63.243342494, -63.242958301, -63.241455308, -63.241671934, -63.241596269, -63.241065655, -63.2390664109999, -63.2389258649999, 
-63.239232194, -63.2397310929999, -63.239681283, -63.2380442889999, -63.23790007, -63.237400462, -63.2374848649999, -63.237284873, -63.236450945, -63.23708769, -63.238312379, -63.239592751, -63.2393177049999, -63.2396243209999, -63.240461152, -63.2421525549999, -63.2434290829999, -63.2445968159999, -63.2444070769999, -63.243510407, -63.241404083, -63.241329818, -63.239589632, -63.2387870489999, -63.2371482829999, -63.233400189, -63.2322866379999, -63.2309297149999, -63.2307345089999, -63.231152642, 
-63.231117039, -63.2307332819999, -63.231536443, -63.236152622, -63.237762828, -63.2386220389999, -63.2386544359999, -63.238312615, -63.2382013649999, -63.2382322989999, -63.236452086, -63.2363131339999, -63.234761084, -63.233704078, -63.2329833789999, -63.231039779, -63.2307052789999, -63.2310134749999, -63.2331228269999, -63.2346200689999, -63.234815226, -63.2342078449999, -63.2319054079999, -63.231728684, -63.2320881149999, -63.2335413639999, -63.234090507, -63.234089534, -63.232839682, -63.2315101849999, 
-63.230513566, -63.2301262569999, -63.2295053169999, -63.22833948, -63.2266250949999, -63.2224826499999, -63.2189554899999, -63.217616585, -63.218063811, -63.2193716529999, -63.2211743709999, -63.2224835969999, -63.223309978, -63.224505492, -63.2248186389999, -63.224347887, -63.2234251039999, -63.2220373729999, -63.2202368909999, -63.218116761, -63.2134154009999, -63.208573535, -63.2082015999999, -63.210395261, -63.214315477, -63.2154292339999, -63.215623699, -63.215307003, -63.213706928, -63.2137556979999, 
-63.2139550159999, -63.213710339, -63.21315616, -63.2128796579999, -63.2112071599999, -63.2099866589999, -63.209424443, -63.2092654429999, -63.1299270389999, -62.9997314179999, -62.900361674, -62.8325018509999, -62.83078727, -62.8304687529999, -62.828562845, -62.822532289, -62.8176753349999, -62.807351457, -62.803890854, -10.1940048379999, -10.198880076, -10.2015998179999, -10.203997145, -10.205261903, -10.205619483, -10.205714201, -10.2068050599999, -10.2083666889999, -10.2099758629999, -10.212649087, 
-10.214967947, -10.2158874889999, -10.2175490659999, -10.2207222539999, -10.221950907, -10.222969561, -10.225478269, -10.228130491, -10.2288600209999, -10.2305321879999, -10.2334410469999, -10.234205026, -10.236836582, -10.240055958, -10.243959615, -10.246133355, -10.2480836599999, -10.2482141479999, -10.245984054, -10.246731277, -10.250461604, -10.2533637769999, -10.2601222579999, -10.263881786, -10.26755626, -10.267548125, -10.2692739999999, -10.2665691709999, -10.2877756189999, -10.326273998, 
-10.4283696679999, -10.4478130729999, -10.4911098349999, -10.4912656879999, -10.4920715769999, -10.4924814289999, -10.4921090739999, -10.491981721, -10.491464659, -10.4918216359999, -10.491822262, -10.492223545, -10.4923323679999, -10.492324328, -10.4919730409999, -10.49114335, -10.4908738409999, -10.490031279, -10.4883154369999, -10.488096996, -10.488263025, -10.487844169, -10.489943968, -10.4890564739999, -10.487889701, -10.4861643019999, -10.4831249659999, -10.4827198019999, -10.480013232, -10.4791492419999, 
-10.4784125489999, -10.477053394, -10.475154385, -10.474694972, -10.473617081, -10.4721750099999, -10.468029032, -10.466158825, -10.4651634409999, -10.464891029, -10.464138922, -10.46266087, -10.4574775759999, -10.4560836329999, -10.452307048, -10.451522487, -10.452236184, -10.452049553, -10.4511804539999, -10.4502808979999, -10.448959935, -10.4488115719999, -10.449303612, -10.4489830489999, -10.4465720529999, -10.4423493679999, -10.4391405059999, -10.437599868, -10.4347484069999, -10.433167549, 
-10.4302320739999, -10.4284254609999, -10.428579678, -10.4281334469999, -10.425626401, -10.425374325, -10.4257547659999, -10.4255713819999, -10.4247200549999, -10.422719, -10.4232504399999, -10.422961237, -10.422273365, -10.4215661319999, -10.421079118, -10.4204360889999, -10.41865111, -10.4169933419999, -10.417297457, -10.4175651529999, -10.416918832, -10.415020644, -10.4072538039999, -10.4064355909999, -10.4061305879999, -10.4056575529999, -10.4034233159999, -10.4034335619999, -10.4028185379999, 
-10.4009236599999, -10.400047279, -10.4012672189999, -10.401556348, -10.4009266629999, -10.396727166, -10.3951873949999, -10.394411631, -10.393395896, -10.391374237, -10.3886047089999, -10.386308158, -10.3844633209999, -10.3837957689999, -10.3828351689999, -10.3812492079999, -10.379276766, -10.3759838579999, -10.3736968869999, -10.373178836, -10.3728023529999, -10.3735078209999, -10.373093694, -10.3723688329999, -10.3707866779999, -10.369920509, -10.3690847359999, -10.3658068069999, -10.364721911, 
-10.364011509, -10.363000417, -10.3611626329999, -10.353419554, -10.3489489889999, -10.345908775, -10.3379248959999, -10.334944965, -10.335211779, -10.337136258, -10.3379694, -10.3377551259999, -10.336661991, -10.335373185, -10.3349407089999, -10.335476721, -10.3376223749999, -10.337025965, -10.3361073689999, -10.3355618219999, -10.3326034209999, -10.331616627, -10.3292966109999, -10.3277486269999, -10.3246523679999, -10.322111777, -10.320385608, -10.3189335539999, -10.316712827, -10.314747704, -10.311768674, 
-10.3092203429999, -10.304819223, -10.3032654339999, -10.3018947519999, -10.300905053, -10.3005918559999, -10.29971798, -10.298127017, -10.296127564, -10.2940828009999, -10.292184544, -10.291024998, -10.2888039149999, -10.2863531649999, -10.285082504, -10.2850712879999, -10.285079229, -10.2852652989999, -10.285645159, -10.2855082139999, -10.2838238569999, -10.284157081, -10.284288151, -10.2835478559999, -10.280331443, -10.278554168, -10.2766446699999, -10.2750679959999, -10.272097089, -10.271604342, 
-10.2703833699999, -10.268589036, -10.2665828319999, -10.265933074, -10.2629643019999, -10.259235437, -10.2582309809999, -10.2572751349999, -10.256134786, -10.25484655, -10.2533961259999, -10.251322671, -10.247803927, -10.2454565219999, -10.2433808399999, -10.2410255019999, -10.2399252029999, -10.2373745839999, -10.2360112259999, -10.2349034739999, -10.2339803339999, -10.2324894729999, -10.2312658899999, -10.2280766249999, -10.2235301869999, -10.22191556, -10.220184742, -10.2192732249999, -10.2186823979999, 
-10.218192639, -10.2160308109999, -10.213171104, -10.210171655, -10.2082477659999, -10.207034066, -10.2059467899999, -10.205410081, -10.2035265479999, -10.201495176, -10.199985027, -10.197638415, -10.196326184, -10.1953832819999, -10.195350405, -10.1956604749999, -10.1957128539999, -10.1960522239999, -10.194937142, -10.192784203, -10.1907296899999, -10.189466081, -10.187701091, -10.185529639, -10.1804642299999, -10.178016428, -10.1767327329999, -10.1755015759999, -10.1745853839999, -10.1709899379999, 
-10.1691258649999, -10.1685282739999, -10.167774843, -10.1670111069999, -10.167087637, -10.167171448, -10.1673431589999, -10.167445099, -10.174560178, -10.174827058, -10.1764183669999, -10.1801179239999, -10.1833767079999, -10.1911185099999, -10.1940048379999)))"
1100700,Campo Novo De Rondônia,11,RO,"list(list(c(-63.98740693, -63.986038607, -63.9850723769999, -63.984261547, -63.97940109, -63.9743738059999, -63.9719585409999, -63.970123395, -63.968683983, -63.966711642, -63.966099217, -63.9657412009999, -63.9651507809999, -63.9639593209999, -63.961208286, -63.958711694, -63.9542402489999, -63.952903837, -63.951122668, -63.9500405149999, -63.948707919, -63.947602292, -63.9475977179999, -63.947187044, -63.944688038, -63.9381609429999, -63.936908602, -63.9353442759999, -63.9330136519999, -63.9314546049999, 
-63.930972264, -63.93037449, -63.9298489779999, -63.930345558, -63.9306081849999, -63.931808103, -63.932236872, -63.9314551249999, -63.930682921, -63.929350641, -63.9288465109999, -63.9267447139999, -63.9260986109999, -63.9261844139999, -63.9240866049999, -63.92014684, -63.915595044, -63.9119340559999, -63.9109821089999, -63.910242068, -63.909044318, -63.906739349, -63.905484239, -63.903296031, -63.902210746, -63.900740665, -63.899515843, -63.89810138, -63.8966222409999, -63.894851682, -63.894465635, 
-63.894745592, -63.8957572669999, -63.8958762039999, -63.8979836439999, -63.8997672689999, -63.9007970339999, -63.9012112949999, -63.901178137, -63.8985725439999, -63.897602128, -63.897511911, -63.897708231, -63.898125216, -63.8984633999999, -63.89846075, -63.8977291469999, -63.895516645, -63.895155755, -63.895376157, -63.8969895589999, -63.898205724, -63.900462052, -63.853618454, -63.85206633, -63.850794167, -63.8500733109999, -63.848404688, -63.845684474, -63.844297653, -63.8416006709999, -63.8404574279999, 
-63.839157072, -63.8339029079999, -63.82640266, -63.823516091, -63.8197910749999, -63.814235711, -63.814038452, -63.814740281, -63.8145181249999, -63.813102209, -63.811875018, -63.810564361, -63.8083427619999, -63.807343932, -63.807068483, -63.806207186, -63.8038742509999, -63.8011806589999, -63.796683903, -63.791874013, -63.788545565, -63.7832371169999, -63.7810988209999, -63.7795176129999, -63.7757239719999, -63.772016612, -63.7710693659999, -63.768207981, -63.764270484, -63.7624622009999, -63.7616741809999, 
-63.7609572819999, -63.761455804, -63.7622679409999, -63.7629070089999, -63.762901043, -63.762625003, -63.763319376, -63.7634060619999, -63.762293551, -63.760542691, -63.757593511, -63.7560669599999, -63.7547110979999, -63.750379502, -63.747485934, -63.7460364989999, -63.7447888039999, -63.743289292, -63.741292386, -63.740569774, -63.740459243, -63.740233988, -63.7398683389999, -63.739269727, -63.7384041379999, -63.7372383589999, -63.73467969, -63.731041802, -63.730637397, -63.730046406, -63.729907612, 
-63.7319089729999, -63.732649414, -63.732099177, -63.732985086, -63.7324828289999, -63.7310983069999, -63.7306807539999, -63.7304843539999, -63.729071319, -63.7290694689999, -63.7294066749999, -63.729622636, -63.7281525279999, -63.728899323, -63.729042088, -63.728925964, -63.727437336, -63.7261208379999, -63.724039079, -63.721650258, -63.7199292279999, -63.7182911559999, -63.715823825, -63.715519032, -63.714649201, -63.7134831879999, -63.711927395, -63.7094894059999, -63.7082950239999, -63.704376703, 
-63.7028162059999, -63.700766393, -63.700303838, -63.700015746, -63.698121337, -63.52430475, -63.5219234299999, -63.518479932, -63.5157885979999, -63.512119813, -63.504906403, -63.5005420839999, -63.499864287, -63.4943988139999, -63.4902657439999, -63.487683745, -63.485899025, -63.4810999609999, -63.477233588, -63.472987244, -63.4705684549999, -63.4693422699999, -63.4690684649999, -63.4689856259999, -63.4705405599999, -63.4731210449999, -63.4723435329999, -63.471901767, -63.46837455, -63.4659295649999, 
-63.460935591, -63.462285968, -63.463348569, -63.462455462, -63.4633451749999, -63.468070922, -63.471788279, -63.4736210149999, -63.474979761, -63.475739813, -63.4771226839999, -63.471510122, -63.4695974759999, -63.471627957, -63.473115902, -63.473348938, -63.470235847, -63.4691513279999, -63.46909305, -63.4666545349999, -63.4635399859999, -63.462675426, -63.459628977, -63.4527075, -63.445651752, -63.4458990959999, -63.4466507739999, -63.443411553, -63.442788773, -63.442815564, -63.444844355, -63.4492911569999, 
-63.45404418, -63.4567094299999, -63.4590964529999, -63.464062496, -63.4661425119999, -63.4745734569999, -63.4811503009999, -63.4866494239999, -63.491068716, -63.4911527899999, -63.487565606, -63.4862880859999, -63.4942872359999, -63.4957934289999, -63.496257424, -63.4972951369999, -63.4993143509999, -63.5005407479999, -63.503710429, -63.5097369499999, -63.513321317, -63.5134021369999, -63.51034386, -63.5071772029999, -63.5046246819999, -63.5013478939999, -63.497329029, -63.493148857, -63.489963194, 
-63.486986094, -63.487125921, -63.489094377, -63.491259417, -63.4947639199999, -63.496594511, -63.498679527, -63.5015950069999, -63.506649785, -63.510626056, -63.516485938, -63.521794964, -63.5259807209999, -63.5291749749999, -63.532928704, -63.533876573, -63.5328217599999, -63.5301493659999, -63.529099625, -63.5306276959999, -63.531484708, -63.529730179, -63.529127908, -63.5299589469999, -63.531766765, -63.535593027, -63.536768894, -63.538536248, -63.5395703849999, -63.540625234, -63.5407880449999, 
-63.5392897759999, -63.538433493, -63.537742247, -63.5374013999999, -63.537155217, -63.537268749, -63.5370160139999, -63.5363152649999, -63.536037595, -63.5364557249999, -63.535460933, -63.534986944, -63.5331815819999, -63.5324894579999, -63.5328435409999, -63.535292733, -63.536490769, -63.53859383, -63.5397909859999, -63.540709315, -63.5441953139999, -63.546375796, -63.5476519919999, -63.549124993, -63.5523609399999, -63.554297245, -63.556258347, -63.557011517, -63.5573245259999, -63.5569532549999, 
-63.555288224, -63.554319299, -63.5535106919999, -63.5526516629999, -63.5509501779999, -63.5493770249999, -63.547736479, -63.547676796, -63.548150346, -63.549263573, -63.550399665, -63.5513253909999, -63.553413786, -63.557321031, -63.5583175769999, -63.558429081, -63.557982254, -63.5574253139999, -63.5565955059999, -63.5559397049999, -63.5555189139999, -63.554174631, -63.55171202, -63.5511544699999, -63.549849682, -63.5482680239999, -63.547956137, -63.547875436, -63.546956661, -63.5465726689999, 
-63.5456767669999, -63.543406079, -63.541565189, -63.5400097479999, -63.538971162, -63.537321494, -63.5362118079999, -63.535292324, -63.5324308899999, -63.5314037479999, -63.529489626, -63.529264271, -63.529270692, -63.530041709, -63.53174167, -63.5334863569999, -63.535481411, -63.5361852469999, -63.538018283, -63.5384563539999, -63.538653725, -63.5378801769999, -63.5376837359999, -63.5367914389999, -63.536872978, -63.5392312389999, -63.541122588, -63.5431842039999, -63.544096838, -63.5474881389999, 
-63.548513125, -63.548682729, -63.548517423, -63.547837833, -63.545562255, -63.544845374, -63.5438218859999, -63.5437573449999, -63.5446481479999, -63.545488081, -63.5467328109999, -63.5502078909999, -63.55079231, -63.5518185829999, -63.552402854, -63.5535427729999, -63.555405287, -63.557350736, -63.558542285, -63.560677794, -63.5614560829999, -63.561709588, -63.5615119079999, -63.560546533, -63.5591314569999, -63.5593695789999, -63.5601058609999, -63.5606563159999, -63.562181751, -63.5624298639999, 
-63.562431787, -63.562127311, -63.561680041, -63.5606596549999, -63.5586537139999, -63.557988998, -63.556413832, -63.55568825, -63.5550456569999, -63.554899394, -63.5548694029999, -63.5550488679999, -63.557184603, -63.5577604229999, -63.558120554, -63.558261061, -63.558063663, -63.5577089899999, -63.555462646, -63.555036967, -63.5538145829999, -63.553571206, -63.551873101, -63.551404827, -63.550401367, -63.550124715, -63.5502108789999, -63.5512071569999, -63.551850295, -63.553430392, -63.5552042369999, 
-63.5563219629999, -63.5571808959999, -63.5574234459999, -63.555842054, -63.5558176079999, -63.555766631, -63.5553441989999, -63.5544840159999, -63.553151608, -63.552317504, -63.552124087, -63.552244415, -63.5535461419999, -63.5550425549999, -63.5605425489999, -63.563628477, -63.5657456169999, -63.5673731099999, -63.5695414409999, -63.5705420419999, -63.572286793, -63.573873273, -63.5777615929999, -63.579567906, -63.5804318029999, -63.5805695, -63.5797650859999, -63.578876021, -63.5784844729999, 
-63.5790136649999, -63.582294899, -63.5822674839999, -63.581318958, -63.5807658809999, -63.580123106, -63.5811499599999, -63.5835685139999, -63.584425681, -63.585487258, -63.5861229619999, -63.58603878, -63.585534606, -63.584595291, -63.584071373, -63.583680297, -63.5826492959999, -63.580126793, -63.577427832, -63.5765189419999, -63.57562125, -63.574985457, -63.574507926, -63.5740099079999, -63.5741005689999, -63.574041876, -63.5736542209999, -63.5728769699999, -63.570128116, -63.5682322329999, -63.567233114, 
-63.56671017, -63.5671241959999, -63.5689555239999, -63.569733545, -63.570236434, -63.571735939, -63.5727370059999, -63.5733468339999, -63.573767139, -63.57437246, -63.5754603889999, -63.576081526, -63.576357287, -63.576928309, -63.577232385, -63.5775915639999, -63.5780293959999, -63.57795706, -63.5770729939999, -63.5809587619999, -63.5830564219999, -63.584346095, -63.5878463439999, -63.5936179819999, -63.594878018, -63.596513597, -63.5980621539999, -63.60909428, -63.6104282729999, -63.6127921389999, 
-63.613755783, -63.6155689119999, -63.6159424699999, -63.618483072, -63.620046206, -63.621595021, -63.622961558, -63.6244455069999, -63.6273949549999, -63.636098179, -63.640439356, -63.642149203, -63.644614405, -63.6476837629999, -63.649044064, -63.654170124, -63.656805116, -63.658577005, -63.6658733119999, -63.668621554, -63.669989834, -63.6721347589999, -63.673650809, -63.677043241, -63.679099798, -63.680133528, -63.6845681569999, -63.6855829969999, -63.687951456, -63.6889006379999, -63.6899056649999, 
-63.6936830429999, -63.6967491819999, -63.6987659999999, -63.699765803, -63.700737467, -63.703714127, -63.7060515639999, -63.706739259, -63.707788778, -63.711710966, -63.7126292419999, -63.713542548, -63.7156771969999, -63.7178247699999, -63.719179268, -63.721793598, -63.728617341, -63.7297404569999, -63.730655294, -63.731878496, -63.7341240389999, -63.734966464, -63.7360167859999, -63.7383494269999, -63.7415825209999, -63.742492413, -63.742962483, -63.743124187, -63.7436535039999, -63.74409546, 
-63.745072843, -63.746620994, -63.747183771, -63.7488252759999, -63.749350927, -63.751658784, -63.755484392, -63.757895171, -63.759039139, -63.7603231499999, -63.762794054, -63.7635166879999, -63.7656730369999, -63.7668766469999, -63.7678474539999, -63.7685469119999, -63.7688180279999, -63.769294449, -63.770156195, -63.771736668, -63.7729888479999, -63.7748244699999, -63.7775489139999, -63.778820256, -63.780288683, -63.781631567, -63.7823717319999, -63.783293207, -63.78404499, -63.7849279009999, 
-63.7854065639999, -63.785152517, -63.78518474, -63.7869283949999, -63.7937354109999, -63.794683594, -63.7967695419999, -63.7986776209999, -63.799849184, -63.8008501109999, -63.802016487, -63.80712595, -63.810545303, -63.8114056399999, -63.8125413059999, -63.813516421, -63.815566674, -63.816765675, -63.819266582, -63.821615407, -63.822687732, -63.8261236819999, -63.826910698, -63.82843467, -63.8295960929999, -63.831356003, -63.8336796519999, -63.834826644, -63.837075267, -63.8378811869999, -63.837740329, 
-63.8372698, -63.837128348, -63.837742088, -63.83846429, -63.8386806019999, -63.8387386109999, -63.8407987029999, -63.843711423, -63.848678607, -63.8504297969999, -63.851014772, -63.851377097, -63.8518476399999, -63.85282745, -63.8535394669999, -63.85302048, -63.853154349, -63.8536309139999, -63.8545408099999, -63.8548514549999, -63.8561018409999, -63.8562367009999, -63.857263605, -63.8588758419999, -63.859296742, -63.860040611, -63.8609582059999, -63.8620187549999, -63.8631573759999, -63.863015089, 
-63.863363008, -63.866817312, -63.867572163, -63.8695744989999, -63.871518379, -63.871355821, -63.8721841969999, -63.873154099, -63.876137132, -63.877123538, -63.8779627359999, -63.877987947, -63.878879204, -63.8820667099999, -63.882268916, -63.881993077, -63.882128264, -63.8818786909999, -63.88187506, -63.882184533, -63.882703432, -63.884597941, -63.885626528, -63.88673661, -63.8884586559999, -63.8915426629999, -63.8935697919999, -63.8987926359999, -63.8991312719999, -63.899292763, -63.898937265, 
-63.898124638, -63.8973531619999, -63.896983705, -63.897326025, -63.8986255189999, -63.8992698019999, -63.899290359, -63.898400491, -63.8974114879999, -63.896632548, -63.896154885, -63.8968790129999, -63.897984508, -63.89968434, -63.899686524, -63.899434733, -63.8990161409999, -63.8971883379999, -63.896513844, -63.896930232, -63.898740881, -63.899322659, -63.9006028969999, -63.900792338, -63.900661514, -63.9012629369999, -63.903713234, -63.902792101, -63.9027967819999, -63.9014914309999, -63.902126609, 
-63.90226618, -63.902706484, -63.903573626, -63.905266578, -63.905573239, -63.905627085, -63.905825864, -63.906515952, -63.907350498, -63.912991463, -63.913124036, -63.912989689, -63.9131577209999, -63.91360169, -63.913767038, -63.914233082, -63.9154037199999, -63.916184033, -63.918261421, -63.9202879239999, -63.921294145, -63.921596143, -63.92207254, -63.923122185, -63.9241790129999, -63.925291505, -63.925681696, -63.926678456, -63.927684484, -63.928794543, -63.929765114, -63.931100081, -63.9329019629999, 
-63.933042899, -63.932909753, -63.932603889, -63.9312952239999, -63.930327028, -63.929788004, -63.9295503719999, -63.929125853, -63.9276880089999, -63.927149817, -63.927154633, -63.927462055, -63.9281241979999, -63.929629483, -63.9307670089999, -63.9308001939999, -63.929654337, -63.929517177, -63.9296570899999, -63.93046192, -63.93120984, -63.932123475, -63.9329890629999, -63.933855503, -63.93448726, -63.934901537, -63.934770621, -63.9354599289999, -63.938430916, -63.9394898609999, -63.940409093, 
-63.9425971529999, -63.9445393999999, -63.947493164, -63.947988153, -63.9489050769999, -63.9501020649999, -63.953185178, -63.955488816, -63.956600869, -63.95646153, -63.9558459389999, -63.954378129, -63.954659078, -63.955154967, -63.95601371, -63.9570161049999, -63.958072026, -63.959133462, -63.960132912, -63.9619861279999, -63.9648210779999, -63.9692960529999, -63.9741695879999, -63.978158379, -63.979372198, -63.979739643, -63.9792151659999, -63.977403272, -63.977126516, -63.977512329, -63.9785464429999, 
-63.9795488559999, -63.980486, -63.9813425689999, -63.983214334, -63.983569979, -63.983711995, -63.983542601, -63.9837155, -63.984018444, -63.98419948, -63.984683461, -63.984695275, -63.9855736, -63.986151935, -63.9870115199999, -63.9878242639999, -63.9882632329999, -63.9882417279999, -63.987215827, -63.986958398, -63.987123623, -63.9869621459999, -63.985292053, -63.9855181629999, -63.986925146, -63.987959695, -63.9886537929999, -63.9895149429999, -63.9908191419999, -63.991872719, -63.992270767, 
-63.992184749, -63.991129499, -63.989100759, -63.9889048309999, -63.9890412779999, -63.9904344939999, -63.9926065289999, -63.994406103, -63.996459827, -63.99854887, -64.0005412239999, -64.003436598, -64.004185213, -64.00473615, -64.0054092399999, -64.006675421, -64.008378855, -64.010180614, -64.0122354689999, -64.012348607, -64.0119050049999, -64.011875223, -64.0134485999999, -64.016122664, -64.016679738, -64.01690243, -64.016354145, -64.01549104, -64.0154032609999, -64.015601049, -64.014958089, 
-64.014794829, -64.0152412019999, -64.0147678929999, -64.0140965099999, -64.012374639, -64.010817678, -64.0102697149999, -64.007966955, -64.0076541689999, -64.007486972, -64.00784898, -64.00898023, -64.009625619, -64.009930395, -64.009910072, -64.009631239, -64.008877126, -64.007963447, -64.005849171, -64.005124527, -64.0045752819999, -64.0020966829999, -64.0012100479999, -64.00054511, -63.9987634399999, -63.998320894, -63.997185306, -63.99465183, -63.9938793739999, -63.9922382669999, -63.987908293, 
-63.986348366, -63.9847636679999, -63.983763505, -63.981626642, -63.9805441809999, -63.979602169, -63.979879059, -63.9803272379999, -63.981101603, -63.9820711949999, -63.9842087489999, -63.9850167609999, -63.98598821, -63.987097002, -63.988236656, -63.9887967429999, -63.989039563, -63.988851873, -63.988237855, -63.985937492, -63.984926489, -63.984371164, -63.98396202, -63.98359841, -63.982793538, -63.980546851, -63.9794866049999, -63.9785975239999, -63.9767105779999, -63.97584965, -63.975704466, 
-63.975184877, -63.9744091489999, -63.9735158879999, -63.972602813, -63.972012875, -63.9715987859999, -63.9703182149999, -63.969126525, -63.969069614, -63.969599469, -63.972605002, -63.9732409929999, -63.974491339, -63.975296317, -63.9756851029999, -63.9758209139999, -63.976291285, -63.976961863, -63.9778976929999, -63.9835441659999, -63.986706931, -63.988685956, -63.989260695, -63.989934883, -63.990957126, -63.991657658, -63.9923766789999, -63.99302023, -63.997956878, -64.0005425809999, -64.002153798, 
-64.0045990729999, -64.007817743, -64.008963223, -64.009488092, -64.008184688, -64.009178079, -64.008518707, -64.013207343, -64.0149052359999, -64.01817971, -64.019822127, -64.0219061909999, -64.0240767719999, -64.0264588859999, -64.0266005069999, -64.028739212, -64.0314372009999, -64.035010176, -64.038324287, -64.0402928, -64.041128809, -64.0442932009999, -64.0467095299999, -64.047292951, -64.0520457809999, -64.0534915579999, -64.054985112, -64.056460893, -64.0594557499999, -64.06290168, -64.0742667659999, 
-64.076519924, -64.0792909959999, -64.07982592, -64.084180702, -64.087186042, -64.0861242709999, -64.088856676, -64.093182759, -64.0932658519999, -64.095800817, -64.100844099, -64.107765866, -64.109046487, -64.109379245, -64.113660165, -64.11826544, -64.121399386, -64.1253833389999, -64.1268241239999, -64.126242807, -64.128795768, -64.1305771519999, -64.134125282, -64.138153027, -64.1394364969999, -64.137347746, -64.1364606339999, -64.1397905839999, -64.1430968619999, -64.145294476, -64.145961846, 
-64.145435237, -64.14604192, -64.1486031869999, -64.150710367, -64.151574758, -64.154822446, -64.154375062, -64.154657162, -64.15552139, -64.158238508, -64.160125483, -64.162293731, -64.1650969529999, -64.166319228, -64.167881305, -64.168681212, -64.1713243149999, -64.1725747469999, -64.1734896679999, -64.175382155, -64.1775198779999, -64.1807103569999, -64.1824084149999, -64.185294602, -64.183930199, -64.1837107629999, -64.185571355, -64.18390541, -64.186436938, -64.1861294779999, -64.1885972189999, 
-64.190214326, -64.190603065, -64.1941030599999, -64.1953471679999, -64.195405781, -64.1949339339999, -64.197991342, -64.1989926999999, -64.199263795, -64.2022957719999, -64.205542543, -64.205686913, -64.209652675, -64.213875542, -64.21709442, -64.2192154759999, -64.219683015, -64.2212387719999, -64.222679916, -64.2211612899999, -64.2213815319999, -64.2220183479999, -64.2216831149999, -64.220351426, -64.219403683, -64.218544975, -64.2200751249999, -64.2212368429999, -64.220517823, -64.224154732, 
-64.224016765, -64.224987762, -64.2217989319999, -64.2221846899999, -64.220048787, -64.217126831, -64.212929584, -64.2101253159999, -64.205763236, -64.205269577, -64.2033478279999, -64.200269483, -64.20159969, -64.198823214, -64.197215551, -64.196989918, -64.193022679, -64.1911015649999, -64.192766956, -64.1940180969999, -64.1968738349999, -64.19687592, -64.196569171, -64.1970732609999, -64.202124843, -64.202905498, -64.2032659869999, -64.202629972, -64.2047116649999, -64.20579653, -64.2042645339999, 
-64.2040142489999, -64.204377396, -64.203237847, -64.2013477939999, -64.202213511, -64.2034848929999, -64.201433379, -64.201544965, -64.2021805319999, -64.204295202, -64.2084895409999, -64.212623828, -64.2110980919999, -64.2120136279999, -64.211453711, -64.2100983509999, -64.211318289, -64.2091817449999, -64.2076276089999, -64.2063198979999, -64.204712342, -64.2029848899999, -64.1992373049999, -64.195713542, -64.194684089, -64.193989963, -64.1935255309999, -64.192880659, -64.191839236, -64.1903480239999, 
-64.189237867, -64.1881023299999, -64.18662965, -64.1855701469999, -64.1844082969999, -64.1830712969999, -64.1803766189999, -64.178540595, -64.1769042849999, -64.175708157, -64.172991215, -64.1710471179999, -64.1668165959999, -64.164792724, -64.1629868049999, -64.160182134, -64.1569337479999, -64.155514937, -64.1547950889999, -64.154180157, -64.153548746, -64.1530125149999, -64.1500903349999, -64.1488180979999, -64.147266447, -64.145289194, -64.139737459, -64.137267357, -64.135916123, -64.133430081, 
-64.128269652, -64.127518477, -64.127100199, -64.126991517, -64.126318961, -64.12215206, -64.11811373, -64.114762855, -64.112267894, -64.1107419359999, -64.1095456799999, -64.1082929839999, -64.1073207729999, -64.10599004, -64.1040380259999, -64.1026255099999, -64.099726541, -64.098737977, -64.096397748, -64.095209752, -64.0941227219999, -64.092491549, -64.0918718159999, -64.061768226, -64.0612656449999, -64.061123105, -64.0599625, -64.057769775, -64.0562622289999, -64.053545442, -64.0529031559999, 
-64.0520487539999, -64.05056565, -64.04401358, -64.042101362, -64.041273736, -64.0410448789999, -64.0391879279999, -64.0387150449999, -64.037812901, -64.03761225, -64.036110768, -64.0351832819999, -64.0317940389999, -64.0304287, -64.028890355, -64.028482879, -64.027985934, -64.0276575289999, -64.0270096719999, -64.0255687629999, -64.022704363, -64.0208499079999, -64.019795008, -64.017873223, -64.016694887, -64.01587671, -64.0141398489999, -64.009574975, -64.0071389319999, -64.0054082609999, -64.0037629959999, 
-64.003264889, -64.0032379819999, -64.003510809, -64.0059363989999, -64.006738634, -64.0069336119999, -64.0061519829999, -64.003872496, -64.002875309, -64.0020957, -64.0012069819999, -64.000511897, -63.9979037989999, -63.991290104, -63.989181935, -63.98740693, -10.204011495, -10.2044012549999, -10.2043956229999, -10.2048015509999, -10.2123416439999, -10.218123827, -10.2214866319999, -10.2228870279999, -10.224472486, -10.22624338, -10.227673775, -10.229614386, -10.231453265, -10.2333156289999, -10.2341099289999, 
-10.2342850529999, -10.2326727119999, -10.233123028, -10.235110158, -10.236937173, -10.2387860069999, -10.2419562189999, -10.243000206, -10.24442994, -10.246851501, -10.2498000949999, -10.2506606369999, -10.25228653, -10.2563469069999, -10.258141153, -10.259012789, -10.260093023, -10.26489513, -10.2669750929999, -10.269397297, -10.273391382, -10.276011809, -10.2775767469999, -10.2783150169999, -10.2786119849999, -10.2785835229999, -10.2778214659999, -10.278040657, -10.279313767, -10.281111901, -10.2827721799999, 
-10.285241674, -10.2867080939999, -10.287279738, -10.289272307, -10.2912608609999, -10.29437227, -10.295120681, -10.29582235, -10.2958443859999, -10.2955677659999, -10.295016279, -10.2949974049999, -10.295361166, -10.297376842, -10.298314804, -10.3013750979999, -10.3052781239999, -10.3067625379999, -10.3095519, -10.3104421999999, -10.311554062, -10.313075001, -10.315295047, -10.3182882249999, -10.3200132699999, -10.3229135359999, -10.325948681, -10.3281319619999, -10.3299021589999, -10.3327088369999, 
-10.3346478039999, -10.3413202859999, -10.343455794, -10.346178182, -10.3517532519999, -10.3547039899999, -10.361331107, -10.3565350829999, -10.357403157, -10.358777276, -10.36025246, -10.361772308, -10.3621593609999, -10.36157792, -10.358672107, -10.3568607689999, -10.355890564, -10.355208003, -10.352905794, -10.3518057479999, -10.346316725, -10.3398676859999, -10.3388204399999, -10.3337876909999, -10.331974279, -10.3299309239999, -10.3292462889999, -10.329133987, -10.329947891, -10.3292920559999, 
-10.328604726, -10.327614802, -10.3269721629999, -10.325837329, -10.3245539859999, -10.325555823, -10.326875392, -10.3295232349999, -10.330315799, -10.3306074339999, -10.328613366, -10.3261912169999, -10.3259269669999, -10.32673123, -10.3266828459999, -10.3261650959999, -10.325235173, -10.3230098839999, -10.317338666, -10.314612049, -10.3110780919999, -10.3079486519999, -10.3055032999999, -10.3029238179999, -10.299834436, -10.2966567619999, -10.2953335509999, -10.2918010429999, -10.2908465909999, 
-10.2903891949999, -10.292078697, -10.291602714, -10.2907779029999, -10.2896839749999, -10.2887749989999, -10.2885559579999, -10.2879601719999, -10.2873694209999, -10.28700957, -10.286425436, -10.285468297, -10.285003392, -10.2836028119999, -10.2823754959999, -10.283402864, -10.282404251, -10.280184714, -10.278057035, -10.2736628819999, -10.270757281, -10.2683759869999, -10.26595132, -10.263584658, -10.262724717, -10.261681874, -10.257829961, -10.2562804499999, -10.2558648499999, -10.25501288, -10.253160145, 
-10.2513571929999, -10.247436385, -10.245340525, -10.2453653579999, -10.2456875729999, -10.246795881, -10.247696639, -10.2483825649999, -10.2485127079999, -10.249320982, -10.25009751, -10.2479666029999, -10.246733634, -10.246500394, -10.2466880599999, -10.247527896, -10.247679037, -10.246169159, -10.244716491, -10.24514254, -10.245454088, -10.245648107, -10.249084657, -10.2496429129999, -10.252227618, -10.25523306, -10.256804874, -10.2586396659999, -10.2592782669999, -10.261187544, -10.2616971079999, 
-10.2657998699999, -10.267142842, -10.268742717, -10.270161606, -10.269372681, -10.2683488119999, -10.268051675, -10.270497431, -10.2731837589999, -10.2743145309999, -10.2746578889999, -10.2790233649999, -10.2819560659999, -10.2857719899999, -10.2893631239999, -10.2981329359999, -10.302713864, -10.3079379539999, -10.3115309909999, -10.314998426, -10.317792239, -10.321551186, -10.321031525, -10.322236927, -10.3263959769999, -10.3302821969999, -10.334545458, -10.33738214, -10.340239661, -10.345559674, 
-10.349901254, -10.351164812, -10.3529780379999, -10.3565102929999, -10.3577405509999, -10.361848212, -10.3648825069999, -10.369936817, -10.3734520749999, -10.375630242, -10.374893152, -10.3760272269999, -10.3832318409999, -10.386361985, -10.3917415479999, -10.3927763909999, -10.399989262, -10.4030188829999, -10.40326441, -10.404447153, -10.402317357, -10.397585626, -10.398294328, -10.399456599, -10.4041700229999, -10.403585296, -10.401424438, -10.4010364749999, -10.403524241, -10.4045055729999, 
-10.4081836759999, -10.414921458, -10.421126956, -10.4255751859999, -10.430167242, -10.4325821419999, -10.433214673, -10.4314526409999, -10.4301270869999, -10.430777788, -10.434934476, -10.439762657, -10.4440969449999, -10.4466174659999, -10.4458122869999, -10.444555803, -10.450054348, -10.456608224, -10.4584888169999, -10.462484309, -10.4697267569999, -10.473869726, -10.474639521, -10.469050955, -10.467045646, -10.4637547589999, -10.466237144, -10.4635683439999, -10.460344265, -10.460634064, -10.4646276449999, 
-10.4649680319999, -10.4649295259999, -10.4675164399999, -10.471213812, -10.47378272, -10.476429551, -10.4821497349999, -10.486258293, -10.4892526469999, -10.4913240349999, -10.4926060239999, -10.4953896749999, -10.5003446499999, -10.501544075, -10.503014218, -10.5036198779999, -10.5052191, -10.506403899, -10.507840549, -10.5082568349999, -10.508867244, -10.509725181, -10.5126954259999, -10.5136460899999, -10.514958355, -10.51567526, -10.5176281609999, -10.521712124, -10.524973246, -10.525869961, 
-10.5266303929999, -10.527301548, -10.528433391, -10.530189309, -10.530475896, -10.530501762, -10.530376941, -10.5300738819999, -10.529747147, -10.5297349669999, -10.5302422879999, -10.530582218, -10.5308857439999, -10.53133947, -10.532208304, -10.532855184, -10.53380877, -10.5348023669999, -10.536547535, -10.537104701, -10.5378498529999, -10.538178857, -10.539281687, -10.5407492699999, -10.5435476939999, -10.5445382849999, -10.5453630659999, -10.546152725, -10.5465900789999, -10.5474049429999, -10.5488348249999, 
-10.5510501899999, -10.553109586, -10.5540182979999, -10.556164484, -10.557886499, -10.5588313399999, -10.5599039599999, -10.560949935, -10.562750797, -10.565215099, -10.5663901079999, -10.567963138, -10.5705368239999, -10.571440352, -10.576707227, -10.579928697, -10.5818606929999, -10.5836179009999, -10.586141752, -10.5871472119999, -10.5882771199999, -10.588656205, -10.589784467, -10.5902290389999, -10.590352888, -10.58950392, -10.589488176, -10.589876422, -10.5908291769999, -10.5917973259999, 
-10.5938305779999, -10.5963055149999, -10.5972538519999, -10.597611908, -10.598398551, -10.601149648, -10.6021200369999, -10.603169912, -10.605243924, -10.606271668, -10.6085536169999, -10.6105476179999, -10.612576098, -10.613385148, -10.6135286659999, -10.613125608, -10.6125786769999, -10.6129317099999, -10.6139975499999, -10.615404521, -10.6175265819999, -10.621499234, -10.62339397, -10.6254246339999, -10.6266037089999, -10.628478796, -10.6290515369999, -10.6305491889999, -10.633191794, -10.634041689, 
-10.6349568419999, -10.6357433699999, -10.637743855, -10.639402222, -10.6404690739999, -10.640618864, -10.6413319239999, -10.6419769239999, -10.645065949, -10.6472404499999, -10.6493398989999, -10.650863901, -10.6517768119999, -10.652422168, -10.653148079, -10.656030127, -10.6569400459999, -10.657843104, -10.660108285, -10.6620493669999, -10.66367843, -10.663862934, -10.664562095, -10.6691903649999, -10.669989538, -10.671013779, -10.672147107, -10.6740970709999, -10.6750617269999, -10.677222122, 
-10.678169456, -10.6791786249999, -10.6804148479999, -10.682302918, -10.683206044, -10.686817669, -10.687905003, -10.6899721839999, -10.690924617, -10.694492974, -10.696461552, -10.698858608, -10.7004367669999, -10.7029329979999, -10.70525893, -10.706220279, -10.7076004029999, -10.7084838109999, -10.7088346379999, -10.7093887289999, -10.710579916, -10.7178894529999, -10.7193707319999, -10.7224690049999, -10.7235991219999, -10.7241338599999, -10.724255422, -10.7250651329999, -10.726149055, -10.727349311, 
-10.72943477, -10.7307646659999, -10.7314653699999, -10.733509994, -10.736527234, -10.737718268, -10.738341356, -10.73816729, -10.7366855719999, -10.734799954, -10.73166648, -10.7309146589999, -10.7313613679999, -10.733650576, -10.7374060349999, -10.7390741399999, -10.7445937919999, -10.7480017419999, -10.753667482, -10.755936719, -10.7565982989999, -10.757642265, -10.7624449689999, -10.764268923, -10.7663904269999, -10.766850629, -10.767180555, -10.7678670239999, -10.768955595, -10.7699258019999, 
-10.7730259759999, -10.7783345879999, -10.779322775, -10.7811264929999, -10.782918637, -10.7860609919999, -10.786590255, -10.7873556589999, -10.7880720209999, -10.7889602459999, -10.790782541, -10.796398277, -10.7974816499999, -10.7985197429999, -10.7991039089999, -10.7995707029999, -10.800076582, -10.8005604309999, -10.801344763, -10.8023057409999, -10.804960944, -10.805802807, -10.8066521799999, -10.808054721, -10.8098624589999, -10.810593426, -10.811777276, -10.8126529419999, -10.8155145819999, 
-10.8164548949999, -10.817352231, -10.818212865, -10.819079881, -10.8207242629999, -10.825336094, -10.827646022, -10.831576416, -10.829521739, -10.8282286339999, -10.8278455329999, -10.826239033, -10.8243933019999, -10.824142266, -10.824160791, -10.824318505, -10.8263907519999, -10.8269029849999, -10.82842754, -10.829286639, -10.8325448619999, -10.8338878729999, -10.8388484429999, -10.840164609, -10.8406674359999, -10.8413909069999, -10.8417261769999, -10.841739654, -10.839836619, -10.83789766, -10.837295273, 
-10.83699166, -10.83714939, -10.837508877, -10.8383114159999, -10.838476219, -10.838321514, -10.837085903, -10.8363406629999, -10.83618323, -10.835314791, -10.835030548, -10.8339209559999, -10.8330088429999, -10.832890291, -10.8329117179999, -10.8331416659999, -10.8339470029999, -10.8344653399999, -10.8347027079999, -10.8366293839999, -10.837081107, -10.8379034709999, -10.838598597, -10.83890653, -10.8392503179999, -10.8398860149999, -10.8399868619999, -10.8387784959999, -10.8375584689999, -10.8368162759999, 
-10.836483695, -10.833363832, -10.8317377719999, -10.831186308, -10.8308293849999, -10.8309115, -10.830644626, -10.830135359, -10.829767245, -10.8273602869999, -10.826763183, -10.8264530769999, -10.826157462, -10.8266517469999, -10.8263843539999, -10.825620444, -10.8247153929999, -10.8238604419999, -10.8220100839999, -10.8202215519999, -10.818989689, -10.8170847439999, -10.8157420549999, -10.8145224199999, -10.81400279, -10.815135046, -10.816115102, -10.816405007, -10.8163043279999, -10.8165751449999, 
-10.817130585, -10.8176305959999, -10.8175332879999, -10.8172273939999, -10.816233374, -10.8152625309999, -10.8144708039999, -10.813935525, -10.8113442549999, -10.8098781309999, -10.809580046, -10.808372127, -10.8080809359999, -10.805450397, -10.803989491, -10.8021986699999, -10.8016445949999, -10.8008532229999, -10.800435026, -10.79934894, -10.7983499339999, -10.797348239, -10.79639393, -10.7955116789999, -10.7951877619999, -10.794938013, -10.794005302, -10.7939660339999, -10.7946393219999, -10.7950844749999, 
-10.7976814219999, -10.8012139959999, -10.8015875019999, -10.801596552, -10.8012012829999, -10.799834179, -10.7995986669999, -10.7979695359999, -10.797338624, -10.7965327559999, -10.7947949739999, -10.79421653, -10.79273304, -10.7921339539999, -10.7914287259999, -10.7914263759999, -10.7909454479999, -10.7903577619999, -10.7895477619999, -10.788322454, -10.787086964, -10.7858152999999, -10.784780369, -10.7841513539999, -10.783243913, -10.7813872629999, -10.781133682, -10.779626348, -10.7801751399999, 
-10.781101127, -10.7819209969999, -10.7832035129999, -10.784159831, -10.783353304, -10.781635825, -10.779761676, -10.778545643, -10.777708542, -10.777057597, -10.775068268, -10.773308966, -10.772401443, -10.7719153719999, -10.7705896959999, -10.7697570309999, -10.7690372959999, -10.7685100699999, -10.768519617, -10.7692070669999, -10.7701665239999, -10.7729037839999, -10.770845294, -10.7702375599999, -10.7698715539999, -10.7697588229999, -10.7687099779999, -10.768307695, -10.7683147, -10.768868384, 
-10.7689042809999, -10.7676911409999, -10.7651482599999, -10.7646557279999, -10.7640572029999, -10.7629184729999, -10.7616520929999, -10.759476712, -10.758285295, -10.757340273, -10.7564308979999, -10.755575582, -10.754186696, -10.7537264279999, -10.753574778, -10.752755704, -10.7520177959999, -10.7518810199999, -10.751066071, -10.7502101989999, -10.748168725, -10.7471224629999, -10.746611248, -10.74565472, -10.7444894119999, -10.743133243, -10.7417889299999, -10.7407977569999, -10.739753949, -10.7391738159999, 
-10.7390559609999, -10.738455396, -10.7375868099999, -10.7367982059999, -10.7362027029999, -10.7339034429999, -10.7328566479999, -10.7319025209999, -10.7308546579999, -10.7297876829999, -10.729051866, -10.7269694139999, -10.723866076, -10.7217784579999, -10.7189842179999, -10.717845075, -10.7168407899999, -10.714654503, -10.7131503119999, -10.710470551, -10.7094700509999, -10.706507187, -10.7044286399999, -10.702185512, -10.6997974549999, -10.697624294, -10.6966779639999, -10.695458505, -10.6920492349999, 
-10.690830481, -10.6901482449999, -10.68966031, -10.688768801, -10.685278684, -10.6842763249999, -10.682370281, -10.6811545859999, -10.6800599419999, -10.6789318239999, -10.6769507569999, -10.6762318459999, -10.6751594469999, -10.674376604, -10.6742452819999, -10.6733862089999, -10.6695306059999, -10.668882634, -10.668761326, -10.6683850839999, -10.6674546169999, -10.667174712, -10.66745706, -10.6672859369999, -10.666792882, -10.6650848959999, -10.6600708939999, -10.659068899, -10.6580745829999, 
-10.6571115199999, -10.6556279609999, -10.655158978, -10.6543636609999, -10.65232686, -10.651425435, -10.6501000929999, -10.648909792, -10.6479102559999, -10.6469645699999, -10.646240496, -10.647504012, -10.6470842489999, -10.6458618529999, -10.64185822, -10.64076684, -10.6396757279999, -10.6377775629999, -10.6371043199999, -10.637137323, -10.6375747799999, -10.637226799, -10.636412759, -10.6342878839999, -10.6322397549999, -10.631480093, -10.6322137869999, -10.6322449199999, -10.632393628, -10.6322807389999, 
-10.6318929179999, -10.6303377739999, -10.629564573, -10.628804047, -10.628499222, -10.6288031579999, -10.62962439, -10.6295183139999, -10.628613403, -10.627740314, -10.626502507, -10.624693017, -10.623919801, -10.6236175179999, -10.623513994, -10.6236771159999, -10.62423229, -10.624290196, -10.623446923, -10.6217296749999, -10.6207580629999, -10.620258861, -10.6188495559999, -10.6190878939999, -10.6202280529999, -10.622079822, -10.6234290509999, -10.6244699389999, -10.6253331989999, -10.6256671749999, 
-10.626400585, -10.6267607629999, -10.6270895879999, -10.6285685569999, -10.629430953, -10.630665505, -10.631661127, -10.6338359969999, -10.6339980659999, -10.6340949159999, -10.634353836, -10.634348473, -10.6339497639999, -10.633183773, -10.6328796009999, -10.632290772, -10.631485478, -10.6305243769999, -10.627489377, -10.62624865, -10.6252094929999, -10.6221554049999, -10.6211924639999, -10.6199740189999, -10.618128509, -10.617500678, -10.616640171, -10.6161060179999, -10.61444469, -10.613588975, 
-10.6125951349999, -10.611644981, -10.6115015409999, -10.610752149, -10.6097956209999, -10.6086584389999, -10.60709062, -10.606355012, -10.605469726, -10.604834969, -10.604496803, -10.6039147599999, -10.6026270209999, -10.6020081699999, -10.601021161, -10.599214778, -10.5976509779999, -10.596651944, -10.595278159, -10.593286805, -10.5922484689999, -10.5912391589999, -10.5903309719999, -10.5889634749999, -10.5872041039999, -10.58632122, -10.585333836, -10.5845051809999, -10.5840847829999, -10.58308038, 
-10.5799101309999, -10.5767768889999, -10.5742765949999, -10.565348017, -10.5645169829999, -10.5638347419999, -10.562897431, -10.5616911289999, -10.560868644, -10.5586311919999, -10.5577594589999, -10.556810985, -10.554768414, -10.5518158959999, -10.5489890709999, -10.546928695, -10.545914146, -10.544961134, -10.5442618079999, -10.544022904, -10.544472963, -10.545180963, -10.546053738, -10.548058009, -10.5485642799999, -10.549449582, -10.548355303, -10.54737081, -10.5458490419999, -10.543955427, 
-10.5431968849999, -10.541981378, -10.54007581, -10.5387409469999, -10.536953134, -10.536583112, -10.5368723619999, -10.5373445509999, -10.5367667989999, -10.535724209, -10.5348893359999, -10.5343313509999, -10.5340427329999, -10.5342250029999, -10.5346455699999, -10.5347232309999, -10.534555062, -10.5341274409999, -10.5331366789999, -10.5321433039999, -10.531122308, -10.5304550549999, -10.5300719469999, -10.5296487649999, -10.528874492, -10.5259885069999, -10.5250094989999, -10.524177891, -10.5245168199999, 
-10.524236856, -10.5235700679999, -10.522798743, -10.5231115809999, -10.5240172659999, -10.5248775199999, -10.5257314589999, -10.526400073, -10.52643018, -10.5261088599999, -10.525882811, -10.524531063, -10.522678257, -10.521769016, -10.520914684, -10.519173347, -10.518519859, -10.518152178, -10.517298241, -10.516350243, -10.515436829, -10.5144961099999, -10.513725679, -10.5130174459999, -10.5123886759999, -10.5123975389999, -10.511418057, -10.510737067, -10.5099380099999, -10.508176208, -10.505541971, 
-10.5003223049999, -10.4993397129999, -10.4975742269999, -10.494310259, -10.4949269859999, -10.494264651, -10.490680713, -10.4881843229999, -10.486080643, -10.480526433, -10.4781863119999, -10.4745078959999, -10.4725452939999, -10.470512265, -10.4692164849999, -10.4693625429999, -10.470276529, -10.467012304, -10.466099776, -10.4633663999999, -10.4650923639999, -10.4649026199999, -10.4679618359999, -10.467298371, -10.4682550039999, -10.4703296119999, -10.469305335, -10.4710759029999, -10.4688110739999, 
-10.4700098909999, -10.468325164, -10.4690353179999, -10.4663355149999, -10.469902352, -10.4730050239999, -10.4692735749999, -10.4657279969999, -10.4652575719999, -10.463165509, -10.466727828, -10.466323101, -10.463780073, -10.462909811, -10.462204571, -10.4588435229999, -10.456741725, -10.448056107, -10.4498601769999, -10.4473805629999, -10.444697977, -10.444268574, -10.443110845, -10.438958939, -10.436687261, -10.439111193, -10.444528734, -10.4457221599999, -10.443526345, -10.4405037349999, -10.4413035069999, 
-10.440257477, -10.43789048, -10.4344603939999, -10.434044483, -10.433184705, -10.433043821, -10.4294235689999, -10.427320493, -10.425475113, -10.4236033979999, -10.4234653659999, -10.4239114219999, -10.4209856759999, -10.4198236579999, -10.4164365, -10.4118774319999, -10.409465495, -10.4098332739999, -10.410559294, -10.411059641, -10.4101296469999, -10.4098946049999, -10.406110095, -10.4055998309999, -10.404162959, -10.4022181019999, -10.4025598079999, -10.403945033, -10.4033819639999, -10.4022785229999, 
-10.401715156, -10.39883414, -10.396569376, -10.395631026, -10.393025782, -10.3899756939999, -10.388397853, -10.386163117, -10.386496493, -10.383578493, -10.3796929149999, -10.3775071799999, -10.375919718, -10.3734767379999, -10.3734070159999, -10.3716208509999, -10.368484805, -10.3664659549999, -10.362355985, -10.3595348429999, -10.3595890789999, -10.3588175149999, -10.355590352, -10.3550528319999, -10.3523383859999, -10.3526727619999, -10.348415437, -10.348042479, -10.3461454599999, -10.3446674329999, 
-10.341399125, -10.336709137, -10.3356609319999, -10.333702277, -10.331017952, -10.3265895079999, -10.3250184139999, -10.324190617, -10.3214185369999, -10.3176107099999, -10.3141374039999, -10.3108394929999, -10.3072691609999, -10.30561605, -10.304882612, -10.305441037, -10.3014069779999, -10.2985273189999, -10.2956038099999, -10.293035943, -10.290936074, -10.2890268629999, -10.2839529129999, -10.2789643699999, -10.2768861019999, -10.271146463, -10.2647524519999, -10.2591026469999, -10.2556266889999, 
-10.2520465609999, -10.2498736159999, -10.245689174, -10.2389761519999, -10.239424149, -10.2406609789999, -10.241892071, -10.24275415, -10.2410005669999, -10.240192767, -10.2392295649999, -10.2385413669999, -10.237810504, -10.235811186, -10.230661649, -10.2265079699999, -10.224594636, -10.2212579359999, -10.218085025, -10.2159541649999, -10.2177747139999, -10.218269817, -10.209409452, -10.205800454, -10.202138055, -10.2002566829999, -10.197279669, -10.19637453, -10.196628126, -10.1966229409999, -10.1971177839999, 
-10.196752273, -10.197794833, -10.199210856, -10.1999088149999, -10.200698905, -10.202413698, -10.203173774, -10.2039825689999, -10.2044622399999, -10.203445231, -10.2028031279999, -10.20243862, -10.202400804, -10.202587942, -10.2030646269999, -10.2050519809999, -10.205144904, -10.2043764869999, -10.2040934069999, -10.2045064289999, -10.204503743, -10.2039030569999, -10.204260014, -10.205462837, -10.206415667, -10.2078836599999, -10.211422103, -10.214232657, -10.215302767, -10.215431714, -10.2153394719999, 
-10.213112742, -10.2118510219999, -10.2109880659999, -10.2102646419999, -10.209125002, -10.2089787689999, -10.210326234, -10.2149060269999, -10.220035493, -10.221359286, -10.2234123889999, -10.224867091, -10.226678519, -10.2324388369999, -10.2371965119999, -10.240523639, -10.2424613499999, -10.243318007, -10.243319892, -10.242956405, -10.242568286, -10.2417349359999, -10.240949099, -10.240813222, -10.2412819679999, -10.2414418129999, -10.2421665149999, -10.242769546, -10.243560174, -10.247726703, 
-10.251222546, -10.250777012, -10.247586945, -10.2454062389999, -10.242828817, -10.2356239459999, -10.2299139629999, -10.2242496069999, -10.218948085, -10.216771122, -10.2140892419999, -10.2007619679999, -10.1956484399999, -10.193904524, -10.193423981, -10.18681685, -10.1832646519999, -10.1798510799999, -10.1783252019999, -10.1735653069999, -10.1718038179999, -10.167627525, -10.164861448, -10.155060953, -10.153513626, -10.1542584939999, -10.1544698009999, -10.154886798, -10.1555166249999, -10.1558791839999, 
-10.157003609, -10.1580059219999, -10.1613444129999, -10.1625153349999, -10.163178102, -10.1638917119999, -10.1662733329999, -10.1679803509999, -10.16961801, -10.1721720029999, -10.17378148, -10.1746387999999, -10.176288343, -10.17979013, -10.1817525719999, -10.183305509, -10.18547791, -10.188418308, -10.1919216639999, -10.193781203, -10.194611943, -10.1948361209999, -10.196360448, -10.2010190469999, -10.2030532929999, -10.204011495)))"
1100809,Candeias Do Jamari,11,RO,"list(list(c(-62.822333434, -62.822861001, -62.8268055949999, -62.8318664689999, -62.834944153, -62.840873291, -62.84356203, -62.8421412589999, -62.837532688, -62.833422715, -62.832081228, -62.830610931, -62.829392621, -62.82905555, -62.826167574, -62.8235594079999, -62.820464296, -62.815082547, -62.813803702, -62.812978438, -62.8144881779999, -62.8205466569999, -62.820559844, -62.819719988, -62.816496869, -62.817030641, -62.818424897, -62.8187853089999, -62.816479033, -62.815998975, -62.815277525, 
-62.8142774579999, -62.813417309, -62.812274916, -62.8117185569999, -62.8090015979999, -62.8054721789999, -62.804252041, -62.803198317, -62.803478095, -62.8042859839999, -62.804476924, -62.7997776499999, -62.7950608559999, -62.7938928869999, -62.7940044319999, -62.7944778029999, -62.793944999, -62.7917726099999, -62.7871548889999, -62.786418783, -62.7860767939999, -62.78350425, -62.7814753699999, -62.778775963, -62.776311261, -62.774225735, -62.769893136, -62.768835853, -62.769359336, -62.770251503, 
-62.7724710249999, -62.774136621, -62.7764750249999, -62.777973992, -62.7796921149999, -62.781562684, -62.781000422, -62.7776356019999, -62.7730269799999, -62.7703359189999, -62.766809435, -62.76491869, -62.7657948529999, -62.7711455649999, -62.772589423, -62.773422812, -62.7732535639999, -62.7737270649999, -62.7749711079999, -62.776915681, -62.779167934, -62.78263616, -62.784392378, -62.7834205349999, -62.778474246, -62.77711558, -62.7742840589999, -62.770353088, -62.769667607, -62.7706397679999, 
-62.7703113289999, -62.769478668, -62.767837463, -62.767389772, -62.766758124, -62.7635335809999, -62.7580064559999, -62.754166955, -62.750090599, -62.7496151869999, -62.744693323, -62.741806055, -62.742110349, -62.744837676, -62.746976264, -62.7497237629999, -62.7543101899999, -62.756916141, -62.7565258169999, -62.7552485239999, -62.753611238, -62.752587244, -62.749202147, -62.7455047809999, -62.737044328, -62.7331076669999, -62.727123483, -62.7256425039999, -62.726477544, -62.7327509199999, -62.735862602, 
-62.737781817, -62.7398593889999, -62.7398350699999, -62.7381143769999, -62.7369742209999, -62.728790416, -62.7257853039999, -62.7207272649999, -62.716591094, -62.717137338, -62.719582403, -62.72219425, -62.726466398, -62.728319096, -62.7317732619999, -62.732960085, -62.7331951799999, -62.733585951, -62.735504307, -62.736000195, -62.7356936239999, -62.739280207, -62.7413139859999, -62.7456400089999, -62.747504377, -62.747642656, -62.745114659, -62.745341465, -62.747080244, -62.7492523299999, -62.750751598, 
-62.7520036929999, -62.754636363, -62.7556469919999, -62.762388389, -62.7628627559999, -62.762169542, -62.7592516939999, -62.756721028, -62.75552725, -62.753191201, -62.752589033, -62.7532819469999, -62.756893733, -62.7577237409999, -62.759953082, -62.761833117, -62.764053753, -62.7639984109999, -62.765168385, -62.769618432, -62.77283628, -62.7737506619999, -62.7724164309999, -62.7696126319999, -62.765587338, -62.7630322789999, -62.760727285, -62.7616154479999, -62.7646414239999, -62.768265926, -62.7744988109999, 
-62.7776749549999, -62.780448346, -62.7801130499999, -62.777977372, -62.7704722079999, -62.7694182849999, -62.769283465, -62.767976895, -62.759336946, -62.7596561059999, -62.756560263, -62.756388605, -62.7520022909999, -62.753119681, -62.757679234, -62.760596988, -62.76655178, -62.767586678, -62.765365505, -62.7638879339999, -62.7644429189999, -62.763173695, -62.7613660109999, -62.7597344919999, -62.761525499, -62.7581660929999, -62.756196393, -62.7559507939999, -62.7591368019999, -62.7609755979999, 
-62.762317998, -62.7641357559999, -62.765585193, -62.767275607, -62.7673131419999, -62.768361585, -62.7705518109999, -62.770034827, -62.7697583829999, -62.76977694, -62.770477116, -62.7725870789999, -62.7729692359999, -62.7728332, -62.774582818, -62.7773366929999, -62.778145162, -62.7781461329999, -62.775169015, -62.7762029799999, -62.780114397, -62.782975274, -62.785341449, -62.786944042, -62.7887534269999, -62.790378793, -62.791943824, -62.792949294, -62.7925865589999, -62.7910042399999, -62.790638531, 
-62.7903334769999, -62.7889991289999, -62.787890434, -62.7866192669999, -62.783173587, -62.7823136319999, -62.782557546, -62.7853688189999, -62.7872022729999, -62.7890064839999, -62.7903705899999, -62.79039479, -62.79017113, -62.794448384, -62.796419257, -62.7974525289999, -62.7976409839999, -62.7984259729999, -62.799832655, -62.8004507879999, -62.8016173239999, -62.8022011309999, -62.801784813, -62.800502563, -62.798336873, -62.7946938459999, -62.790864921, -62.790306967, -62.794815951, -62.799617107, 
-62.8008360399999, -62.8011127659999, -62.802477872, -62.803728396, -62.803973362, -62.8041731719999, -62.804778657, -62.8065864259999, -62.8085486749999, -62.8088611059999, -62.811253095, -62.81220132, -62.810973954, -62.810920248, -62.8122016499999, -62.8131708009999, -62.813361627, -62.812978482, -62.8122824639999, -62.812644334, -62.8157171009999, -62.816779707, -62.8166412589999, -62.816007891, -62.8155914929999, -62.814560058, -62.813528867, -62.811534395, -62.809954311, -62.808809346, -62.808394513, 
-62.808421483, -62.8086121219999, -62.809779769, -62.811918701, -62.814254971, -62.814221288, -62.812701196, -62.814122562, -62.817476032, -62.8224243389999, -62.822281044, -62.82136742, -62.8207569039999, -62.821166675, -62.822979623, -62.8233621159999, -62.8219752649999, -62.822143439, -62.8239805039999, -62.8262037759999, -62.827502924, -62.828729995, -62.8320081639999, -62.833194397, -62.8334194269999, -62.8334275949999, -62.8332271839999, -62.8325606439999, -62.832391655, -62.832611717, -62.8335613149999, 
-62.834062107, -62.834225609, -62.83411667, -62.830444676, -62.8294486149999, -62.829698628, -62.831505286, -62.833311563, -62.834812496, -62.8367236799999, -62.839063723, -62.841448549, -62.842836322, -62.843752965, -62.845648947, -62.847893458, -62.849561932, -62.850092273, -62.850142112, -62.850869309, -62.8515042, -62.853054456, -62.851755658, -62.8502267639999, -62.849975616, -62.8527008829999, -62.8533662849999, -62.8541714939999, -62.85513688, -62.856562496, -62.8573971229999, -62.859225813, 
-62.858841484, -62.8594475679999, -62.85881019, -62.8566458129999, -62.85874949, -62.860640389, -62.8619991709999, -62.8622803179999, -62.8621449299999, -62.8630596039999, -62.8642278319999, -62.8647270359999, -62.8647222859999, -62.86500116, -62.865727861, -62.869060092, -62.868750551, -62.865946709, -62.864755076, -62.864337633, -62.8644733099999, -62.8665313059999, -62.8686146519999, -62.869715654, -62.872201685, -62.873890414, -62.8754468189999, -62.8772820129999, -62.8780350769999, -62.878670593, 
-62.879086753, -62.8813069989999, -62.8886090029999, -62.891141105, -62.8925903109999, -62.894309451, -62.896141922, -62.897058715, -62.897750709, -62.8999797449999, -62.901558725, -62.902975748, -62.904063191, -62.910866281, -62.913772651, -62.9160870539999, -62.919891054, -62.926140053, -62.9290069949999, -62.930888321, -62.931305812, -62.930617978, -62.931169636, -62.931061465, -62.932505437, -62.93356125, -62.933338157, -62.934644234, -62.9344775609999, -62.9340565489999, -62.934229268, -62.9349767609999, 
-62.936388704, -62.939619759, -62.9407527539999, -62.941976429, -62.944419317, -62.948312872, -62.950116927, -62.950788275, -62.9508387449999, -62.9510592959999, -62.952479726, -62.954866086, -62.9580860089999, -62.96106223, -62.9623380139999, -62.9636464289999, -62.967315238, -62.9688673329999, -62.9728424149999, -62.97542252, -62.978893533, -62.9814229539999, -62.983255833, -62.984501075, -62.9864799699999, -62.9872549629999, -62.987452134, -62.987201625, -62.9871216929999, -62.987702309, -62.9907217649999, 
-62.990950212, -62.990779679, -63.000617768, -63.157391318, -63.2095645639999, -63.2097176, -63.2100886439999, -63.211207506, -63.2118973129999, -63.2116213269999, -63.2101982889999, -63.209398838, -63.20847608, -63.20644666, -63.205953216, -63.205563402, -63.2056961589999, -63.205532286, -63.204446967, -63.203869674, -63.2036768569999, -63.20198261, -63.2021728329999, -63.2045915549999, -63.2053147839999, -63.2059245869999, -63.206781862, -63.206622864, -63.2070333509999, -63.208257007, -63.2100606329999, 
-63.2103921929999, -63.209756149, -63.21068463, -63.2110655489999, -63.212008319, -63.212916485, -63.2161709439999, -63.2168461679999, -63.216589405, -63.216947425, -63.218090357, -63.2192815299999, -63.220616725, -63.221225287, -63.222841627, -63.2246465959999, -63.2253113689999, -63.226787659, -63.227474945, -63.227696806, -63.230505936, -63.231901377, -63.2338904189999, -63.2336704029999, -63.2339483799999, -63.236004449, -63.23714236, -63.23989538, -63.241951366, -63.243141753, -63.244228233, 
-63.244089877, -63.242639537, -63.243194344, -63.244589971, -63.247000702, -63.248147198, -63.2499235419999, -63.252178258, -63.2529212169999, -63.2530897989999, -63.252953038, -63.2531703059999, -63.253781578, -63.255172128, -63.2575332169999, -63.258202259, -63.260036855, -63.263283084, -63.26386174, -63.26564554, -63.2650920309999, -63.2650908689999, -63.266364987, -63.266864958, -63.268169625, -63.267757622, -63.266169651, -63.265202362, -63.264844145, -63.2624528289999, -63.262894485, -63.263005009, 
-63.262701017, -63.2632246339999, -63.263113081, -63.2620588149999, -63.2633647019999, -63.2632320359999, -63.26226008, -63.262868733, -63.263979681, -63.2656139049999, -63.2665038339999, -63.2665089129999, -63.266872798, -63.2675011439999, -63.268758888, -63.2688952769999, -63.268510847, -63.268890965, -63.270033645, -63.2711777169999, -63.271201278, -63.2718657379999, -63.2738088019999, -63.274370498, -63.275956035, -63.277503901, -63.2817588599999, -63.2827536519999, -63.283704684, -63.2846341599999, 
-63.285449085, -63.2853331209999, -63.285563897, -63.287287512, -63.289335397, -63.289454725, -63.2898451169999, -63.2907844759999, -63.29080956, -63.289536319, -63.289480973, -63.2908410639999, -63.2922846079999, -63.2925368749999, -63.291086363, -63.2910892489999, -63.291565347, -63.2900348749999, -63.2901487619999, -63.2910374539999, -63.291844218, -63.293559934, -63.2940884589999, -63.294120204, -63.2944491519999, -63.2955570399999, -63.3003128729999, -63.3005892149999, -63.299560587, -63.2990929439999, 
-63.300090447, -63.3008696009999, -63.300873082, -63.2990930369999, -63.2985679959999, -63.299758786, -63.3004796219999, -63.302509162, -63.3037934119999, -63.304090054, -63.303808822, -63.304207046, -63.3048927689999, -63.305175326, -63.306166548, -63.3069243739999, -63.307199925, -63.308395648, -63.3087861549999, -63.30945308, -63.311149308, -63.3131162869999, -63.315537251, -63.316866439, -63.31636397, -63.3167266479999, -63.317423529, -63.318147562, -63.318644151, -63.318945661, -63.317976572, 
-63.316444996, -63.307616313, -63.305946154, -63.303868531, -63.301396191, -63.299787898, -63.298674046, -63.2980341149999, -63.2977262309999, -63.299336683, -63.3056204049999, -63.3093957959999, -63.313505368, -63.317065477, -63.318174201, -63.319285227, -63.3190033989999, -63.318480135, -63.318111819, -63.3166210889999, -63.314559741, -63.312953162, -63.31314716, -63.31473069, -63.31652848, -63.318092437, -63.3168993819999, -63.3122288309999, -63.308952885, -63.3047595039999, -63.302558212, -63.302117097, 
-63.3012270449999, -63.2992614449999, -63.298425732, -63.2971734219999, -63.2957835329999, -63.294452481, -63.2923378409999, -63.290949413, -63.2920343609999, -63.293428796, -63.29564987, -63.2973132259999, -63.300673546, -63.300869731, -63.3021220639999, -63.30347993, -63.30453447, -63.307337681, -63.309254585, -63.3118949159999, -63.3146736699999, -63.316092618, -63.31805819, -63.3187529349999, -63.3219132639999, -63.3228977949999, -63.3250044339999, -63.3260053509999, -63.326086687, -63.3279000149999, 
-63.330923361, -63.331229275, -63.330589548, -63.32894588, -63.3281168659999, -63.327474091, -63.327501304, -63.328091924, -63.3279493809999, -63.328011305, -63.329089805, -63.330251945, -63.3298974209999, -63.328421944, -63.327229437, -63.326808935, -63.327814407, -63.3307565499999, -63.3315090599999, -63.332009525, -63.331975396, -63.331205901, -63.330283331, -63.327476277, -63.3269811049999, -63.325782691, -63.325281385, -63.325814904, -63.325889988, -63.325456592, -63.324676609, -63.3246431459999, 
-63.330595293, -63.331895588, -63.3329551029999, -63.334364596, -63.3364228579999, -63.3404807689999, -63.3420911879999, -63.3430936059999, -63.3416732919999, -63.3414277669999, -63.3410096279999, -63.3398592789999, -63.339533783, -63.3396984379999, -63.340590701, -63.3405891589999, -63.339816812, -63.3399823089999, -63.3411701929999, -63.343845301, -63.345035997, -63.346251126, -63.3488453909999, -63.350505491, -63.351637515, -63.352898021, -63.354284051, -63.353619274, -63.352840809, -63.3520225059999, 
-63.3517629119999, -63.353536523, -63.3545856979999, -63.357421554, -63.358480767, -63.358342334, -63.3594270239999, -63.361234359, -63.361253456, -63.360868452, -63.358865116, -63.357780861, -63.3566487649999, -63.355807172, -63.357815646, -63.3598683959999, -63.36175697, -63.3624574129999, -63.364087582, -63.3658702389999, -63.368117516, -63.3702004209999, -63.371810864, -63.37343, -63.375955637, -63.37742557, -63.378595205, -63.378875829, -63.3807033309999, -63.3828695549999, -63.3859767649999, 
-63.389255578, -63.3914203099999, -63.3935041149999, -63.395755318, -63.398590709, -63.4010908719999, -63.402281981, -63.40381753, -63.4052603629999, -63.411282801, -63.4150031199999, -63.4183996179999, -63.4215887229999, -63.424780565, -63.427180786, -63.4298371579999, -63.4391184139999, -63.441292289, -63.443204163, -63.445852354, -63.4457777769999, -63.42717228, -63.4274752279999, -63.428840419, -63.4299552569999, -63.4309706559999, -63.4336090099999, -63.4344205309999, -63.435181627, -63.43609621, 
-63.4371087549999, -63.4375628299999, -63.4393328879999, -63.440153439, -63.4403049439999, -63.4403029599999, -63.4400497519999, -63.439791224, -63.440091411, -63.4420731229999, -63.443846288, -63.444810388, -63.4471484809999, -63.449334063, -63.45030428, -63.4503723229999, -63.4512027449999, -63.4525600369999, -63.454034752, -63.4583297729999, -63.4588451199999, -63.4599826319999, -63.461755579, -63.463815584, -63.466645209, -63.46781234, -63.469483266, -63.471674433, -63.4752333609999, -63.4786868629999, 
-63.479507346, -63.48025468, -63.48012036, -63.480558089, -63.4818984719999, -63.483897663, -63.4855805989999, -63.487059387, -63.488308842, -63.4888909439999, -63.489063528, -63.4901201969999, -63.4914846449999, -63.49250567, -63.494200735, -63.494755942, -63.4948444579999, -63.496004415, -63.498784637, -63.501102102, -63.501788814, -63.5025078719999, -63.5032898169999, -63.50695464, -63.508677164, -63.509563034, -63.5113649369999, -63.5122621799999, -63.51245143, -63.514536279, -63.518845168, -63.5235072689999, 
-63.525259267, -63.526869323, -63.527233467, -63.528760479, -63.5301769829999, -63.5314493549999, -63.5329016549999, -63.533982954, -63.534593139, -63.533952645, -63.532232452, -63.5311197549999, -63.5303167319999, -63.5294490319999, -63.527813759, -63.5280352939999, -63.52895068, -63.530648888, -63.531452707, -63.5314542459999, -63.530256256, -63.528865923, -63.52745427, -63.527086884, -63.527678653, -63.529091471, -63.529725829, -63.5299226749999, -63.5295063499999, -63.52859224, -63.5266442639999, 
-63.5255922739999, -63.5262600449999, -63.526230439, -63.5264243849999, -63.5278109769999, -63.5294523149999, -63.5304567709999, -63.5313063709999, -63.531344515, -63.5295085509999, -63.529399623, -63.5288729729999, -63.5279514919999, -63.526981312, -63.526116238, -63.5255944339999, -63.52454077, -63.5236538939999, -63.521594233, -63.5186467309999, -63.516618987, -63.5151445749999, -63.5149814919999, -63.5191464349999, -63.5196992499999, -63.5198430299999, -63.5190367339999, -63.5174212469999, -63.5162014639999, 
-63.5161738729999, -63.5167328749999, -63.516205357, -63.5151155599999, -63.513871972, -63.514478727, -63.513866239, -63.5127867429999, -63.511761222, -63.5106238819999, -63.5094223799999, -63.5093967459999, -63.512223845, -63.513398442, -63.513675346, -63.512875525, -63.5117589009999, -63.511839588, -63.512624566, -63.513317645, -63.5137577519999, -63.5093445909999, -63.508621382, -63.5100612799999, -63.51206405, -63.5135106159999, -63.513368217, -63.5122012089999, -63.5110931899999, -63.508430727, 
-63.508286451, -63.5092617989999, -63.5103965269999, -63.510975838, -63.512263749, -63.5125669489999, -63.512125603, -63.511285809, -63.509399846, -63.508146009, -63.507753993, -63.507760551, -63.505754138, -63.504284941, -63.503200695, -63.501623146, -63.499894822, -63.499511974, -63.498812397, -63.498650074, -63.4985097869999, -63.4966500059999, -63.49456555, -63.493848723, -63.493566722, -63.4937860839999, -63.4937288799999, -63.493423385, -63.4932858899999, -63.49625411, -63.4979001899999, -63.497455298, 
-63.4956849619999, -63.495534011, -63.494951253, -63.4940305259999, -63.491174831, -63.488067921, -63.486224906, -63.484787049, -63.4832605839999, -63.480978255, -63.4806480659999, -63.480372612, -63.476504268, -63.47631397, -63.47356474, -63.471731736, -63.4699232859999, -63.468917884, -63.467837628, -63.4665123, -63.4655060629999, -63.465200661, -63.4651778969999, -63.46269819, -63.461342664, -63.4576729019999, -63.45547974, -63.454561493, -63.454012215, -63.451177831, -63.4505622719999, -63.451928134, 
-63.4518966499999, -63.4511204679999, -63.45147725, -63.452454511, -63.453536222, -63.453878566, -63.4541412489999, -63.4540103779999, -63.453150848, -63.4526083709999, -63.452065894, -63.44892361, -63.4475951699999, -63.446620218, -63.4464650869999, -63.4463099559999, -63.4480578009999, -63.4494488569999, -63.450372676, -63.4555644689999, -63.455968687, -63.4563729039999, -63.4564299969999, -63.455867721, -63.456488038, -63.456764612, -63.457758138, -63.4587848939999, -63.45981165, -63.4605097049999, 
-63.4592617409999, -63.457788486, -63.456899278, -63.455558671, -63.4562040279999, -63.458099447, -63.458121819, -63.4581441919999, -63.4576751889999, -63.4572520139999, -63.45686648, -63.456890778, -63.457165684, -63.4572023429999, -63.4572737019999, -63.4581988829999, -63.458183304, -63.458067496, -63.456977913, -63.456617078, -63.454005407, -63.453449543, -63.4528936789999, -63.45262261, -63.45337025, -63.453562386, -63.452843713, -63.451845764, -63.449446294, -63.448039007, -63.447146965, -63.446452602, 
-63.444592369, -63.4440935229999, -63.4435946769999, -63.442924223, -63.4404267069999, -63.4392588799999, -63.4384302739999, -63.437701838, -63.437120827, -63.4365398149999, -63.434899167, -63.434592519, -63.433477608, -63.4319827319999, -63.430645849, -63.429842965, -63.428707703, -63.4273714529999, -63.42671734, -63.426063227, -63.4248150459999, -63.4231094579999, -63.4189235129999, -63.418060782, -63.417260102, -63.4144204039999, -63.4134246799999, -63.412039078, -63.4112027429999, -63.4099245849999, 
-63.409791782, -63.4077302279999, -63.4066216799999, -63.405513131, -63.405120783, -63.404728434, -63.40367537, -63.4029954519999, -63.402315535, -63.400588378, -63.3996785259999, -63.3978964149999, -63.3964279479999, -63.394563844, -63.393538749, -63.392866831, -63.39553447, -63.396564753, -63.3975950359999, -63.397842333, -63.3980896309999, -63.397590414, -63.397003793, -63.3963891729999, -63.394662911, -63.394451208, -63.3945218039999, -63.3945923999999, -63.3953376649999, -63.39611825, -63.3959514689999, 
-63.3955886849999, -63.394308928, -63.394061848, -63.394958025, -63.395697861, -63.395731198, -63.3963111049999, -63.3976151109999, -63.398256703, -63.3999823449999, -63.401707987, -63.402431333, -63.4030941719999, -63.403105246, -63.40311632, -63.400260581, -63.4002580869999, -63.402595589, -63.404619899, -63.4062550799999, -63.4050340999999, -63.403843136, -63.402370136, -63.4002550919999, -63.399170397, -63.396063445, -63.3952871139999, -63.393927318, -63.392536, -63.39165046, -63.3901754669999, 
-63.3894534469999, -63.389951499, -63.391284651, -63.3929800889999, -63.394675527, -63.398395528, -63.398698963, -63.3996215349999, -63.401200365, -63.4045628379999, -63.404424908, -63.4035924529999, -63.402759998, -63.402172905, -63.403227966, -63.403399541, -63.403012195, -63.402004943, -63.4021430649999, -63.4015924189999, -63.400676032, -63.399420692, -63.3989883649999, -63.397782028, -63.396873162, -63.395964296, -63.394901433, -63.3941704119999, -63.39165107, -63.390644094, -63.390369209, -63.391289745, 
-63.3915086249999, -63.3905379329999, -63.3892028249999, -63.387510079, -63.387066198, -63.385004992, -63.3834474939999, -63.382284696, -63.381062489, -63.3797296099999, -63.378506138, -63.378091077, -63.3771768879999, -63.376272501, -63.3753681149999, -63.373568844, -63.372421671, -63.3713910309999, -63.37053888, -63.368067032, -63.365809419, -63.364712803, -63.363616187, -63.361418433, -63.360121084, -63.358396591, -63.356230232, -63.355425407, -63.3546205829999, -63.3539237869999, -63.353366249, 
-63.352809841, -63.352122886, -63.348235903, -63.346837056, -63.3457007389999, -63.344976284, -63.345012238, -63.344411247, -63.343810257, -63.342901763, -63.341200556, -63.3388702949999, -63.338061686, -63.3372530769999, -63.333278639, -63.331867152, -63.331310804, -63.3307544559999, -63.32979002, -63.3285936629999, -63.3253147469999, -63.323968227, -63.320814985, -63.3201775939999, -63.319540203, -63.319287926, -63.3199252789999, -63.320562632, -63.3212329059999, -63.320953934, -63.3200625069999, 
-63.318984985, -63.3183866639999, -63.317788344, -63.3167061619999, -63.316064667, -63.314448125, -63.3124777419999, -63.312366575, -63.3133665509999, -63.3131131659999, -63.3116233139999, -63.3067012489999, -63.3048432349999, -63.304357589, -63.3038719429999, -63.303256288, -63.303595225, -63.30401087, -63.3044265149999, -63.304678982, -63.3056470619999, -63.307003688, -63.308063335, -63.3090079639999, -63.3099525929999, -63.311316719, -63.3124242329999, -63.3120783429999, -63.311732454, -63.3104801439999, 
-63.3086755129999, -63.308394776, -63.3087042929999, -63.309870696, -63.310207056, -63.308867488, -63.307482451, -63.307838635, -63.309700456, -63.3112889669999, -63.310753053, -63.309701387, -63.30987079, -63.30970119, -63.309065736, -63.308430282, -63.3073193989999, -63.306119016, -63.3046737969999, -63.3033877209999, -63.299958601, -63.299006939, -63.299217843, -63.2994287479999, -63.300644451, -63.3013416999999, -63.30123133, -63.300952393, -63.300979132, -63.301675955, -63.301620991, -63.299706313, 
-63.2950391849999, -63.293619485, -63.291920434, -63.293198326, -63.293200352, -63.29286926, -63.293337458, -63.2938704759999, -63.296312792, -63.2992054659999, -63.301341381, -63.303679201, -63.305704427, -63.307729653, -63.30825556, -63.3083983809999, -63.309419997, -63.3110325769999, -63.3111060289999, -63.311179481, -63.310927967, -63.311845224, -63.3121740229999, -63.312206598, -63.3120087269999, -63.3115937759999, -63.3097341699999, -63.309256765, -63.30678474, -63.306838416, -63.307923446, 
-63.3087562429999, -63.3095907009999, -63.3118645279999, -63.3125626959999, -63.3128125899999, -63.3130624839999, -63.3142618529999, -63.31540046, -63.316508141, -63.318648125, -63.3201776299999, -63.3215608639999, -63.3227859989999, -63.32372702, -63.324509486, -63.324649183, -63.32581154, -63.3258937399999, -63.32597594, -63.328090221, -63.4071346429999, -63.481040574, -63.497234755, -63.7365149769999, -63.75646598, -63.7568274879999, -63.757577773, -63.7617638179999, -63.763039456, -63.759930794, 
-63.7597656569999, -63.7636472249999, -63.7653449359999, -63.7693111429999, -63.7701750109999, -63.771122369, -63.770823095, -63.76545674, -63.766083702, -63.766710664, -63.7682634179999, -63.7724511199999, -63.773706331, -63.775764899, -63.779089601, -63.782759116, -63.786673758, -63.7856528469999, -63.7843749189999, -63.782459335, -63.77801042, -63.775735969, -63.7744003189999, -63.7730646689999, -63.7696252769999, -63.7686768319999, -63.7677651699999, -63.768092971, -63.768901341, -63.771035454, 
-63.7721252439999, -63.776755684, -63.77808957, -63.778842782, -63.779537503, -63.77995895, -63.7777312599999, -63.7777602179999, -63.7797816039999, -63.782071529, -63.78223042, -63.7801992429999, -63.778168066, -63.77638353, -63.773138189, -63.774601838, -63.776065488, -63.778571544, -63.781708618, -63.7848206, -63.7872345439999, -63.7888959169999, -63.790061524, -63.790901923, -63.790812706, -63.7898711839999, -63.786623308, -63.7849587589999, -63.7859545859999, -63.7860728039999, -63.784206825, 
-63.783539306, -63.7827624459999, -63.7812652209999, -63.781627607, -63.7780432129999, -63.773734081, -63.775595533, -63.777651153, -63.7800047959999, -63.7824833269999, -63.783292169, -63.7800339629999, -63.7791244489999, -63.776255103, -63.7710684539999, -63.7685952389999, -63.767540144, -63.76648505, -63.7613714949999, -63.7613448559999, -63.763698666, -63.7665106489999, -63.767680157, -63.77023127, -63.7691243939999, -63.7662848219999, -63.764872637, -63.763845402, -63.7640962239999, -63.7651484079999, 
-63.7692361169999, -63.7709558689999, -63.7727311049999, -63.77359666, -63.775006001, -63.7789250019999, -63.7797847269999, -63.7786187619999, -63.778816534, -63.7800852819999, -63.783716538, -63.785339334, -63.787082655, -63.7884014869999, -63.7885890169999, -63.780648614, -63.779682187, -63.77863248, -63.77878995, -63.782346267, -63.7818453529999, -63.780511447, -63.778731213, -63.7769509789999, -63.7761198209999, -63.775790402, -63.7732892529999, -63.7719862769999, -63.7708398839999, -63.771121465, 
-63.7718806029999, -63.776040242, -63.7762559, -63.7745142289999, -63.773985417, -63.771313347, -63.7715644939999, -63.7718156409999, -63.7769625229999, -63.7778139939999, -63.778098831, -63.7750698939999, -63.773271541, -63.7648123869999, -63.7629560609999, -63.7631193789999, -63.766798688, -63.7704779959999, -63.77368904, -63.776599827, -63.778263916, -63.781064861, -63.781491381, -63.783756961, -63.7857061289999, -63.7859576509999, -63.785073465, -63.7832922819999, -63.7815110989999, -63.7819047719999, 
-63.782735267, -63.784587891, -63.785342841, -63.784236813, -63.7827033419999, -63.781147514, -63.779565026, -63.7784577739999, -63.776762553, -63.7754233749999, -63.7733214739999, -63.7711217349999, -63.770149787, -63.7738516749999, -63.775874377, -63.7770444119999, -63.7788177819999, -63.780733238, -63.782015659, -63.783591573, -63.786708066, -63.7879282339999, -63.794764448, -63.794624729, -63.792501718, -63.791045764, -63.789158826, -63.7806194359999, -63.778708313, -63.776289132, -63.775956076, 
-63.776231262, -63.779317214, -63.782430378, -63.786174292, -63.7885946219999, -63.792540327, -63.792788222, -63.7921843379999, -63.7899815099999, -63.7854859959999, -63.7841771029999, -63.7871358629999, -63.7872743649999, -63.7841539419999, -63.781452626, -63.7828987489999, -63.783068749, -63.782096251, -63.780789252, -63.7772900679999, -63.775676409, -63.7747321569999, -63.775222613, -63.775411108, -63.776906059, -63.7810623149999, -63.785755861, -63.790490708, -63.7930610399999, -63.794842546, 
-63.795328623, -63.7969278159999, -63.7968688719999, -63.7962052709999, -63.7944835359999, -63.7909026749999, -63.78914822, -63.7890345719999, -63.788394441, -63.7875670069999, -63.785254698, -63.784650514, -63.7849509279999, -63.7855386789999, -63.791308907, -63.792789344, -63.792982496, -63.791205776, -63.790378383, -63.7884003349999, -63.783875203, -63.783479099, -63.787202711, -63.78639353, -63.7840916519999, -63.781152832, -63.779628002, -63.7731246989999, -63.7718344039999, -63.771130153, -63.768728722, 
-63.769289055, -63.7708194709999, -63.772455124, -63.7755303989999, -63.7770689279999, -63.780036493, -63.780483083, -63.782064189, -63.783399463, -63.783672516, -63.7829537639999, -63.7810619059999, -63.776116525, -63.77451158, -63.7706238659999, -63.766569948, -63.7634768989999, -63.764608884, -63.7670653499999, -63.76803828, -63.76811672, -63.767060923, -63.764284378, -63.7622328579999, -63.763121932, -63.7625366159999, -63.761125259, -63.759901041, -63.7573400049999, -63.755704235, -63.7542579989999, 
-63.753428829, -63.753229319, -63.7518661719999, -63.751087642, -63.746278746, -63.744403459, -63.743038379, -63.746033855, -63.7491239829999, -63.7495898199999, -63.7488093059999, -63.7417447169999, -63.735792825, -63.734952874, -63.730569455, -63.729651028, -63.730558151, -63.732260316, -63.73353129, -63.7354822779999, -63.737287373, -63.7408162819999, -63.744929653, -63.746733009, -63.750980493, -63.752757045, -63.7538984609999, -63.7546229269999, -63.7547303539999, -63.754263925, -63.7507620579999, 
-63.7482898249999, -63.741897672, -63.740257454, -63.742482297, -63.744095182, -63.7448418239999, -63.7444799189999, -63.7413463789999, -63.7370378919999, -63.731874026, -63.7299517929999, -63.7273129229999, -63.725121916, -63.723612862, -63.724153949, -63.726174711, -63.7285885969999, -63.73070175, -63.732365293, -63.7394278589999, -63.743199843, -63.742982516, -63.738417085, -63.7362173079999, -63.736812896, -63.737762846, -63.7442585799999, -63.744986688, -63.745038588, -63.7431467209999, -63.739178612, 
-63.7379825019999, -63.736150406, -63.7367122049999, -63.7343639619999, -63.7269269549999, -63.7247802369999, -63.7228972119999, -63.7263095389999, -63.7312986969999, -63.738847045, -63.7407022419999, -63.741008846, -63.740062103, -63.740064633, -63.74056557, -63.7416471219999, -63.7449262489999, -63.750227703, -63.751175641, -63.747890683, -63.7476390099999, -63.743339627, -63.7406241269999, -63.739619997, -63.739902354, -63.742318673, -63.744398194, -63.7467276739999, -63.750149263, -63.7492060819999, 
-63.743823525, -63.738179435, -63.733592471, -63.729374571, -63.729061633, -63.73125009, -63.7373781619999, -63.739595133, -63.741925892, -63.7436542889999, -63.7450946559999, -63.7477562849999, -63.74898988, -63.749283678, -63.7473654619999, -63.7449802669999, -63.744338802, -63.7429567629999, -63.739953832, -63.737873305, -63.7350058499999, -63.73104977, -63.728711279, -63.7277814939999, -63.728343552, -63.723511555, -63.7193414289999, -63.716148994, -63.711868302, -63.7096450449999, -63.7066715889999, 
-63.703870742, -63.703073332, -63.7017918609999, -63.699401665, -63.6995421619999, -63.700215809, -63.7030285049999, -63.709984219, -63.719006538, -63.7200418709999, -63.720893324, -63.720530476, -63.7197821969999, -63.7181469239999, -63.713782027, -63.712889874, -63.7121783379999, -63.7113608639999, -63.7106810649999, -63.710534926, -63.7099961539999, -63.706903473, -63.7058101569999, -63.704398601, -63.704299929, -63.704067073, -63.704042805, -63.70411436, -63.7041685679999, -63.7044475709999, 
-63.704531773, -63.7045387269999, -63.704548416, -63.7045656999999, -63.7073908729999, -63.7129751219999, -63.718760776, -63.7206538029999, -63.7218436439999, -63.7234306639999, -63.724366241, -63.7243329629999, -63.724033906, -63.723091797, -63.722823755, -63.718400958, -63.717372624, -63.715791109, -63.7148149719999, -63.7143814859999, -63.714065245, -63.7136212659999, -63.712259822, -63.7087039709999, -63.707450861, -63.705670996, -63.704371121, -63.7060827109999, -63.707006479, -63.705142027, 
-63.704920896, -63.707273291, -63.707396865, -63.707282305, -63.7067306389999, -63.7036164899999, -63.702008306, -63.700649132, -63.693012601, -63.6879498849999, -63.686946808, -63.688365678, -63.6909894889999, -63.6935693899999, -63.6948959919999, -63.6962070089999, -63.699484336, -63.702791809, -63.706099282, -63.708591944, -63.710900846, -63.711759248, -63.7120346879999, -63.7077333769999, -63.7056048729999, -63.7034763699999, -63.6983190999999, -63.697400765, -63.697004732, -63.695814332, -63.694435219, 
-63.694589806, -63.6955392539999, -63.6953933029999, -63.6875602519999, -63.685590297, -63.6836140679999, -63.6820631609999, -63.683175921, -63.6827833509999, -63.680115079, -63.674382318, -63.671033038, -63.668928749, -63.6682821999999, -63.6683399179999, -63.667621166, -63.6685612549999, -63.670648287, -63.672366023, -63.671726795, -63.6701757259999, -63.667923371, -63.6664817819999, -63.665594549, -63.6639535959999, -63.6620140809999, -63.660831642, -63.65742675, -63.6505580199999, -63.6473968179999, 
-63.6429814479999, -63.6403412779999, -63.642315611, -63.650234591, -63.654276635, -63.655952692, -63.6563094959999, -63.655094941, -63.6539269589999, -63.651643992, -63.647761084, -63.64720464, -63.6450385579999, -63.642594994, -63.6325361509999, -63.630536657, -63.6280125649999, -63.627148773, -63.628231407, -63.6360859039999, -63.6299769339999, -63.62504962, -63.62040333, -63.61741798, -63.616150412, -63.614865417, -63.6125592459999, -63.613303546, -63.6127588529999, -63.6112965839999, -63.608479438, 
-63.6050406519999, -63.5994002589999, -63.596171538, -63.591590104, -63.587507395, -63.586669392, -63.586486496, -63.5896181739999, -63.5900648309999, -63.589422257, -63.585258697, -63.583201579, -63.5812026989999, -63.578510227, -63.5764257719999, -63.576089756, -63.577564184, -63.579421176, -63.582620311, -63.58170322, -63.579307207, -63.574728825, -63.572426248, -63.5642878199999, -63.5630393449999, -63.562202778, -63.5614339649999, -63.562622921, -63.5606192309999, -63.5617021729999, -63.5632576469999, 
-63.5652595799999, -63.564394684, -63.56450867, -63.56767627, -63.5669193509999, -63.565865305, -63.56461741, -63.561840984, -63.5570037619999, -63.555431808, -63.5526175629999, -63.548648459, -63.5465330229999, -63.5457523389999, -63.544284077, -63.543007438, -63.533535496, -63.5307612009999, -63.5267623659999, -63.5230879299999, -63.5219254089999, -63.5214564599999, -63.524032915, -63.5247313689999, -63.52422614, -63.5229816229999, -63.5200586759999, -63.516870913, -63.5159524049999, -63.515318221, 
-63.5139815209999, -63.5120357949999, -63.504564723, -63.496997148, -63.483813036, -63.4711555479999, -63.4591611, -63.4541699119999, -63.4472536859999, -63.445394931, -63.445203287, -63.446950756, -63.4522830019999, -63.460230186, -63.466252347, -63.472733068, -63.4786685439999, -63.4820650939999, -63.483200269, -63.4821702849999, -63.475393282, -63.4691090429999, -63.466367479, -63.467476945, -63.46741805, -63.465621669, -63.462783068, -63.4597564219999, -63.452054659, -63.451109209, -63.450975894, 
-63.450532598, -63.448937295, -63.3772121579999, -63.374075078, -63.204280432, -63.1948758499999, -62.982895131, -62.822333434, -8.50035693199992, -8.50156806499994, -8.50353935499989, -8.50408112699995, -8.50293040199995, -8.50664657899994, -8.50784928799989, -8.51994922599998, -8.52176835799995, -8.52102851800002, -8.52171304499999, -8.52283850499994, -8.52488176099998, -8.53030046399997, -8.53313849299996, -8.53723253599995, -8.5394056869999, -8.53864345499998, -8.53948573499995, -8.54261538899991, 
-8.54346649199989, -8.54386567899997, -8.54518042399995, -8.54697030299999, -8.55067959399994, -8.55167867499992, -8.55264049200001, -8.55407794400001, -8.55457599599992, -8.55467978299989, -8.55640355499997, -8.561824907, -8.56364032899993, -8.56417744399996, -8.56443940899997, -8.56004043899997, -8.55908195599998, -8.55975400299998, -8.56211915300001, -8.56552800499998, -8.56749363399999, -8.57263260900002, -8.576128658, -8.57863632299992, -8.57850349899994, -8.57704369899995, -8.57633657899989, 
-8.57447914099994, -8.57432957699992, -8.57111030299992, -8.56855286799997, -8.56343045199997, -8.55830715299991, -8.55712782599994, -8.55709005299992, -8.55852133399996, -8.56110731599996, -8.56309997799999, -8.56409915099997, -8.56674198099997, -8.56756419799996, -8.56849787999995, -8.56865897099995, -8.56761939199991, -8.56568134299996, -8.56489173599991, -8.56594137799989, -8.56917176699993, -8.57219067399996, -8.57325088799993, -8.57279275399994, -8.57278967099996, -8.57507720899996, -8.57705407600001, 
-8.57959560599998, -8.58073530399995, -8.58254855399997, -8.58501199699996, -8.58819502599998, -8.58976744099996, -8.59098342299994, -8.59128138899999, -8.59272227499993, -8.59404256200001, -8.5967645499999, -8.60317661899993, -8.60426674499998, -8.6040328619999, -8.59866747999996, -8.59696714399997, -8.59382307499997, -8.59219695499998, -8.59112399999994, -8.59209972999993, -8.59431018799995, -8.59532579699996, -8.59695231399998, -8.59846431599994, -8.60226308599993, -8.60470275899999, -8.60650262999997, 
-8.60629496900001, -8.60710826699998, -8.60969628199998, -8.612887902, -8.61380547399998, -8.61394035499995, -8.6154715719999, -8.61925940499995, -8.62401781399994, -8.62802997299999, -8.629492156, -8.62883481399997, -8.62907298499996, -8.62799392599994, -8.63239424699996, -8.63385278099994, -8.63974431599997, -8.64179944499993, -8.64257737099999, -8.64069237499999, -8.64053372300001, -8.63978227400001, -8.640059121, -8.64194815199998, -8.64898027499997, -8.65115023399992, -8.64919863499992, -8.64948813499998, 
-8.65272200499994, -8.65452135799996, -8.65675712099994, -8.65837598499995, -8.65930877099995, -8.65862937799996, -8.65500989999989, -8.656013931, -8.65761276999995, -8.65936006199993, -8.66225196699993, -8.66767295499994, -8.67035232499994, -8.67506353399992, -8.67803327399997, -8.67891625399993, -8.67796789699998, -8.67918550699992, -8.68074892699996, -8.68700364599993, -8.68877608699995, -8.6898275039999, -8.69012871199995, -8.68968158099991, -8.68888687199997, -8.68525054399992, -8.6845471629999, 
-8.68913289499998, -8.68994470099992, -8.69372381199996, -8.69717174799996, -8.69898894899995, -8.69928522999995, -8.70157369599994, -8.70380664999995, -8.7089026959999, -8.71737197499996, -8.72430761799997, -8.72633918699993, -8.72627035299992, -8.72181881499992, -8.71977254799999, -8.71846101300001, -8.71910247399997, -8.71867763199999, -8.71736031499998, -8.71485332399994, -8.71498704099999, -8.71625104099994, -8.71579071899996, -8.71324225699995, -8.71045649499994, -8.70805479599991, -8.70710580599999, 
-8.70703344099995, -8.70878403099994, -8.71424078399997, -8.71664189599995, -8.71971358699991, -8.72212829999995, -8.72446988699998, -8.73067895799991, -8.73352436699998, -8.73454525599989, -8.73941812099993, -8.74727499099995, -8.74878732399994, -8.75086992499995, -8.75276768299994, -8.75572221999997, -8.75717008099995, -8.75895334199988, -8.76054707099994, -8.76388654999994, -8.76718575399998, -8.77220602699996, -8.77308724899995, -8.77357310500001, -8.77528166299989, -8.77901288999997, -8.77781495999997, 
-8.77833225599996, -8.78028890299994, -8.79048937199999, -8.79480867499996, -8.79659287999997, -8.79806302299993, -8.79814768999992, -8.79624008, -8.79594415799994, -8.7960273209999, -8.79487714999994, -8.79377946099989, -8.79166767899996, -8.79091619999995, -8.78900279399991, -8.78826489599996, -8.7867817289999, -8.7851844169999, -8.784242025, -8.78497261999996, -8.78724467300001, -8.78881914299999, -8.79251681699996, -8.79352300399999, -8.79398812899993, -8.79462583799993, -8.79541171699994, -8.79448068899991, 
-8.79295480899996, -8.79129906899992, -8.79177258699993, -8.79394966599994, -8.79582482800002, -8.79921407299996, -8.80073437399998, -8.80392517599994, -8.80405522999995, -8.80369548499994, -8.80296486899997, -8.79995087199999, -8.80045440399991, -8.80268397999991, -8.80773143200001, -8.80874498899994, -8.80887318399997, -8.80961056199997, -8.81108520799994, -8.81272740799993, -8.81300491099998, -8.81360125299993, -8.81460907900001, -8.81564896499999, -8.81730176999996, -8.81757228499996, -8.81642254099996, 
-8.8165743399999, -8.81775883099994, -8.81902102000002, -8.82007886399997, -8.8212278, -8.82284277099995, -8.82360284499995, -8.82533236299997, -8.83020695399997, -8.83135716799993, -8.83217734699993, -8.83325540099996, -8.834293896, -8.83605384299996, -8.83675355099994, -8.83864426499997, -8.84000791099991, -8.84031549099996, -8.83974511400002, -8.83965381799992, -8.83956247799992, -8.84130165399993, -8.84320762099998, -8.84438182299997, -8.84507260600001, -8.84904809799997, -8.85362994999999, -8.85513276799999, 
-8.856443509, -8.85780560899999, -8.86027123599998, -8.86112438799996, -8.86179633199996, -8.86276142599996, -8.86397625699994, -8.86377769099994, -8.86290770999999, -8.86195019999999, -8.86014710899993, -8.85987784799994, -8.86191694499999, -8.8645179329999, -8.865678407, -8.86624751499992, -8.86670636399996, -8.867619223, -8.86897980199995, -8.87459391399995, -8.87576587999993, -8.87726284199998, -8.87991865099998, -8.881558012, -8.8825529289999, -8.88359708599996, -8.88437422599996, -8.885262487, 
-8.88603936199997, -8.89147064199994, -8.89320195399993, -8.894747582, -8.89488594399999, -8.89407685799993, -8.89367264699997, -8.89456224099995, -8.89589327999994, -8.89654954399997, -8.89797881299993, -8.89909382399999, -8.90022602499997, -8.90143685199996, -8.9026394489999, -8.90396081499999, -8.90503792199993, -8.90653327299994, -8.90808239799995, -8.90934146999994, -8.91143887899993, -8.91305111599992, -8.91291841299996, -8.91201868199994, -8.91049050899998, -8.90795146899995, -8.90558384899999, 
-8.90472865600001, -8.90803049999992, -8.909415144, -8.9099668439999, -8.90951359099997, -8.909384072, -8.91133914899994, -8.91264401499999, -8.91334026499996, -8.91334320499993, -8.91463778099993, -8.91538528199996, -8.91579582299991, -8.91702731699993, -8.91839345199999, -8.92032654499998, -8.92164936099991, -8.92132893999996, -8.92044791299998, -8.91964964399993, -8.92038515099994, -8.92144902799995, -8.92382059799997, -8.92502542599992, -8.92731840700002, -8.92810192599992, -8.92810201599993, 
-8.92641801599995, -8.92410420799999, -8.92115482599994, -8.91916040999995, -8.91932773699994, -8.92119315899992, -8.92241880999999, -8.92378794499994, -8.92524573299994, -8.92654367899995, -8.92720352799993, -8.92751107199997, -8.92828918199996, -8.93019589599989, -8.93124839199993, -8.93138662199991, -8.93058654599997, -8.93056858499991, -8.93192397799996, -8.93250978299994, -8.93180883899994, -8.93019491499999, -8.9297462659999, -8.92899022199996, -8.92442165199997, -8.92300871999995, -8.9214238079999, 
-8.92239451999993, -8.92360177399999, -8.92465156599998, -8.92602133099999, -8.92702662899994, -8.92854672599995, -8.93039864799997, -8.93103247899992, -8.93058504899994, -8.929380328, -8.92859242799991, -8.92764397799995, -8.92521516199999, -8.92344815699998, -8.92161773499996, -8.9198425769999, -8.92052987499993, -8.92234945999993, -8.92582729799992, -8.92951877699991, -8.93167171099996, -8.93343558299998, -8.93313250599995, -8.93586373599989, -8.938639891, -8.94077811699999, -8.94255954399995, 
-8.94732891399995, -8.94887514699999, -8.94966283099997, -8.94974575199999, -8.95072953199994, -8.9527728849999, -8.95892682499998, -8.96112079999996, -8.96234941599992, -8.96412077399994, -8.96646018399997, -8.96813507499999, -8.96962841899992, -8.97085910499996, -8.97309574699992, -8.97459819599989, -8.97542554299996, -8.97646836699991, -8.98029551900002, -8.98155228699991, -8.98158282299995, -8.98185148599989, -8.98173052999992, -8.9820459389999, -8.98295804899996, -8.98478595199995, -8.9868142249999, 
-8.98838621899994, -8.99002395199991, -8.99202276700001, -8.99466177899996, -8.99565847699991, -8.99858914899992, -8.99968993799996, -9.00025792199997, -9.00038511299993, -9.000483636, -9.00050122799994, -9.0000455389999, -8.99893518199995, -8.99821808399995, -8.99747853599996, -8.99660921899997, -8.99542258199993, -8.99403835099998, -8.99388338899994, -8.99424603899993, -8.99380272299993, -8.99239228699994, -8.990104431, -8.98974229399997, -8.98891880199995, -8.98796846399993, -8.98682645299994, 
-8.98573839599997, -8.98499152699999, -8.98241246799994, -8.98076918899996, -8.97981640399999, -8.979222808, -8.97719221999994, -8.97612824499992, -8.97563370199995, -8.97537405299996, -8.97478358599995, -8.97305948599994, -8.97133169999998, -8.97092936, -8.96750970599994, -8.96748735599996, -8.96844322299991, -8.96813187899991, -8.96633416899993, -8.96542512599995, -8.96379658699994, -8.9616685299999, -8.96194913399993, -8.96302280899995, -8.96287673299994, -8.96163557299992, -8.96052073199996, 
-8.96030486899996, -8.95939577599997, -8.95713980499991, -8.95775648999996, -8.95747384699993, -8.95563964899996, -8.95446446599998, -8.95251971499992, -8.95078212699994, -8.94931631499999, -8.947801801, -8.94638393899992, -8.94637336899994, -8.94503208099998, -8.94392010899999, -8.94232874399995, -8.94096840899993, -8.93919355599998, -8.93720529599996, -8.93643587099998, -8.93832905699995, -8.94007558599995, -8.93924732999999, -8.93836625399992, -8.93663810299993, -8.93438150799991, -8.93338237399993, 
-8.93334008899998, -8.934299929, -8.93410573999992, -8.93081901499993, -8.93042737799995, -8.92750471399998, -8.92672584999993, -8.92427579399989, -8.92322926599999, -8.92318805999995, -8.92210508199996, -8.92011914999996, -8.918939875, -8.91840569299994, -8.91788658299989, -8.91449319799996, -8.91129893399999, -8.91010310099999, -8.90872520899993, -8.90742715899991, -8.90666508600001, -8.90581771999997, -8.90477206399996, -8.90250933599997, -8.90183304599997, -8.90019510399998, -8.89869782399991, 
-8.89875269199992, -8.90043329099997, -8.89966312299993, -8.89871645899994, -8.89811102099994, -8.89706778899995, -8.89642074999998, -8.89606110999997, -8.894172129, -8.89298766399996, -8.89321855599997, -8.89314580599999, -8.89117091500001, -8.89047595599997, -8.88938348599991, -8.88954917099994, -8.88934859999996, -8.88622994699993, -8.88507086799995, -8.88520893600001, -8.88333632899997, -8.87982575699994, -8.87932713599998, -8.87801829299995, -8.87661164299992, -8.8768014679999, -8.87658150899991, 
-8.87583657299992, -8.87509390899993, -8.87458955899994, -8.87407284499991, -8.87331747099994, -8.87188839799991, -8.87172999199995, -8.87131237799995, -8.87086062699996, -8.87028639799997, -8.86893001200001, -8.86798077899989, -8.86579412899998, -8.86375730299994, -8.86258187099994, -8.86326925199997, -8.86422629599993, -8.863587405, -8.86232853999994, -8.86091951999997, -8.86010480499998, -8.85973806600001, -8.85912412499993, -8.85804309899992, -8.85681436599995, -8.855986296, -8.85483143699993, 
-8.85421526799993, -8.85358838799993, -8.851887829, -8.85115146299992, -8.85160700799995, -8.84844288399998, -8.84909889299999, -8.84989608999996, -8.85128604299995, -8.85153430999997, -8.85135765999992, -8.8520293029999, -8.85217372599994, -8.85293994899992, -8.85376533100001, -8.85397704299994, -8.85284513199998, -8.85368411099995, -8.85355138099989, -8.85290753499991, -8.85302483899993, -8.8520100559999, -8.851201884, -8.85008496199996, -8.84927321699994, -8.84945988899993, -8.85075300899999, 
-8.85689721499997, -8.85780405799995, -8.85840509899994, -8.85906672899997, -8.85958276099995, -8.86077755699995, -8.86258027499998, -8.86338497099995, -8.86511147799999, -8.86845586399994, -8.87144566199996, -8.87215788699992, -8.87107300899995, -8.86973102999994, -8.86779868199993, -8.86768427999996, -8.86912123699993, -8.87204201399992, -8.874975665, -8.87724832399993, -8.88064124999991, -8.8824199279999, -8.88250466999999, -8.88334158099996, -8.88524570999994, -8.88778788399996, -8.89020688899992, 
-8.89550835699989, -8.89765384599995, -8.89988432499994, -8.90402056199996, -8.90798931699997, -8.91047317999996, -8.913502889, -8.91529902400002, -8.9180735489999, -8.91961120799994, -8.92296458899994, -8.92545349699999, -8.92675609099994, -8.92804055299999, -8.92923385399996, -8.93036781399999, -8.93051370899999, -8.93022663899995, -8.92982656299997, -8.92788625099993, -8.92794657899994, -8.92833346699998, -8.92914810399997, -8.92838003099993, -8.92706331999996, -8.92658462099996, -8.92633264899999, 
-8.9265495509999, -8.92687154299999, -8.92793889800002, -8.92995735399996, -8.93029774399997, -8.93123579999996, -8.931097837, -8.93302917899993, -8.93318608299994, -8.93473297399995, -8.93632568199992, -8.93764836999994, -8.93891240999999, -8.94011478999991, -8.94112730300002, -8.94404403699994, -8.94581203499994, -8.94688570099996, -8.94767492399998, -8.94898761299997, -8.95166602899998, -8.95236030099996, -8.95339496299995, -8.95371022699992, -8.95827363199993, -8.96063310999994, -8.96259014099995, 
-8.96486586599995, -8.96649971199995, -8.96830678699999, -8.96980666599992, -8.97277480599993, -8.97403881999997, -8.97704618699994, -8.98035126499993, -8.98157218499996, -8.98259269100002, -8.98497304899998, -8.98746037399999, -8.98892649999997, -8.98982897699995, -8.99096459899994, -8.99494075799995, -8.996712632, -8.99578529799992, -8.99505902499996, -8.99549949099999, -8.996927338, -8.99834138799994, -9.00020007299998, -9.00078916299996, -9.00286658299999, -9.00365288899994, -9.00500660099995, 
-9.00568167099994, -9.00747295599992, -9.00890496299992, -9.00954781299991, -9.01060280699998, -9.01175839899993, -9.01266070099998, -9.01232490499991, -9.01263341199995, -9.01318235199998, -9.0153411709999, -9.01620834599989, -9.01716465099996, -9.0204755079999, -9.02329305999997, -9.02435429799993, -9.02485684599995, -9.02613710399992, -9.02749081299993, -9.03166989099994, -9.03321476099995, -9.03443611299993, -9.03598069599992, -9.04118089099995, -9.04226950499996, -9.04528608199998, -9.04640242599989, 
-9.04873505899998, -9.05080051199999, -9.05280083899994, -9.05683876199991, -9.064405601, -9.06699566199999, -9.06755266499998, -9.06913867299993, -9.07195007799993, -9.0764904069999, -9.07899674499989, -9.08065390299996, -9.08096806599993, -9.08023273500001, -9.07882228799993, -9.07832265999998, -9.07923972199992, -9.08078034999994, -9.08141866299999, -9.08555820799993, -9.08835095299999, -9.090209213, -9.09108199799991, -9.09208213999998, -9.09346459399996, -9.09460263499998, -9.09445999499999, 
-9.09337072599993, -9.09295390199999, -9.09241672999995, -9.09305841999993, -9.09437792299995, -9.09432063000001, -9.09302636199994, -9.09108041699996, -9.08868721799992, -9.08712468599996, -9.08644196399996, -9.08883913199997, -9.08911297899989, -9.08852861899994, -9.0897399909999, -9.08939737399988, -9.05819609499995, -9.05542583899997, -9.05076667399994, -9.04814451699997, -9.04617023099995, -9.04252490799996, -9.04040944399998, -9.03904145299995, -9.03797482699998, -9.03478320499996, -9.03190923999993, 
-9.03019346099999, -9.02866422499994, -9.027954371, -9.02590244199995, -9.02391489799991, -9.02276470299995, -9.02023027399995, -9.01780853699995, -9.01114448699994, -9.0095723969999, -9.00759332300002, -9.00538427999994, -9.00519190699992, -9.00580959699996, -9.00663556499991, -9.00739640699989, -9.00809000099999, -9.00909673299997, -9.00945940699996, -9.01082285699998, -9.0118203079999, -9.01266229899994, -9.01145877399992, -9.012077973, -9.01441935099992, -9.01609596799991, -9.01650527299994, 
-9.01899218499992, -9.01985037899996, -9.02200716599998, -9.02378121899995, -9.02692758099995, -9.02945566899996, -9.031813438, -9.03425241799992, -9.03540164599997, -9.03589363, -9.03654096399992, -9.03756375399999, -9.03799014000001, -9.039286814, -9.04115268899993, -9.04187598299991, -9.04291574899997, -9.04633146499997, -9.04818392599994, -9.05109259499991, -9.055249031, -9.05596054499998, -9.05706834699989, -9.05766496999997, -9.05799942899993, -9.05875754399995, -9.05963525600001, -9.06300599299993, 
-9.06595549999999, -9.06900347999994, -9.06901153199989, -9.06817092199997, -9.06655021199999, -9.06509439099997, -9.06329688499993, -9.06309835199993, -9.06252371199999, -9.06350725499992, -9.06351916899993, -9.06263322899999, -9.06254296799998, -9.06358914999995, -9.06513060799995, -9.06617335999989, -9.06744320899998, -9.06875863899993, -9.06938774299993, -9.07013474199992, -9.07124447499999, -9.07213290599996, -9.071972326, -9.07212208299995, -9.07388797499996, -9.07533761799991, -9.07578387199989, 
-9.07669379899994, -9.07728327699996, -9.07804617399993, -9.07919484299994, -9.08005300699998, -9.08057620399992, -9.08175321199996, -9.08251917900001, -9.08263090399993, -9.08334509499996, -9.08692406999997, -9.08949926099996, -9.09073195299991, -9.09150825800001, -9.09197548199995, -9.0927874949999, -9.09577455199996, -9.09706656500001, -9.10018268599991, -9.100908294, -9.10228002999999, -9.10358789299993, -9.10406088599998, -9.10298383099995, -9.10140265999996, -9.09953268999995, -9.09835355199991, 
-9.09793190699993, -9.09687366099995, -9.09699996199992, -9.09736722299993, -9.0984520929999, -9.10236937299992, -9.10364726799996, -9.10501066599997, -9.10572572099998, -9.10558176299997, -9.10594338999996, -9.10794391400001, -9.11016846699995, -9.11048637299997, -9.11029763299998, -9.11102932899995, -9.11401921799998, -9.115925976, -9.11646427099996, -9.11749020199993, -9.11817991299998, -9.11922734399996, -9.11963047499992, -9.12060161699998, -9.12191879799998, -9.12277904499993, -9.12414541199992, 
-9.12703970099994, -9.12794695999995, -9.13004074699991, -9.13114813599996, -9.13399060499996, -9.1364007949999, -9.13753498199995, -9.13835535199997, -9.13772976399999, -9.13805109599993, -9.1391907849999, -9.14145818399993, -9.14249613699992, -9.14370548199997, -9.14416344399994, -9.14615681499994, -9.14744016599998, -9.14844249999996, -9.14953178799994, -9.15130157499991, -9.15218665199996, -9.15250199599994, -9.15174945599993, -9.15278050799998, -9.15414799599997, -9.15500363799989, -9.15359471699993, 
-9.15304285999992, -9.15337255099994, -9.15499294299998, -9.15326174800001, -9.15225429199996, -9.14818687899995, -9.14627058299994, -9.14609572499995, -9.14625087499999, -9.1472953279999, -9.14703630099996, -9.14608868199998, -9.14472830199996, -9.14425678999994, -9.14379168899991, -9.14164447299989, -9.14203189099997, -9.14137360399994, -9.14001790099995, -9.13813864699998, -9.13729205899992, -9.1369063999999, -9.13718985999999, -9.13862808599989, -9.1370331219999, -9.13634884099995, -9.13761392999991, 
-9.14149174899995, -9.14494286199995, -9.14491567999992, -9.14277997499996, -9.14341429899995, -9.14245622299999, -9.14372657099994, -9.14331595899998, -9.14440587199993, -9.14520110199991, -9.14605627499997, -9.14993887599996, -9.14974792599997, -9.14856876599993, -9.14771522699992, -9.14919729299989, -9.15024252899995, -9.15221846699993, -9.15157966000001, -9.15291442399996, -9.15590158499993, -9.15613343899993, -9.15803432900001, -9.16072049999995, -9.16121220599996, -9.16248175399993, -9.16364178699999, 
-9.16544005399992, -9.16606996899999, -9.16658595299996, -9.16698171199993, -9.1674322449999, -9.16834069199993, -9.168613068, -9.16888544299997, -9.16955463299992, -9.17028684499993, -9.17191856199993, -9.17275620299996, -9.17359384399999, -9.17568375299989, -9.17555772799995, -9.17473864399994, -9.17215113199999, -9.17263159199996, -9.17311205199992, -9.17388618399993, -9.17597225199996, -9.17798282899996, -9.17887926299997, -9.17930611699994, -9.17944382099996, -9.17958152399999, -9.180395317, 
-9.18202606200001, -9.18479613999997, -9.18493514499993, -9.185655245, -9.18654002399993, -9.18835462799997, -9.18883333499997, -9.18931204199996, -9.19015332299994, -9.19051874199997, -9.19085165899999, -9.19087621199997, -9.19115401499996, -9.19119105999991, -9.19122711399996, -9.19169455799992, -9.19178587100001, -9.19246463399995, -9.19436711799998, -9.19581431299999, -9.19686186499998, -9.1975188669999, -9.1981758699999, -9.19998402199994, -9.20108302899992, -9.20247844599992, -9.20280050599992, 
-9.20292539999995, -9.20275541499992, -9.20289088899994, -9.20248374999991, -9.20170822599996, -9.19852437099996, -9.19808116399997, -9.19763795699989, -9.19809531299999, -9.19861415099993, -9.19820695699999, -9.19683505199989, -9.19474917299997, -9.19395549599994, -9.1931618199999, -9.19175014299999, -9.190731587, -9.18998647399999, -9.18956712799993, -9.18961052299997, -9.19022211799994, -9.19024870699992, -9.19004304199996, -9.19027769499992, -9.19051234799998, -9.19074177899995, -9.190331172, 
-9.18932343899993, -9.18837358899994, -9.18428635399989, -9.18600185099999, -9.18723430599991, -9.19026652999998, -9.19126370399997, -9.19221333599994, -9.1937199609999, -9.19389619899992, -9.19326862299995, -9.19264104699989, -9.19308407499996, -9.19352710399993, -9.19339351299989, -9.19313829199991, -9.19288307099993, -9.19026734599996, -9.18925523899997, -9.18929389099997, -9.18883886299998, -9.18921703499992, -9.18968970299995, -9.19118970299998, -9.19292527099996, -9.19333173799993, -9.1937382049999, 
-9.19432591999994, -9.1949136339999, -9.19592447399996, -9.19642159899997, -9.19670271799996, -9.19749228800001, -9.19836184299992, -9.19928707399992, -9.200212305, -9.20256230300001, -9.20425526699994, -9.206127034, -9.20689425199988, -9.20703430599993, -9.20797619199996, -9.20884759199994, -9.21027379199991, -9.21193420399989, -9.21347252599999, -9.21461637399995, -9.21542913599996, -9.21649290699996, -9.21755667799996, -9.21815753599994, -9.21870817599993, -9.21995805999996, -9.221207944, -9.22301157999993, 
-9.22359991199993, -9.22614796899991, -9.22705800899998, -9.228258367, -9.22889689799998, -9.22861521599994, -9.22905493799991, -9.23060920799999, -9.23093178499995, -9.22984255399998, -9.22940642199995, -9.22924510599993, -9.23066464899996, -9.2312864809999, -9.23195922199996, -9.23318208399998, -9.23441275899993, -9.23531390699997, -9.23623023499994, -9.23714656299991, -9.240901504, -9.24159262599998, -9.24538227299992, -9.24831492799992, -9.25383384699995, -9.2548014889999, -9.25568847499992, 
-9.25657545999995, -9.25841347999997, -9.26075171599999, -9.26202288599992, -9.26360222099994, -9.26637236999991, -9.26778723599991, -9.26796307899998, -9.267503893, -9.26818807099995, -9.26893929799993, -9.27256893299996, -9.27400158300001, -9.27543423399989, -9.27575993999993, -9.27532183099991, -9.27243319900001, -9.27260210999995, -9.27423393299996, -9.27559376099994, -9.27832151199995, -9.27913045399992, -9.27921861499993, -9.27961866299999, -9.28004169899999, -9.27994333899994, -9.28026042099997, 
-9.279271056, -9.27888401899995, -9.27807044099996, -9.27654876899991, -9.27570338699995, -9.2748503829999, -9.27441401999994, -9.2739776569999, -9.27410542399999, -9.27543133999992, -9.27509107299992, -9.27448014899991, -9.27397089399996, -9.27302934599995, -9.27289385099993, -9.27275835599991, -9.27347575599994, -9.27272808399989, -9.27258779799992, -9.27294725499999, -9.27281134099994, -9.27267542699997, -9.27147118699999, -9.2693446759999, -9.26562272499996, -9.26406913099994, -9.263679144, -9.26659802299993, 
-9.26795935799994, -9.27325716699997, -9.27896839700001, -9.27951065299993, -9.28005290999995, -9.28005848499996, -9.28082553499992, -9.28152755799992, -9.28145510599997, -9.28138265300001, -9.28031547999991, -9.28180716699996, -9.28346030499997, -9.28511344299997, -9.28684451599993, -9.28810747199998, -9.28802946999992, -9.28863058099992, -9.29003824699995, -9.29088993899999, -9.29174163199994, -9.29385529399994, -9.29440137599991, -9.29494745799998, -9.29618108399991, -9.29766864099998, -9.29906573799993, 
-9.29925601799996, -9.29901295400001, -9.29876989099997, -9.29779597699994, -9.29661694799991, -9.29574874799993, -9.29561020200001, -9.29488982899992, -9.29175685599995, -9.29051691699994, -9.28989095499993, -9.28866127299997, -9.28928764999993, -9.29069351099999, -9.29209937299996, -9.29496535699995, -9.29637546299992, -9.29700765799991, -9.29763985299999, -9.29918700399993, -9.30032196199996, -9.30236926799997, -9.304546531, -9.30550035299996, -9.30645417499992, -9.30942714999997, -9.31063166499998, 
-9.31167588599996, -9.31272010799994, -9.31420870999991, -9.31796165699993, -9.31999576999992, -9.32067441799994, -9.32108183099999, -9.32371788999996, -9.32643829899998, -9.33018226499996, -9.33124275499996, -9.33211433199995, -9.33325278699991, -9.33673819499999, -9.34027802599996, -9.34218264899989, -9.34332993899996, -9.343574066, -9.34381819299995, -9.34314153799992, -9.34187698200001, -9.342317049, -9.34325927799998, -9.3440193889999, -9.34493601099998, -9.34529665599998, -9.34565730099997, 
-9.34589553499997, -9.34639450499995, -9.34798585199999, -9.34919939299995, -9.35084344999991, -9.35275322400001, -9.35474584299994, -9.35605350999996, -9.35822977699999, -9.35965858599999, -9.36184379999997, -9.363992174, -9.36505292799993, -9.36673217899996, -9.36789069499998, -9.36868142699995, -9.36976112099993, -9.37068803199997, -9.37117467299991, -9.37070153999993, -9.3710338609999, -9.37136618099995, -9.37229722599998, -9.37452755299995, -9.37665381399993, -9.37674409799994, -9.37735873299991, 
-9.37797336799996, -9.37888172099997, -9.38183211999993, -9.38423527499999, -9.38574966399997, -9.3874995159999, -9.38900053999992, -9.39346961399995, -9.39522139499994, -9.40119670799989, -9.40288379399995, -9.40451546399995, -9.40510185099988, -9.40696503499995, -9.40924341199999, -9.41077974699992, -9.41214114399994, -9.41350254099996, -9.41470970999992, -9.4170720609999, -9.42000753999995, -9.42089903699999, -9.42094036199995, -9.42314981899997, -9.42335353899995, -9.42382896299994, -9.42507549599997, 
-9.42693793199997, -9.42747987699995, -9.42799246299991, -9.42850504899996, -9.42833303999993, -9.42190232699996, -9.41587615899989, -9.41455571199997, -9.39663042899999, -9.39513583199997, -9.39516523, -9.3950609729999, -9.39448146199991, -9.39324368899999, -9.3859870489999, -9.38465473399997, -9.382811917, -9.38252315499991, -9.38280669399992, -9.382436275, -9.38115308499997, -9.378781094, -9.37067632099998, -9.37051213499998, -9.3703479499999, -9.37079800099992, -9.37599459599992, -9.37687181899994, 
-9.37749351699996, -9.37689735999992, -9.37554807699993, -9.37488052299994, -9.37191924799988, -9.37020624999999, -9.3703564969999, -9.37203369899994, -9.37195737400002, -9.37142342999989, -9.37088948599994, -9.36874378099995, -9.36769764899999, -9.36285331999992, -9.3612686459999, -9.36051365099996, -9.35965308899998, -9.35989993199998, -9.36381910799998, -9.36603361799998, -9.36648664899998, -9.36593269999998, -9.36411901299993, -9.36005078599994, -9.3584626799999, -9.35683558599992, -9.35246087999998, 
-9.35137844799995, -9.34924972999994, -9.34712101099993, -9.34432208099999, -9.34057912, -9.33964900899996, -9.33871889800001, -9.33787599899999, -9.33544651399997, -9.33406729399998, -9.33506384399992, -9.33520601499996, -9.33455908899999, -9.33300341399997, -9.33015947399994, -9.33003253699992, -9.33104714799994, -9.32923838599994, -9.32802716599999, -9.32643579199995, -9.32649618499998, -9.32507055999997, -9.31751987999997, -9.30943934899991, -9.30625941799997, -9.30601746899994, -9.29466504699997, 
-9.29301856799999, -9.29336347699993, -9.29453053399994, -9.29495493799989, -9.29366593599999, -9.29238689399995, -9.28579026299992, -9.28450952899992, -9.28071758499996, -9.27985944899993, -9.2796047259999, -9.27935000199996, -9.27973289999994, -9.27812661899999, -9.27519887599995, -9.27361610699991, -9.26831606099997, -9.2631938129999, -9.26196172999992, -9.26203092699996, -9.26160337399994, -9.25839293199996, -9.25729822599989, -9.2567982169999, -9.25617295999995, -9.2573466759999, -9.26396750699997, 
-9.26493585299998, -9.26454301499998, -9.26207978199992, -9.26062183799999, -9.25668585799993, -9.25463756200001, -9.25491733499998, -9.25747789699992, -9.25772046600001, -9.25572602299992, -9.25261499599999, -9.25124473399995, -9.24818563599997, -9.24682941699993, -9.24251663499996, -9.24062013699999, -9.23651452299993, -9.232976209, -9.23022087999993, -9.22918917499992, -9.22815746999991, -9.22871390799994, -9.22976608099995, -9.231028973, -9.23102020699998, -9.22943952899994, -9.22345453999998, 
-9.22178000399999, -9.21739981199995, -9.21562660399996, -9.21060097599998, -9.2076179599999, -9.20353473399992, -9.203202978, -9.20287122199991, -9.20310459399994, -9.20288742599991, -9.20068524399996, -9.19472465199989, -9.19332359499997, -9.18914226899995, -9.18774798999996, -9.18667529199993, -9.18672788099993, -9.18678047099993, -9.18801903799991, -9.18998431399999, -9.19186245599995, -9.19140507399995, -9.19096386499994, -9.18508127699994, -9.18220158299997, -9.17948405199992, -9.17661046800001, 
-9.17233580299991, -9.16806113799989, -9.16649726099999, -9.16496365799993, -9.16349556199997, -9.16018323099999, -9.15833206499995, -9.157580164, -9.15819407699999, -9.15958985299993, -9.15901206299999, -9.15625713699995, -9.15532166399991, -9.15560675299997, -9.15435705699995, -9.15287494599998, -9.14707294099998, -9.14080912699996, -9.13910961199994, -9.13846504699999, -9.13858447999992, -9.13815715499991, -9.135334013, -9.13573985799992, -9.13543189099993, -9.12887455499996, -9.12548806999999, 
-9.12341421499999, -9.12256118199993, -9.12178823799993, -9.11989697599994, -9.11857349499995, -9.11591515299991, -9.11346368299993, -9.11185216599991, -9.11022685399999, -9.11194565599992, -9.11134796399994, -9.10977682399997, -9.10629091099993, -9.10411842299995, -9.09956004699991, -9.09330517699992, -9.09061346799996, -9.08804517799991, -9.08440637599993, -9.08271917999995, -9.07786245599992, -9.07262004299994, -9.07056482899998, -9.06916124799993, -9.06920295199992, -9.07028965299995, -9.07173825299999, 
-9.07132691499989, -9.06940515799995, -9.06494070599996, -9.06437929999996, -9.06234422499997, -9.05936872999998, -9.05734392599996, -9.05749821399993, -9.05689274799993, -9.05522468599994, -9.05190195099991, -9.04962257299996, -9.04706501899991, -9.04575479999995, -9.04474619499998, -9.04129336099993, -9.04088477399997, -9.04338985999994, -9.04427254699996, -9.04425955099995, -9.042346176, -9.04040923699997, -9.03520626599997, -9.03427057599991, -9.03109691299996, -9.029632179, -9.02803901199999, 
-9.02256617299996, -9.02121559899994, -9.0207771139999, -9.02065425699995, -9.01977205499996, -9.01256838999998, -9.01121550799996, -9.00953704699999, -9.00946248699995, -9.01026575399989, -9.01629480099993, -9.01622071199993, -9.01538042099995, -9.00496356799994, -9.00314759199997, -9.00120726499992, -9.00153900499992, -9.00406504899994, -9.00453840199994, -9.00319267499997, -9.00127717399993, -9.00124112399997, -8.99817970999997, -8.99654074299999, -8.99573383800002, -8.99558182299996, -8.99655655599997, 
-8.99608133299999, -8.99163334799994, -8.98937612799996, -8.98641689599998, -8.98248951200001, -8.97680832499997, -8.97248029999998, -8.97154460299992, -8.96990634699991, -8.97010175299991, -8.97161232400002, -8.97391574499991, -8.97905680499994, -8.98274713800001, -8.98305996899996, -8.98285119000001, -8.98224105399997, -8.98052997399997, -8.97845768299993, -8.97477091799997, -8.97043578800002, -8.969260165, -8.96914713499998, -8.96862425099997, -8.96728546799995, -8.96397038899993, -8.95947483099993, 
-8.95815982799993, -8.95694141300002, -8.95703389299994, -8.96302352600001, -8.96287588299996, -8.95756818099992, -8.95588591299999, -8.95341966599995, -8.95271648399994, -8.95506203599995, -8.95684948299996, -8.95696407199994, -8.95328832199992, -8.94638073999992, -8.9368782999999, -8.93988052199997, -8.94035791899995, -8.93947220799994, -8.93762528299989, -8.93590137899999, -8.93445185999996, -8.9339799219999, -8.93448987899999, -8.93457519399995, -8.93375261099992, -8.93161443499993, -8.92904264899995, 
-8.92635685499995, -8.92541021599996, -8.92622256599994, -8.926398214, -8.92526799599992, -8.92603826799997, -8.9263026519999, -8.92562793699994, -8.92405979799996, -8.92204809299995, -8.92016586599992, -8.91890402899996, -8.91864167299993, -8.91935498199997, -8.91948642700001, -8.91289484499996, -8.91085645899997, -8.90580097799992, -8.90138618099995, -8.89916626199994, -8.89812599699994, -8.89540437399999, -8.89259607099998, -8.88847465899994, -8.88748001399998, -8.89139916399998, -8.89159853399995, 
-8.89001460599999, -8.88754854599997, -8.88768570199995, -8.88975975699996, -8.88913183699996, -8.88730560899994, -8.88323936599994, -8.88015911999998, -8.87421190699996, -8.87420967299995, -8.87547795199991, -8.87814114999999, -8.87997730699995, -8.88106311299991, -8.88032004799989, -8.87583553099992, -8.87366312199994, -8.87237774699999, -8.86469042199996, -8.86312735699995, -8.86259220999991, -8.8613608439999, -8.86022639999991, -8.8584979729999, -8.85771267799994, -8.85862596999992, -8.85761904899992, 
-8.85329252199996, -8.85133700399999, -8.85034707699997, -8.84601145799998, -8.84453267699993, -8.84448821899998, -8.84304255599991, -8.84165591699993, -8.83945760599994, -8.839044981, -8.84391598999997, -8.84530923599996, -8.84510106599997, -8.84365943999997, -8.84210285199996, -8.83922825499997, -8.83712290399995, -8.83534072000002, -8.83416037699996, -8.823148277, -8.82309935199995, -8.82450720899991, -8.82988680799995, -8.83361235900001, -8.83523911899996, -8.83484463599991, -8.82835291499996, 
-8.82608805599997, -8.82164701399995, -8.82278889099993, -8.823525075, -8.82300830099997, -8.82059397999996, -8.81613545299992, -8.81389303600001, -8.81029030399999, -8.80591213699994, -8.80433971699995, -8.80408097599995, -8.803000648, -8.800336301, -8.80050179099992, -8.79997243, -8.79681146099994, -8.79345933799996, -8.79156001699993, -8.79029772599994, -8.79009990199991, -8.79005946799994, -8.79284054700001, -8.79357203499996, -8.79418032899993, -8.79431109499992, -8.79388018899997, -8.79140668599995, 
-8.78997177499997, -8.78677008399992, -8.78611391599998, -8.78456541099993, -8.7844040279999, -8.78336614999991, -8.78257986499996, -8.77853299799996, -8.7773116669999, -8.7772107989999, -8.77707026199991, -8.77681956799995, -8.77627700999991, -8.77703879499997, -8.77674138399996, -8.7766440729999, -8.77549102699989, -8.77229094699997, -8.76810322599995, -8.76780311899999, -8.76510618499996, -8.762595899, -8.76188168999997, -8.75755600799991, -8.75812112099995, -8.75899023099992, -8.76160312400001, 
-8.76754374099994, -8.77187759199996, -8.77269776999997, -8.77275192699992, -8.76890181799995, -8.76653265199995, -8.76415670599991, -8.76242149899996, -8.7585885789999, -8.75511810399999, -8.74893817799999, -8.74694774399996, -8.74018407599998, -8.737501772, -8.73729239899999, -8.73628870299999, -8.736373563, -8.73888110699991, -8.74009716799998, -8.73632087599999, -8.73381734399997, -8.73160478099996, -8.72918851299996, -8.72741709499994, -8.72375059999998, -8.7209683529999, -8.71608520299999, 
-8.71595455200001, -8.71654507399994, -8.71713559599995, -8.71801014100001, -8.71765852199996, -8.71711068599993, -8.716169076, -8.71188680099998, -8.71080369199998, -8.70972058399998, -8.70607050299995, -8.70469777799997, -8.69925112199997, -8.69895102199992, -8.70090502899995, -8.70314695099999, -8.70617249599995, -8.70933527099989, -8.71157464999991, -8.71300574299992, -8.71367083299997, -8.71261718200001, -8.70863084299996, -8.70397768899998, -8.70102098299995, -8.69801615200002, -8.69746856499992, 
-8.69764525499997, -8.70040870299992, -8.70295292799993, -8.70766447399994, -8.70973970099996, -8.71103332599997, -8.7130881109999, -8.71469273199997, -8.71552372399998, -8.7152876829999, -8.71262920599994, -8.70926195799996, -8.70802756499996, -8.70754900699998, -8.70674908599996, -8.70595218399993, -8.70636495899989, -8.70852245399997, -8.71357386199994, -8.71584503699992, -8.71700076099998, -8.71743489099993, -8.72081954899993, -8.72512244699998, -8.72843351200002, -8.732040028, -8.73323787599999, 
-8.73280725799997, -8.72904760699994, -8.72578249399997, -8.72214112699995, -8.72213989699993, -8.72659509099996, -8.72696360799999, -8.72560749799996, -8.71997427699998, -8.71722907899995, -8.70940209099992, -8.70491601999991, -8.70338153999995, -8.69906377999992, -8.69527810299996, -8.69434264399992, -8.69421317199995, -8.69710658699999, -8.70119618299997, -8.70274149599993, -8.70183586499996, -8.69829743299993, -8.69631508599996, -8.69018812599998, -8.68862769299993, -8.68471962099996, -8.67582610899996, 
-8.67188565599998, -8.66892908499995, -8.6645058359999, -8.66238839699994, -8.66050489499997, -8.65719980599998, -8.65672516799997, -8.65821097399989, -8.6591589879999, -8.66081821899996, -8.66257343199997, -8.66517875799998, -8.66671200400001, -8.66848055899997, -8.66958278899995, -8.67028980299992, -8.668398302, -8.66938311999995, -8.67806927799993, -8.67904590599991, -8.67867668699992, -8.67234570499994, -8.66483234699992, -8.658609434, -8.65655826099992, -8.6552172529999, -8.65206474499992, -8.64593868199993, 
-8.64366785399998, -8.63592572899995, -8.63164122699992, -8.628751407, -8.62717343, -8.62735232199997, -8.62869266799994, -8.62977878199992, -8.63215705699997, -8.63644460099998, -8.63513231099994, -8.6333767739999, -8.63203070699999, -8.63300874499991, -8.64547987599998, -8.645676495, -8.64284877399998, -8.63911799999993, -8.63699510899997, -8.63419399799993, -8.62909017099996, -8.62652193599992, -8.6241161309999, -8.62295088499994, -8.62283323099998, -8.62003789099997, -8.61745651, -8.61353590999997, 
-8.61101735899995, -8.60885184699992, -8.60704236199995, -8.60406599099997, -8.60142584999993, -8.59959333800001, -8.59596194700002, -8.59227287599996, -8.58794387699989, -8.58512210100001, -8.57889525799994, -8.571715711, -8.5702642809999, -8.57051850799998, -8.56998914599997, -8.57006617899994, -8.56832326899998, -8.56534067399993, -8.56196932199996, -8.55852990099995, -8.55104656899993, -8.54790073599997, -8.545845528, -8.53854442099996, -8.53442183799991, -8.5285660009999, -8.52409080899999, 
-8.52067405, -8.514804467, -8.509862256, -8.50292905299993, -8.50043178899998, -8.50043251699995, -8.50045532899998, -8.50045312899997, -8.50045285599995, -8.50045439899999, -8.50044199899994, -8.50035693199992)))"
1100908,Castanheiras,11,RO,"list(list(c(-61.9419257279999, -61.939140902, -61.935177239, -61.932671055, -61.929778051, -61.927606448, -61.9273401279999, -61.923867877, -61.918578081, -61.9179762329999, -61.911892456, -61.903201685, -61.8993056409999, -61.894841615, -61.889429429, -61.8831717089999, -61.8794218839999, -61.8782122409999, -61.876647162, -61.873894674, -61.87120103, -61.8688100239999, -61.8669505069999, -61.8633373129999, -61.8601966589999, -61.855179074, -61.850891101, -61.8466463619999, -61.843424236, -61.8412015649999, 
-61.8348960009999, -61.8345669809999, -61.822500434, -61.8138126809999, -61.8107307719999, -61.80142753, -61.796951299, -61.795945684, -61.7957982459999, -61.795491465, -61.794418282, -61.7908104639999, -61.785342966, -61.775089517, -61.7648419419999, -61.756008016, -61.751857588, -61.741233736, -61.7387545979999, -61.736943834, -61.735252938, -61.735117696, -61.732835032, -61.7327821169999, -61.734583835, -61.738035328, -61.736376516, -61.728980106, -61.728338256, -61.732141465, -61.7300909509999, 
-61.7296731109999, -61.7271959649999, -61.71608861, -61.7173910129999, -61.7165000049999, -61.721414697, -61.7148406439999, -61.713644957, -61.7168949949999, -61.716586712, -61.717202506, -61.716841243, -61.712091059, -61.710729587, -61.7063396509999, -61.706446544, -61.702391842, -61.697534866, -61.6960904849999, -61.6965575229999, -61.6946078289999, -61.6920081739999, -61.6893112669999, -61.687895907, -61.685453114, -61.6869779449999, -61.682975248, -61.683475705, -61.678866773, -61.6740028359999, 
-61.6723683519999, -61.669817043, -61.669311632, -61.66658573, -61.663529963, -61.6575952619999, -61.6546981609999, -61.6527336219999, -61.649304913, -61.6421161939999, -61.6375046879999, -61.6349537519999, -61.6305358539999, -61.6285862669999, -61.6268398689999, -61.619619352, -61.6208896309999, -61.620112083, -61.615556027, -61.6148795389999, -61.614218637, -61.6481040229999, -61.6863274289999, -61.722669455, -61.7581152939999, -61.759907719, -61.794889481, -61.7953793089999, -61.833670728, -61.842511813, 
-61.86956801, -61.903263771, -61.907482509, -61.9137780549999, -61.9808376169999, -62.001303889, -62.0004257589999, -62.016497939, -62.035156203, -62.053371521, -62.086120245, -62.084983563, -62.083507413, -62.0832555379999, -62.082039758, -62.08234355, -62.0848198569999, -62.084258601, -62.0825320179999, -62.082675217, -62.084309262, -62.0845651059999, -62.083587685, -62.0836680549999, -62.0860912539999, -62.0835122129999, -62.0820104469999, -62.079984472, -62.081310188, -62.07945176, -62.079643408, 
-62.078646802, -62.0786150339999, -62.07470373, -62.072450566, -62.069371979, -62.068400103, -62.066954501, -62.0658111899999, -62.061503732, -62.06148206, -62.062844237, -62.062641701, -62.058619611, -62.0565857029999, -62.0550624649999, -62.053032259, -62.0529208199999, -62.0498400079999, -62.0475012979999, -62.045002487, -62.0439780359999, -62.0408873849999, -62.0407266499999, -62.039921936, -62.039894582, -62.0388395719999, -62.0399516589999, -62.037423135, -62.0363077069999, -62.0341173579999, 
-62.0326703979999, -62.0319014959999, -62.032203923, -62.029092744, -62.028642011, -62.0266973499999, -62.027039276, -62.0290882729999, -62.0295870999999, -62.028892516, -62.025838415, -62.0261747159999, -62.024843277, -62.023845989, -62.023336407, -62.022038048, -62.0223938449999, -62.021311344, -62.0212564019999, -62.021619931, -62.0239539909999, -62.0250951189999, -62.0232841249999, -62.0242277399999, -62.021509153, -62.0193388649999, -62.019867734, -62.021032388, -62.019842794, -62.0206134119999, 
-62.018372845, -62.0152279289999, -62.0133159869999, -62.0132030989999, -62.014538162, -62.008480688, -62.009479007, -62.008811363, -62.00939564, -62.009034771, -62.0098699119999, -62.008703614, -62.00583861, -62.0045104639999, -62.0052016339999, -62.0047531009999, -62.00131197, -61.997213718, -61.99609277, -61.9960860299999, -61.997396277, -61.9966688679999, -61.995259392, -61.9957542219999, -61.994980902, -61.9960393069999, -61.9937844549999, -61.994283952, -61.9941194859999, -61.993173295, -61.992313043, 
-61.9938918909999, -61.9927595939999, -61.991865717, -61.9908680159999, -61.991528785, -61.991088592, -61.9892541999999, -61.990535622, -61.9885118979999, -61.9867050379999, -61.9843715469999, -61.981841516, -61.9792260469999, -61.9781999469999, -61.977704373, -61.9761206149999, -61.9779187189999, -61.973616095, -61.9722798229999, -61.969590808, -61.967754856, -61.966313023, -61.964925226, -61.9644467109999, -61.963060489, -61.962058092, -61.9609464869999, -61.9597004319999, -61.9578688089999, -61.95905775, 
-61.9572009729999, -61.9585855459999, -61.9570350899999, -61.958010954, -61.9568963969999, -61.956228928, -61.954869055, -61.9545380199999, -61.952483076, -61.947734321, -61.946921429, -61.943232737, -61.9419257279999, -11.296294877, -11.2966833279999, -11.295464191, -11.2959885549999, -11.2961100839999, -11.298098652, -11.298342271, -11.2917577769999, -11.2923817239999, -11.292453212, -11.300435203, -11.31785322, -11.324105457, -11.3279765719999, -11.3300016709999, -11.332837686, -11.3374283289999, 
-11.3394900979999, -11.3421554229999, -11.347324666, -11.353366154, -11.3580536349999, -11.361078123, -11.3653507929999, -11.36874796, -11.3715521969999, -11.3743613259999, -11.376546434, -11.377393338, -11.3815845399999, -11.3842596059999, -11.384193904, -11.381790241, -11.385137225, -11.386557413, -11.3883249939999, -11.3906099619999, -11.3977271599999, -11.3978323209999, -11.399747754, -11.404532752, -11.4061039019999, -11.4084849129999, -11.409623749, -11.4099742099999, -11.412446724, -11.4140631849999, 
-11.412856746, -11.412971768, -11.4158500369999, -11.4203351849999, -11.423847376, -11.4271710129999, -11.4297012599999, -11.4335796279999, -11.437040037, -11.439675076, -11.4394653179999, -11.440468209, -11.449654031, -11.452919723, -11.461078499, -11.466110686, -11.4632183269999, -11.4673340089999, -11.472306784, -11.4757432389999, -11.4820071239999, -11.490922599, -11.494091548, -11.5005802689999, -11.5056865619999, -11.5115410819999, -11.5135377579999, -11.516390291, -11.515473728, -11.521684545, 
-11.5239704409999, -11.5234157059999, -11.5276322789999, -11.535040492, -11.536611299, -11.5352782919999, -11.53230087, -11.532454549, -11.537655784, -11.5400929069999, -11.542581839, -11.5461898459999, -11.547340019, -11.5479194419999, -11.550827711, -11.553075946, -11.5532738879999, -11.5543369449999, -11.552189902, -11.5568847359999, -11.5572896259999, -11.5598057989999, -11.5609293059999, -11.560346201, -11.5627271079999, -11.5613322269999, -11.5607553589999, -11.564131907, -11.56715706, -11.5697915389999, 
-11.5736337889999, -11.576067006, -11.578510051, -11.583578676, -11.583829057, -11.5839794509999, -11.5841452539999, -11.5842975429999, -11.5844413169999, -11.58444835, -11.5845874249999, -11.584588686, -11.5847341789999, -11.584767466, -11.5848665819999, -11.584986944, -11.5850017559999, -11.585023845, -11.5852496349999, -11.5853149349999, -11.500245394, -11.5003031269999, -11.500369061, -11.5004316019999, -11.500541673, -11.4986058599999, -11.4992179179999, -11.4974709599999, -11.4966435439999, 
-11.494512265, -11.4928704109999, -11.4905980879999, -11.4895428319999, -11.488141528, -11.487281533, -11.4843086879999, -11.48190983, -11.479659295, -11.476807035, -11.4731953679999, -11.468489959, -11.4680510209999, -11.466447127, -11.461062593, -11.460133821, -11.4601333379999, -11.45876549, -11.4578943559999, -11.4563346479999, -11.4554701979999, -11.45289811, -11.453322796, -11.4508458389999, -11.4483567059999, -11.446566609, -11.4454992759999, -11.44289537, -11.440408169, -11.4398096839999, 
-11.439824326, -11.4373893009999, -11.4360495199999, -11.4356756549999, -11.435059393, -11.431936467, -11.4313390449999, -11.431132836, -11.4311219759999, -11.4299004339999, -11.4289686139999, -11.427939302, -11.427102832, -11.4264808389999, -11.4256152949999, -11.4266064539999, -11.4260105829999, -11.4250800629999, -11.422197074, -11.417829084, -11.415538956, -11.413872515, -11.412284745, -11.411224066, -11.410387256, -11.406214374, -11.4035279879999, -11.4024537049999, -11.4004570339999, -11.4004571469999, 
-11.399063531, -11.398496633, -11.3974952829999, -11.396814137, -11.3938601479999, -11.3924178239999, -11.390677657, -11.387915317, -11.3851593209999, -11.3818925859999, -11.381338026, -11.381440535, -11.374868474, -11.3745333379999, -11.373624782, -11.3725764209999, -11.3708961959999, -11.371471959, -11.370916103, -11.3692160699999, -11.367836257, -11.366198739, -11.3615750299999, -11.360417594, -11.359651107, -11.358190663, -11.3572194339999, -11.355862192, -11.3537362619999, -11.352390501, -11.350598931, 
-11.349670295, -11.3491535669999, -11.347817656, -11.3453588969999, -11.3435143839999, -11.343210438, -11.3423680929999, -11.3424336939999, -11.340926023, -11.340112673, -11.338865827, -11.338227498, -11.336787794, -11.3357896699999, -11.3363633469999, -11.334799731, -11.333877605, -11.332744158, -11.3338450199999, -11.3331989209999, -11.3312988699999, -11.329975736, -11.3292624439999, -11.327633366, -11.32630873, -11.326580195, -11.3247280349999, -11.324731221, -11.323905228, -11.323913851, -11.321258057, 
-11.319669747, -11.3187893539999, -11.3168695869999, -11.314623253, -11.312532163, -11.310833106, -11.3090706529999, -11.306580999, -11.3038699779999, -11.3027869379999, -11.303316288, -11.3029158249999, -11.302887187, -11.302559642, -11.300563978, -11.300650141, -11.298703929, -11.298304366, -11.296818825, -11.2959802659999, -11.2920663989999, -11.291599011, -11.29053172, -11.29040804, -11.2912770129999, -11.292760004, -11.2935290939999, -11.296294877)))"
1100924,Chupinguaia,11,RO,"list(list(c(-60.6569476659999, -60.655415596, -60.653442501, -60.6528322709999, -60.6506044879999, -60.6499852999999, -60.6853857549999, -60.6845667049999, -60.6837476549999, -60.683367903, -60.683331507, -60.681721452, -60.680917441, -60.681223304, -60.6844572709999, -60.6849444649999, -60.6853075459999, -60.684374761, -60.684335291, -60.6845500549999, -60.685432389, -60.686755181, -60.6897108079999, -60.690777219, -60.6925854219999, -60.6959212689999, -60.696946506, -60.6996378369999, -60.7004141349999, 
-60.705671174, -60.7075298839999, -60.7103375579999, -60.716145938, -60.718198261, -60.719780537, -60.7209181949999, -60.7220033749999, -60.7266449149999, -60.7288080639999, -60.7319923489999, -60.7342547419999, -60.7352305269999, -60.736366579, -60.737437978, -60.739866358, -60.7415245409999, -60.745501468, -60.7496318129999, -60.755407958, -60.756168885, -60.759359057, -60.7598361329999, -60.760528688, -60.7615017329999, -60.767036169, -60.7710301319999, -60.772059935, -60.773505711, -60.7760568859999, 
-60.777970485, -60.781495498, -60.783392348, -60.784117141, -60.785365172, -60.788611312, -60.790587583, -60.791620656, -60.7970826009999, -60.8000023389999, -60.801003337, -60.804188778, -60.809170052, -60.809465469, -60.810001214, -60.8094198699999, -60.8089449779999, -60.808838525, -60.628697979, -60.6399483979999, -60.4464739799999, -60.446451695, -60.4436486249999, -60.443638364, -60.4448337819999, -60.4466947729999, -60.4477448819999, -60.448525613, -60.4506672919999, -60.452469341, -60.453921151, 
-60.455004168, -60.4568896859999, -60.4587842289999, -60.46080371, -60.461642176, -60.4654716359999, -60.4659514429999, -60.4671107729999, -60.4675831819999, -60.468747407, -60.4699028759999, -60.470388739, -60.4715315589999, -60.47131008, -60.4748392619999, -60.474338944, -60.475388009, -60.475639818, -60.4748946149999, -60.4755494999999, -60.475306421, -60.476085852, -60.4780269509999, -60.4791402859999, -60.4792827739999, -60.482613481, -60.482488841, -60.4823928159999, -60.4836689899999, -60.486168548, 
-60.486645229, -60.486581695, -60.488422721, -60.489250296, -60.490060552, -60.491665473, -60.491663774, -60.4950879639999, -60.4956714899999, -60.4990258549999, -60.499359036, -60.498666726, -60.5005830539999, -60.5037190509999, -60.503916829, -60.504951487, -60.5056649789999, -60.5081712579999, -60.511835775, -60.514144657, -60.5148323059999, -60.5151673789999, -60.514862744, -60.515946001, -60.5170320699999, -60.519279693, -60.519588303, -60.52078012, -60.521441666, -60.523053766, -60.5254165749999, 
-60.5265601, -60.527396338, -60.5287507429999, -60.5293052819999, -60.529997623, -60.529422364, -60.5299992769999, -60.53086607, -60.532139124, -60.5339495139999, -60.534977751, -60.5373587969999, -60.539484752, -60.539951805, -60.540693227, -60.5409719799999, -60.541944055, -60.542587914, -60.5469509219999, -60.548114358, -60.5487610589999, -60.5501242729999, -60.550330668, -60.5525907099999, -60.553310966, -60.5548373729999, -60.5586442389999, -60.559027086, -60.558500674, -60.559750187, -60.562329765, 
-60.562256035, -60.5621585439999, -60.5621512839999, -60.5621500329999, -60.5621489009999, -60.562145401, -60.562145216, -60.562145119, -60.56214504, -60.5621449889999, -60.5621449689999, -60.5621449584999, -60.5621449529999, -60.562078582, -60.562067906, -60.561998379, -60.5618495949999, -60.5618449949999, -60.5618384429999, -60.561837319, -60.56180941, -60.562590029, -60.5654218599999, -60.566225844, -60.568470106, -60.569672317, -60.571943028, -60.572773234, -60.5728663769999, -60.5736402909999, 
-60.572913151, -60.57189092, -60.5728060759999, -60.5769442759999, -60.5761084689999, -60.5770775979999, -60.5762263319999, -60.575416602, -60.5779477309999, -60.5778632869999, -60.576255132, -60.575084572, -60.576501384, -60.577422431, -60.577954763, -60.5803920339999, -60.582035086, -60.582136491, -60.584338341, -60.5858361, -60.5851136389999, -60.5825219979999, -60.581582186, -60.585639965, -60.585394908, -60.588145381, -60.5913036539999, -60.59289312, -60.5948312779999, -60.5939733879999, -60.596946465, 
-60.5964126299999, -60.5943117469999, -60.592473946, -60.589857706, -60.5898590589999, -60.589260939, -60.5898344659999, -60.5935042899999, -60.594367612, -60.5986418949999, -60.5994203389999, -60.599251217, -60.5998875459999, -60.605500831, -60.6108352479999, -60.611250678, -60.6126556039999, -60.6144423559999, -60.61775955, -60.6219693589999, -60.625870181, -60.629063424, -60.644173052, -60.649755969, -60.6520151239999, -60.6527814789999, -60.652812435, -60.652562981, -60.6520323199999, -60.651312807, 
-60.6501138319999, -60.649031725, -60.647211434, -60.646388582, -60.646174136, -60.645919437, -60.6457806759999, -60.6452505009999, -60.6446478889999, -60.643890624, -60.6435641009999, -60.6431438609999, -60.64297922, -60.643451763, -60.6443604739999, -60.6445008529999, -60.6457857449999, -60.6478370579999, -60.649040219, -60.649834958, -60.65011367, -60.649864011, -60.64956077, -60.6495342479999, -60.649222008, -60.648533265, -60.648001558, -60.647811155, -60.6474777299999, -60.647363662, -60.6469492689999, 
-60.6469732689999, -60.6468424779999, -60.646391006, -60.6453909459999, -60.645420539, -60.646224694, -60.646451073, -60.648107342, -60.648163076, -60.6480538279999, -60.648402531, -60.6499940959999, -60.650229626, -60.6507508649999, -60.6512262139999, -60.651837342, -60.652254958, -60.6528617079999, -60.653444514, -60.654476102, -60.655194327, -60.6573082139999, -60.6583938259999, -60.6598365659999, -60.662058966, -60.662776498, -60.6658940089999, -60.6698376669999, -60.670312769, -60.672612621, 
-60.673110376, -60.6734509919999, -60.6730900589999, -60.673254446, -60.6740839669999, -60.675615917, -60.6756414779999, -60.6765275329999, -60.6772759479999, -60.6782309589999, -60.679139871, -60.6805046999999, -60.6829161869999, -60.683894967, -60.684366442, -60.6853321669999, -60.687413789, -60.688197831, -60.690748896, -60.693474699, -60.6950347969999, -60.695889986, -60.697252346, -60.698254673, -60.69872367, -60.699395629, -60.7014464689999, -60.7019480439999, -60.704422817, -60.705276638, 
-60.7065077459999, -60.707865548, -60.7088654159999, -60.710672499, -60.7124170759999, -60.713639652, -60.7150291759999, -60.7158062539999, -60.717589198, -60.718888894, -60.7210642069999, -60.721861956, -60.7211135369999, -60.720422373, -60.720283886, -60.720666056, -60.7231423469999, -60.723741799, -60.725006043, -60.726004819, -60.726526284, -60.7289794449999, -60.729169412, -60.730525806, -60.732197597, -60.733145041, -60.733640185, -60.736142698, -60.7364442309999, -60.7403337529999, -60.745035069, 
-60.7467529509999, -60.7480892739999, -60.750611764, -60.751645196, -60.754916614, -60.756921644, -60.757619579, -60.7607496279999, -60.7630308099999, -60.7655316449999, -60.7662552289999, -60.772361615, -60.7750058789999, -60.776476964, -60.776838903, -60.7821956239999, -60.785277803, -60.786806166, -60.789563767, -60.789978827, -60.7909473839999, -60.79080975, -60.7922534389999, -60.7942833079999, -60.7958391569999, -60.800748792, -60.803531526, -60.805611828, -60.809114676, -60.81095239, -60.8117068, 
-60.8128053249999, -60.813078443, -60.81433502, -60.8149526179999, -60.8154503649999, -60.816866003, -60.8193392279999, -60.820084968, -60.8208082549999, -60.822533037, -60.823057294, -60.8236744459999, -60.8253648929999, -60.828115425, -60.8311960649999, -60.834419851, -60.8369796899999, -60.8383408249999, -60.8395653819999, -60.8437254309999, -60.844723122, -60.844778558, -60.847089763, -60.848699481, -60.851421119, -60.8532274139999, -60.854338205, -60.8591444199999, -60.8599762039999, -60.8612576039999, 
-60.863003002, -60.864760235, -60.866647394, -60.868866493, -60.871223372, -60.8717227449999, -60.8732011499999, -60.8738356199999, -60.873501168, -60.8735090959999, -60.875415063, -60.877363195, -60.8788871689999, -60.8819515659999, -60.8842823059999, -60.884700943, -60.88652681, -60.88819576, -60.8894513119999, -60.8908917269999, -60.8930119349999, -60.895278444, -60.8980892689999, -60.899475609, -60.900312925, -60.900951339, -60.9041467789999, -60.906166578, -60.9077321149999, -60.9085338839999, 
-60.9096393529999, -60.9090285779999, -60.909167095, -60.90964451, -60.910689847, -60.911032089, -60.91189837, -60.913228421, -60.913670856, -60.914402823, -60.915928413, -60.9172804849999, -60.9180091209999, -60.9189494789999, -60.9197693479999, -60.921535032, -60.922424012, -60.9255703909999, -60.9263887419999, -60.9269253769999, -60.9276752229999, -60.928591789, -60.930724678, -60.931505932, -60.9322218409999, -60.933447412, -60.9337505789999, -60.9341699769999, -60.935893218, -60.936527982, -60.9365876849999, 
-60.936787628, -60.93733603, -60.9385358529999, -60.943057884, -60.947142277, -60.9485335959999, -60.9501987039999, -60.9517790389999, -60.9538387309999, -60.9561661639999, -60.957595489, -60.9597588889999, -60.9611460639999, -60.962448303, -60.967056816, -60.9705055539999, -60.971225422, -60.972419589, -60.971647315, -60.9713707299999, -60.9717837199999, -60.972397872, -60.9726738219999, -60.972639714, -60.972310791, -60.972505191, -60.972339566, -60.9732521, -60.973532743, -60.9733947989999, -60.9725342679999, 
-60.972201832, -60.9727553859999, -60.9742035779999, -60.975115105, -60.976561107, -60.97775368, -60.9785357499999, -60.979115971, -60.9793700899999, -60.9792303079999, -60.9798336589999, -60.97986641, -60.980507373, -60.981177298, -60.982811833, -60.9851739269999, -60.9852546049999, -60.985039088, -60.982678738, -60.978727926, -60.978284006, -60.978114399, -60.97745322, -60.977093443, -60.975923994, -60.9750032669999, -60.9746959929999, -60.9743620619999, -60.9737254789999, -60.9730598999999, -60.972898509, 
-60.973088355, -60.974170582, -60.975275638, -60.9771971719999, -60.9798591629999, -60.9798928909999, -60.9796480179999, -60.978618914, -60.97777967, -60.9733414059999, -60.9710309559999, -60.969673023, -60.968481113, -60.968057183, -60.967639775, -60.967697478, -60.967230554, -60.968256836, -60.968590934, -60.9687814949999, -60.969338308, -60.969400079, -60.9698087039999, -60.970026248, -60.970034601, -60.9703407339999, -60.970284184, -60.970836859, -60.9713875739999, -60.9715843339999, -60.971703034, 
-60.971388024, -60.970391993, -60.96997346, -60.969556714, -60.9693997449999, -60.968458671, -60.9661202189999, -60.965227542, -60.9646432699999, -60.9643394019999, -60.9645078399999, -60.9650861489999, -60.965925189, -60.96608736, -60.9665572819999, -60.9676187549999, -60.9681164639999, -60.9687288529999, -60.969648054, -60.969782658, -60.9708705469999, -60.9724544389999, -60.9744386509999, -60.975926838, -60.9769225789999, -60.978249956, -60.9802802149999, -60.9818386539999, -60.982119597, -60.983167032, 
-60.983453717, -60.983532168, -60.9838447499999, -60.983893834, -60.983586684, -60.983285194, -60.983699781, -60.984286985, -60.985561966, -60.988202018, -60.989981573, -60.990686801, -60.9912024929999, -60.991027484, -60.990372211, -60.990592297, -60.991104055, -60.992477354, -60.9944218159999, -60.99511363, -60.9958666329999, -60.9960661929999, -60.996730567, -60.9978693429999, -60.998535838, -60.9996161339999, -61.000927777, -61.001530547, -61.002005341, -61.0021768, -61.002917835, -61.003473991, 
-61.004120023, -61.0062856089999, -61.006843197, -61.0069671249999, -61.0069564559999, -61.0068397389999, -61.006689942, -61.006117772, -61.006148781, -61.006862439, -61.008783347, -61.0092360799999, -61.0102821419999, -61.0137859439999, -61.0155581459999, -61.0178359499999, -61.019588614, -61.0198368569999, -61.0235970259999, -61.024424336, -61.026143763, -61.027837632, -61.0297031529999, -61.0304481029999, -61.030645891, -61.0305892609999, -61.030729844, -61.031252289, -61.0308977989999, -61.031003653, 
-61.031976103, -61.0323127429999, -61.033454166, -61.0354146129999, -61.0367049829999, -61.038310203, -61.04040681, -61.041649373, -61.042064189, -61.0423224309999, -61.0437060089999, -61.045137455, -61.045425351, -61.0454722249999, -61.044999419, -61.044810448, -61.0461040659999, -61.046365898, -61.046803483, -61.0480366319999, -61.0479238949999, -61.047174057, -61.0467238499999, -61.046057934, -61.045894545, -61.0478163229999, -61.0499514969999, -61.0512017089999, -61.052702365, -61.053118588, 
-61.053305887, -61.052807737, -61.052780593, -61.054003423, -61.0546177479999, -61.055087592, -61.055477936, -61.0562578459999, -61.05714101, -61.058452643, -61.059643211, -61.0606150349999, -61.066950274, -61.067923564, -61.0686745639999, -61.0692608269999, -61.070945601, -61.072145774, -61.072726144, -61.07544197, -61.0757328399999, -61.0780641859999, -61.0788669519999, -61.079865921, -61.080951091, -61.0837285979999, -61.0848172609999, -61.0866175049999, -61.088038213, -61.0888654529999, -61.089837753, 
-61.0924035249999, -61.092620142, -61.0933082769999, -61.095424468, -61.096780469, -61.100196955, -61.102509332, -61.1038397939999, -61.105700538, -61.106564339, -61.110094143, -61.110846088, -61.112691151, -61.115618058, -61.11814945, -61.1249205439999, -61.126726299, -61.129233117, -61.130097084, -61.1310067169999, -61.1312851089999, -61.1320869199999, -61.1327726999999, -61.1342795749999, -61.1355014759999, -61.1363684849999, -61.140288254, -61.144259308, -61.1451740489999, -61.146396442, -61.148150141, 
-61.149670595, -61.1514472549999, -61.1533291379999, -61.15589349, -61.1569469819999, -61.1581188449999, -61.161311175, -61.1635068719999, -61.1654281349999, -61.1663149259999, -61.1674217779999, -61.167973272, -61.1680880649999, -61.168021939, -61.168012304, -61.16830768, -61.1690799259999, -61.1702264569999, -61.169448564, -61.1694763199999, -61.17041814, -61.169753444, -61.169201842, -61.168338877, -61.1678993409999, -61.167622281, -61.170397877, -61.1705334339999, -61.171368136, -61.1739772299999, 
-61.174837591, -61.176011684, -61.17656554, -61.176829891, -61.1770023839999, -61.177843276, -61.1778456219999, -61.180120946, -61.180695697, -61.1815859299999, -61.1823959549999, -61.182783145, -61.1832798579999, -61.184530859, -61.187923677, -61.1894768339999, -61.191895071, -61.193060515, -61.193896808, -61.195731102, -61.1949522049999, -61.19464581, -61.192230561, -61.190841383, -61.191116173, -61.1918078379999, -61.1925907659999, -61.1943857489999, -61.195257978, -61.1954815509999, -61.1952885929999, 
-61.194368672, -61.1929772929999, -61.1918448779999, -61.191532121, -61.1927230359999, -61.193394046, -61.195057563, -61.1962289139999, -61.1968996979999, -61.1974536149999, -61.1980931479999, -61.1990671689999, -61.1999479209999, -61.202213808, -61.204564959, -61.2109480029999, -61.212061391, -61.21291901, -61.214165634, -61.21525776, -61.216232748, -61.222029213, -61.225308196, -61.228451036, -61.2303968409999, -61.2312287729999, -61.2316463469999, -61.232341294, -61.232535748, -61.2325628089999, 
-61.2330053059999, -61.233425309, -61.2344716919999, -61.2355943759999, -61.2365665849999, -61.2397245669999, -61.2408383149999, -61.241450716, -61.2432075569999, -61.2441988689999, -61.2452211759999, -61.246339137, -61.2497252009999, -61.2518100849999, -61.2532547659999, -61.254921296, -61.2570657339999, -61.26377439, -61.269035499, -61.270006502, -61.271092041, -61.2720088739999, -61.272763186, -61.2733916589999, -61.2744520839999, -61.2753976819999, -61.276312097, -61.279142647, -61.2803946599999, 
-61.281282586, -61.2821490089999, -61.2844458129999, -61.285421243, -61.2860339639999, -61.286422584, -61.287423097, -61.2886467439999, -61.293951839, -61.297639332, -61.299342831, -61.302280957, -61.3035364569999, -61.3044017649999, -61.3072568969999, -61.308197164, -61.310281615, -61.311030413, -61.3121767039999, -61.314502228, -61.315425593, -61.315788333, -61.3160137419999, -61.3166454989999, -61.319308976, -61.320060436, -61.320752509, -61.3216715049999, -61.322678782, -61.3235939389999, -61.32752843, 
-61.328677214, -61.3299754599999, -61.330926949, -61.3340844849999, -61.337137029, -61.337974117, -61.3385888659999, -61.3390891579999, -61.3395873389999, -61.341563975, -61.342615166, -61.3432328479999, -61.3442821479999, -61.344727688, -61.344783023, -61.344314361, -61.3437566069999, -61.34356679, -61.3448982099999, -61.3444201149999, -61.342288281, -61.341344847, -61.3405090419999, -61.339843221, -61.339724022, -61.3399788129999, -61.340695487, -61.342039343, -61.3445666919999, -61.345396325, 
-61.345611963, -61.346093689, -61.347340757, -61.34875585, -61.3492290109999, -61.34915199, -61.3487018019999, -61.347646063, -61.3465957609999, -61.3446775619999, -61.3427302569999, -61.3401251039999, -61.338196327, -61.336705764, -61.3358355849999, -61.334811691, -61.334225109, -61.332486667, -61.331842665, -61.3318637999999, -61.3325015429999, -61.335063357, -61.335979837, -61.3370849439999, -61.338068634, -61.339030691, -61.3420100889999, -61.3421741069999, -61.3418692159999, -61.3407774029999, 
-61.3385382509999, -61.3372321889999, -61.337066556, -61.335414595, -61.3331177419999, -61.333144266, -61.3322318019999, -61.3313443139999, -61.3309212549999, -61.3308076309999, -61.330341132, -61.329702947, -61.329563925, -61.3289843279999, -61.325315149, -61.324398822, -61.3232557989999, -61.322089378, -61.3200654469999, -61.31908042, -61.316116694, -61.315729259, -61.3160087669999, -61.316450872, -61.316898725, -61.316457391, -61.315587478, -61.3149762089999, -61.3142063889999, -61.310837642, 
-61.3101186709999, -61.309198049, -61.3088146459999, -61.3082720099999, -61.3069263509999, -61.304761851, -61.30334251, -61.3017553839999, -61.297641315, -61.2954243119999, -61.294063407, -61.2928124979999, -61.292343305, -61.291784933, -61.29111264, -61.2889256889999, -61.2883168179999, -61.288230233, -61.2890019699999, -61.2886697979999, -61.287823781, -61.2870386559999, -61.285114297, -61.2844243339999, -61.2840887189999, -61.283753104, -61.283315026, -61.2826696019999, -61.2804348159999, -61.2795861769999, 
-61.278031451, -61.274699626, -61.273811348, -61.272923069, -61.271644685, -61.27095229, -61.270702271, -61.269697337, -61.26819539, -61.267026829, -61.2661160199999, -61.265309394, -61.2642868789999, -61.2594187419999, -61.2581176289999, -61.25736872, -61.2584470579999, -61.2599243009999, -61.2605357209999, -61.260080259, -61.2585911789999, -61.2568658869999, -61.2551405949999, -61.2539495349999, -61.253627653, -61.2531701409999, -61.2530607509999, -61.250481251, -61.249640742, -61.247672035, -61.2466698279999, 
-61.2457536489999, -61.245980311, -61.245753039, -61.244287694, -61.243537523, -61.2416977089999, -61.2395038399999, -61.238606839, -61.237341741, -61.2361461529999, -61.2355618139999, -61.2347777049999, -61.233230041, -61.231813346, -61.230140483, -61.2291419119999, -61.2284190889999, -61.228425782, -61.22864417, -61.2288625579999, -61.2268963439999, -61.2260224489999, -61.225148555, -61.224011541, -61.222697962, -61.220757615, -61.218420985, -61.2180350429999, -61.218113655, -61.218648251, -61.2182593059999, 
-61.2176140569999, -61.218063391, -61.21825011, -61.2175893499999, -61.216616421, -61.215753492, -61.215143474, -61.2145845469999, -61.214534638, -61.214839065, -61.2133384899999, -61.212201318, -61.2117024439999, -61.2108629429999, -61.209446945, -61.2076950849999, -61.2062021479999, -61.206670996, -61.2060904089999, -61.2018117309999, -61.200925583, -61.200671993, -61.201344488, -61.198675565, -61.196228401, -61.193090646, -61.1930898889999, -61.195891099, -61.196118643, -61.195086036, -61.1926152409999, 
-61.188781477, -61.187561195, -61.186288932, -61.1861394979999, -61.185642941, -61.184394454, -61.183612864, -61.1828933709999, -61.1815866919999, -61.181009822, -61.180781423, -61.181503511, -61.18264262, -61.183611821, -61.184956303, -61.185395241, -61.1841445919999, -61.182731984, -61.18181157, -61.1802804639999, -61.179920414, -61.181092295, -61.1824178389999, -61.183982128, -61.184698506, -61.183237334, -61.180339838, -61.1802825759999, -61.1831424459999, -61.1872548429999, -61.186559498, -61.186203415, 
-61.1865074229999, -61.1876751249999, -61.1890312429999, -61.189670818, -61.1888667859999, -61.187916318, -61.1867220979999, -61.1860908249999, -61.186137166, -61.185342034, -61.1851723729999, -61.189059622, -61.189265513, -61.189360041, -61.1895827939999, -61.189087335, -61.189863551, -61.19061758, -61.191922714, -61.191781856, -61.1931166939999, -61.19394504, -61.194644547, -61.1937512229999, -61.193783629, -61.193534651, -61.1948923999999, -61.1950874729999, -61.1948375799999, -61.194227503, -61.1944824069999, 
-61.1940635779999, -61.195370635, -61.1968414529999, -61.1981468909999, -61.197360552, -61.197176053, -61.198280708, -61.197452117, -61.1962824979999, -61.1953707169999, -61.1958379649999, -61.195419914, -61.1935899169999, -61.1932840809999, -61.1943683839999, -61.19442153, -61.1914487799999, -61.1914744709999, -61.1933100679999, -61.19391932, -61.193507068, -61.191366516, -61.190615602, -61.1904756559999, -61.1885613159999, -61.188973539, -61.1899487869999, -61.191590728, -61.191591921, -61.1913391839999, 
-61.1907885909999, -61.1900340369999, -61.188136947, -61.187337239, -61.185978744, -61.184341671, -61.1828864189999, -61.179848145, -61.1766983969999, -61.174639401, -61.176923049, -61.1776985019999, -61.179252649, -61.1806734809999, -61.130274025, -60.7129338279999, -60.712392446, -60.712502393, -60.7121700659999, -60.709080519, -60.708303539, -60.7081504009999, -60.704919864, -60.702969302, -60.701892016, -60.6992816469999, -60.697617165, -60.695019473, -60.6941495249999, -60.692614682, -60.690221223, 
-60.688117317, -60.6862505139999, -60.68580041, -60.685476707, -60.684948047, -60.683947842, -60.683892192, -60.683502645, -60.682417468, -60.6789469499999, -60.677422216, -60.6742831479999, -60.6727266379999, -60.6670014689999, -60.6654710229999, -60.660968311, -60.6569476659999, -12.2592736569999, -12.259443557, -12.2592602199999, -12.260110451, -12.2605477509999, -12.2613712439999, -12.261542173, -12.2623660409999, -12.263189909, -12.2642061699999, -12.2671635689999, -12.2710826069999, -12.275279495, 
-12.27755394, -12.286155541, -12.2879260719999, -12.2904218949999, -12.2946470749999, -12.2956281479999, -12.2965177039999, -12.298347804, -12.300248947, -12.3015210679999, -12.302558796, -12.306440618, -12.3098567069999, -12.3166411859999, -12.324056975, -12.3245662669999, -12.323965492, -12.325193949, -12.328144645, -12.330544909, -12.3309609329999, -12.332415205, -12.334427409, -12.3348562809999, -12.3343841789999, -12.3347803189999, -12.334075256, -12.335220778, -12.3370481959999, -12.337594319, 
-12.337878827, -12.337391634, -12.3382851159999, -12.338933867, -12.3411480309999, -12.3431607979999, -12.3436729249999, -12.3475843329999, -12.351461949, -12.352317064, -12.352920939, -12.354141626, -12.3536567829999, -12.354035548, -12.355490871, -12.3570455039999, -12.3599074889999, -12.363616987, -12.3643002659999, -12.3650098589999, -12.367701382, -12.370152944, -12.3704201069999, -12.371948349, -12.372621175, -12.3756365909999, -12.3758569229999, -12.374796966, -12.3754814539999, -12.4013607539999, 
-12.4479006199999, -12.447889114, -12.447879714, -12.447877607, -12.444183751, -12.538519963, -12.5360676569999, -12.5384193349999, -12.8392547559999, -12.8403667799999, -12.8385751539999, -12.8376948229999, -12.8361673829999, -12.835816699, -12.836831274, -12.835881354, -12.836404041, -12.834436303, -12.8337961949999, -12.832034226, -12.831732351, -12.831010851, -12.8306467449999, -12.82937859, -12.8289889589999, -12.8276481899999, -12.82727012, -12.8256169709999, -12.825339966, -12.8256364549999, 
-12.824258739, -12.8235082549999, -12.8222883549999, -12.82191219, -12.821347927, -12.819561537, -12.819049426, -12.8173325349999, -12.8178679769999, -12.816706983, -12.816251055, -12.817135493, -12.8151909469999, -12.815566086, -12.815855099, -12.8150311969999, -12.81437774, -12.813923905, -12.813244249, -12.8117414669999, -12.811676258, -12.8105429259999, -12.8099284369999, -12.8087511959999, -12.808298807, -12.805802339, -12.8045356329999, -12.8027669539999, -12.8020002829999, -12.7990955059999, 
-12.7975456729999, -12.797999143, -12.7977481939999, -12.796832022, -12.798594803, -12.7976421119999, -12.79517521, -12.7954027509999, -12.794819383, -12.7941169319999, -12.793929461, -12.7928145139999, -12.7935491879999, -12.792940409, -12.7923898989999, -12.793784501, -12.7945257739999, -12.7939033059999, -12.7925173349999, -12.7935041229999, -12.792828268, -12.7913615359999, -12.792163143, -12.7931127759999, -12.7936898699999, -12.793005342, -12.7927115959999, -12.7936024699999, -12.7934612159999, 
-12.7914786049999, -12.787327637, -12.7809809199999, -12.7811154179999, -12.782240798, -12.782423523, -12.781741788, -12.7843336159999, -12.784149458, -12.78300846, -12.782427581, -12.7812183719999, -12.780938851, -12.780291162, -12.776264655, -12.773889174, -12.772628897, -12.77151148, -12.769637646, -12.7675431719999, -12.7680579669999, -12.768738665, -12.768789351, -12.768798086, -12.7688059889999, -12.7688304289999, -12.76883172, -12.768832398, -12.7688329519999, -12.76883331, -12.768833448, 
-12.7688335254999, -12.7688335629999, -12.769296976, -12.7693715199999, -12.7698569699999, -12.7708957999999, -12.77092792, -12.770973669, -12.770981513, -12.7711763809999, -12.773997492, -12.7772971489999, -12.7802695039999, -12.7854166809999, -12.787151702, -12.7878844139999, -12.789022991, -12.7907989289999, -12.7929255069999, -12.7972404289999, -12.8003406349999, -12.802652402, -12.805497009, -12.8095261929999, -12.8167336779999, -12.8182940409999, -12.821872425, -12.823884291, -12.8259458669999, 
-12.8268205919999, -12.829635201, -12.8327278469999, -12.836594773, -12.837289588, -12.837392479, -12.839968143, -12.8420852829999, -12.844248939, -12.849684613, -12.8540874939999, -12.8589386439999, -12.865318384, -12.8828240109999, -12.8852166549999, -12.890946147, -12.8961226319999, -12.896945423, -12.9055200199999, -12.9093467789999, -12.914715474, -12.917754191, -12.9211781669999, -12.92311298, -12.924507532, -12.9277080729999, -12.932226529, -12.9352392959999, -12.937751992, -12.940703528, 
-12.9440365269999, -12.9459694289999, -12.9500349849999, -12.9546454389999, -12.966783096, -12.981165598, -12.986046535, -12.9923867629999, -12.9923784099999, -12.989831721, -12.9786567649999, -12.972996486, -12.9721780229999, -12.979020411, -12.980990864, -12.9813081, -12.980588742, -12.976604309, -12.9741336719999, -12.9728713789999, -12.971856456, -12.96807574, -12.9658400439999, -12.963130716, -12.960414934, -12.9568643379999, -12.955955282, -12.952856478, -12.9526462009999, -12.949021872, -12.9473447879999, 
-12.947477043, -12.9472747519999, -12.943476694, -12.9404809929999, -12.9385991089999, -12.937984614, -12.9367293109999, -12.935141049, -12.933066642, -12.93092172, -12.928957873, -12.927507829, -12.926850662, -12.9248127829999, -12.9224640859999, -12.920793346, -12.9188221449999, -12.91685938, -12.9154114409999, -12.9135455709999, -12.911130258, -12.906129836, -12.9050217699999, -12.9046118049999, -12.9031186939999, -12.901106336, -12.899835403, -12.8968666319999, -12.8888673609999, -12.886901072, 
-12.8864303519999, -12.884667807, -12.8791301339999, -12.877722637, -12.876837112, -12.875019274, -12.8736651989999, -12.871372654, -12.869992639, -12.866872975, -12.865109407, -12.8630321059999, -12.8596465549999, -12.8585671299999, -12.8566359819999, -12.8546016199999, -12.8541702509999, -12.8512086039999, -12.8505260079999, -12.8507188479999, -12.8498719819999, -12.8498764809999, -12.8491680279999, -12.8466077339999, -12.845543477, -12.8442279459999, -12.8442072289999, -12.8431554659999, -12.8424781629999, 
-12.8411628859999, -12.8403409979999, -12.8398311139999, -12.8395558679999, -12.8385794839999, -12.836396844, -12.836106432, -12.8349949899999, -12.833639732, -12.832558037, -12.8314622079999, -12.832401225, -12.8325755589999, -12.833201631, -12.8331473819999, -12.8313351809999, -12.830883114, -12.8305786289999, -12.830911189, -12.831268604, -12.8321222179999, -12.8320727309999, -12.8309994539999, -12.8292510079999, -12.8283533769999, -12.8270409119999, -12.8253886639999, -12.824585097, -12.8231305, 
-12.8218612199999, -12.820648175, -12.8189703779999, -12.817856068, -12.8151157289999, -12.814865224, -12.8138928139999, -12.812844398, -12.8102754029999, -12.807767387, -12.8074072299999, -12.806234306, -12.805576557, -12.8054366649999, -12.8085642779999, -12.8095035699999, -12.8127551049999, -12.8145640209999, -12.815193902, -12.815828089, -12.81703285, -12.817627934, -12.8197369629999, -12.8215674219999, -12.8220608249999, -12.822998701, -12.8236700799999, -12.8244449799999, -12.825107086, -12.825998188, 
-12.8259094099999, -12.8264870079999, -12.8311777609999, -12.8357388799999, -12.8366383749999, -12.842275693, -12.8457487599999, -12.8507222429999, -12.853210919, -12.8519668669999, -12.847370643, -12.8435248059999, -12.83506211, -12.831691289, -12.8272481939999, -12.8156011859999, -12.815867768, -12.8169950459999, -12.8176278819999, -12.8172593739999, -12.817258877, -12.817520701, -12.81845909, -12.819359408, -12.8193996119999, -12.8194581549999, -12.819574178, -12.8201094899999, -12.82011785, -12.820123904, 
-12.8160089499999, -12.8140690649999, -12.8139780199999, -12.813465422, -12.8135287979999, -12.812062102, -12.811100467, -12.8075092839999, -12.806730725, -12.807698588, -12.8091539879999, -12.8107584819999, -12.811343968, -12.811275548, -12.815550041, -12.81937895, -12.821047999, -12.822989236, -12.823291584, -12.8227353129999, -12.822777487, -12.822589777, -12.8244474119999, -12.8242669039999, -12.82357631, -12.8223626829999, -12.8222273339999, -12.82155066, -12.822472013, -12.82445846, -12.826213787, 
-12.8300110289999, -12.8334062809999, -12.835670895, -12.8372782169999, -12.837929176, -12.839010085, -12.840586952, -12.842418279, -12.842727611, -12.842501183, -12.84257937, -12.8432543349999, -12.845053616, -12.8444152989999, -12.844809053, -12.8464723689999, -12.8458701159999, -12.8463188729999, -12.8469435929999, -12.847708202, -12.850643877, -12.852848695, -12.8540146949999, -12.8550542749999, -12.859397728, -12.8596750219999, -12.861260859, -12.863641539, -12.8674692889999, -12.86872022, -12.869756276, 
-12.873242478, -12.873545184, -12.8748900549999, -12.875534341, -12.8758015189999, -12.8771581289999, -12.8805440119999, -12.8808960639999, -12.882022495, -12.8822065949999, -12.885335139, -12.8858982219999, -12.8873406329999, -12.8884263299999, -12.8892741669999, -12.890042426, -12.891262867, -12.8928864099999, -12.896706416, -12.903464562, -12.9043299269999, -12.905610821, -12.9098908129999, -12.912743839, -12.9142372549999, -12.9164290689999, -12.916814077, -12.9199543079999, -12.9233304549999, 
-12.924003062, -12.92454271, -12.926674819, -12.9277777729999, -12.929523712, -12.9315259539999, -12.93413189, -12.9352803889999, -12.9360270659999, -12.938041906, -12.938335613, -12.9370423949999, -12.93259396, -12.92969539, -12.9277444149999, -12.9246698439999, -12.9235859629999, -12.9215143879999, -12.9190011899999, -12.917419738, -12.916489756, -12.916136783, -12.914513452, -12.9136350599999, -12.912588182, -12.911280304, -12.910266409, -12.9082314859999, -12.906611939, -12.90501918, -12.903156367, 
-12.902057187, -12.9003843609999, -12.8986791749999, -12.8958890099999, -12.8938814579999, -12.8914178569999, -12.890541556, -12.8890978529999, -12.888595259, -12.88840831, -12.8887955689999, -12.8881182329999, -12.8872637819999, -12.8849190999999, -12.8791398659999, -12.878057988, -12.8769302439999, -12.876022909, -12.8752485689999, -12.872733081, -12.8701454589999, -12.864390032, -12.8629514539999, -12.862230197, -12.860829102, -12.8599615099999, -12.855575689, -12.85239554, -12.8506370499999, 
-12.8492098859999, -12.844078279, -12.8434003879999, -12.8425457839999, -12.8416912179999, -12.840637694, -12.8387703859999, -12.8365676809999, -12.8341512959999, -12.831605714, -12.8303050429999, -12.828206864, -12.8268944129999, -12.8234039909999, -12.8215282219999, -12.8202803349999, -12.81823979, -12.8176486959999, -12.816882962, -12.8166648009999, -12.816267597, -12.81586961, -12.815510482, -12.81323042, -12.812856729, -12.8121787039999, -12.811562963, -12.809522525, -12.807858933, -12.807059054, 
-12.805983602, -12.805573441, -12.8045602509999, -12.802946315, -12.800710904, -12.7995805359999, -12.796435253, -12.79269807, -12.790852949, -12.7881000739999, -12.7864169499999, -12.7852804429999, -12.784011059, -12.782375981, -12.7811121569999, -12.780533115, -12.77878415, -12.7780183079999, -12.7769751559999, -12.7743396059999, -12.7720230859999, -12.7699278909999, -12.7673140729999, -12.7652347789999, -12.7637898039999, -12.7621399209999, -12.762339059, -12.7612350229999, -12.760572952, -12.759374931, 
-12.759017457, -12.758458592, -12.7570408349999, -12.7531196659999, -12.751281628, -12.75035938, -12.750460618, -12.7496533079999, -12.7497789949999, -12.75026508, -12.7509599499999, -12.751628959, -12.7522198929999, -12.752851594, -12.753136245, -12.7533946779999, -12.754421023, -12.7549541259999, -12.7564023209999, -12.7586255349999, -12.7592985139999, -12.75950291, -12.7592851649999, -12.7593734729999, -12.7608661969999, -12.7609760359999, -12.761521998, -12.761992442, -12.7626714569999, -12.7626945269999, 
-12.7623363439999, -12.7620261409999, -12.7625339949999, -12.7632840099999, -12.763433862, -12.765073148, -12.765945933, -12.769279647, -12.771764924, -12.7742151509999, -12.774048695, -12.773829362, -12.7729120369999, -12.7687264779999, -12.767417408, -12.7669667719999, -12.76804458, -12.767660949, -12.7676766019999, -12.768772514, -12.7703440279999, -12.7708612869999, -12.7703271719999, -12.769650297, -12.769142307, -12.7661074829999, -12.7645344339999, -12.761451092, -12.7592339439999, -12.758467131, 
-12.757291377, -12.7564753749999, -12.7550814869999, -12.753191932, -12.752418964, -12.7518378759999, -12.7504411839999, -12.7493076689999, -12.748720335, -12.748565376, -12.747733372, -12.745971814, -12.7452926739999, -12.744161152, -12.7433234719999, -12.741394687, -12.737854733, -12.7374644679999, -12.734976881, -12.7312168, -12.7291791769999, -12.7266879569999, -12.72609835, -12.724007996, -12.7226997839999, -12.72061921, -12.719226068, -12.7187711039999, -12.7177816439999, -12.717246363, -12.715664073, 
-12.7149392829999, -12.714292723, -12.7108588639999, -12.7098281879999, -12.708470061, -12.7079650959999, -12.705797998, -12.7047970349999, -12.70426774, -12.7043547929999, -12.7048237699999, -12.7038375859999, -12.7040273009999, -12.7045370929999, -12.7047199819999, -12.70449407, -12.704131056, -12.703505252, -12.7025320689999, -12.702293658, -12.7020353339999, -12.7021209019999, -12.7026707679999, -12.703537925, -12.7067669389999, -12.707394289, -12.7075440389999, -12.707956096, -12.7085885609999, 
-12.7117154249999, -12.7146419679999, -12.715076975, -12.715310945, -12.714501577, -12.714276138, -12.7142490629999, -12.714528688, -12.715103709, -12.7154051879999, -12.715991709, -12.7172819219999, -12.7174252699999, -12.718185801, -12.7199165549999, -12.722191897, -12.7276088159999, -12.7281126259999, -12.7281264409999, -12.7283537879999, -12.728042241, -12.7277215339999, -12.7277692189999, -12.72758842, -12.727190886, -12.72665017, -12.7260677779999, -12.7260796119999, -12.7266375439999, -12.7270977489999, 
-12.7282776509999, -12.7290573469999, -12.7300586959999, -12.7300173589999, -12.7302451539999, -12.7312534649999, -12.731307779, -12.7318032069999, -12.7315927629999, -12.7310581059999, -12.7316033789999, -12.731658542, -12.732101813, -12.733364203, -12.7348196309999, -12.738120791, -12.7385949549999, -12.739268251, -12.740126184, -12.7409937899999, -12.7447601659999, -12.7454487329999, -12.746796635, -12.74837535, -12.7487411329999, -12.7501824769999, -12.7515469079999, -12.7531187899999, -12.7578360639999, 
-12.7596634019999, -12.7615194729999, -12.765781579, -12.76619997, -12.76637564, -12.7677788049999, -12.769433904, -12.77051347, -12.7718361789999, -12.7718372899999, -12.772914563, -12.773006749, -12.774508504, -12.7777275829999, -12.7786765739999, -12.779264493, -12.7802637309999, -12.7871169689999, -12.789212817, -12.791336379, -12.7918181929999, -12.7926804809999, -12.791153505, -12.787323427, -12.7843277859999, -12.779455985, -12.7756064579999, -12.7746099729999, -12.773693763, -12.773071262, 
-12.772335228, -12.7715810689999, -12.7706954719999, -12.7696766439999, -12.7676507319999, -12.7657946169999, -12.763940462, -12.762984094, -12.759989253, -12.7590924679999, -12.7577201149999, -12.7558216649999, -12.753846995, -12.7506441239999, -12.749775123, -12.749038889, -12.748619297, -12.7480240529999, -12.747706506, -12.7472816609999, -12.7475925689999, -12.748271176, -12.749767606, -12.750172405, -12.7501190749999, -12.74837532, -12.74793463, -12.747275034, -12.746441477, -12.745862496, -12.744999501, 
-12.7428797539999, -12.741590252, -12.739049784, -12.735797157, -12.7346639779999, -12.732851512, -12.732261967, -12.7320489329999, -12.732088895, -12.7316709849999, -12.730889766, -12.7296045459999, -12.729060727, -12.729022204, -12.7291722269999, -12.731619904, -12.7321456559999, -12.7317043509999, -12.730419742, -12.7299674739999, -12.725968402, -12.723376268, -12.7231874059999, -12.7234279499999, -12.723985366, -12.7248182079999, -12.726660412, -12.726891747, -12.726523185, -12.7258701109999, 
-12.722747338, -12.7210181149999, -12.7203415349999, -12.720039733, -12.7204724229999, -12.721081128, -12.72188996, -12.722946287, -12.7237543979999, -12.723703048, -12.7223638319999, -12.7209269729999, -12.719912215, -12.717915248, -12.7161527129999, -12.7154928669999, -12.714552484, -12.713937243, -12.7117904259999, -12.7112118269999, -12.7110351039999, -12.711250519, -12.7106249629999, -12.7097545399999, -12.7086249729999, -12.7079167749999, -12.7059856009999, -12.7039641059999, -12.703047886, 
-12.7026557409999, -12.7024828029999, -12.7025654129999, -12.703801729, -12.703808828, -12.7021940729999, -12.701683474, -12.700952678, -12.6992323829999, -12.6985562289999, -12.6978036279999, -12.69566883, -12.6947067839999, -12.6935597259999, -12.6936654699999, -12.6943564369999, -12.694300723, -12.6934621459999, -12.6921874599999, -12.689924947, -12.688564796, -12.6874116779999, -12.68468347, -12.683753596, -12.684179022, -12.683784084, -12.68322469, -12.682523355, -12.6815504269999, -12.680483808, 
-12.679817262, -12.6778074159999, -12.676087244, -12.6751224139999, -12.6730806959999, -12.672123611, -12.671039678, -12.670257987, -12.6694195729999, -12.6682804209999, -12.6674224569999, -12.6669310019999, -12.6668521149999, -12.6670482209999, -12.666617051, -12.6631012299999, -12.659853066, -12.6569822849999, -12.654259615, -12.6503513869999, -12.6453141239999, -12.6406312989999, -12.637985839, -12.63682781, -12.6346937989999, -12.6311955259999, -12.6288278199999, -12.6269053879999, -12.6265618229999, 
-12.6263309999999, -12.626096251, -12.622664353, -12.620636857, -12.617302923, -12.6142855729999, -12.613691316, -12.613051613, -12.6119526489999, -12.6093270719999, -12.606616666, -12.602396631, -12.601336009, -12.6003533669999, -12.5967306709999, -12.594548684, -12.589931733, -12.5837695969999, -12.580556131, -12.579408573, -12.5782670049999, -12.5772464309999, -12.575080675, -12.5722194429999, -12.571216977, -12.5667705389999, -12.5651237639999, -12.563266013, -12.561979014, -12.5573638739999, 
-12.554012836, -12.5510305019999, -12.549602422, -12.5483930739999, -12.544867198, -12.543209599, -12.538334386, -12.5336070619999, -12.5317051009999, -12.5290082659999, -12.5263218239999, -12.525604565, -12.5252354829999, -12.523875639, -12.521898442, -12.5203477269999, -12.517443577, -12.514189968, -12.5127001829999, -12.5113803579999, -12.5094820809999, -12.5081255369999, -12.506719066, -12.502131864, -12.500435872, -12.49990494, -12.49941185, -12.4970927589999, -12.4957293839999, -12.4934506429999, 
-12.491171901, -12.489371936, -12.4876923839999, -12.4831470249999, -12.481420967, -12.4772451, -12.471618167, -12.470296344, -12.4689745219999, -12.467391665, -12.4656702, -12.464268036, -12.4632799719999, -12.463437637, -12.462389315, -12.4595689949999, -12.4583001139999, -12.4573393969999, -12.4560082989999, -12.4554489169999, -12.4540698649999, -12.4531446529999, -12.4526646749999, -12.451165922, -12.4497835439999, -12.447171479, -12.4458354569999, -12.444499436, -12.443363643, -12.4427099399999, 
-12.4417789639999, -12.4401665829999, -12.431800639, -12.4303306159999, -12.4283907049999, -12.427125969, -12.425579851, -12.424137103, -12.422582564, -12.4175323019999, -12.415964699, -12.413060129, -12.410920523, -12.4096286869999, -12.405250523, -12.4002575599999, -12.3987922899999, -12.3974211419999, -12.3966472189999, -12.3956858489999, -12.3950408479999, -12.39363046, -12.39204496, -12.390193393, -12.3894921199999, -12.3887908469999, -12.3865184309999, -12.386236821, -12.385955212, -12.38558945, 
-12.384726674, -12.3824543859999, -12.380720208, -12.379403061, -12.3775863569999, -12.3763257209999, -12.374899162, -12.3735179419999, -12.3720675029999, -12.370600649, -12.369289833, -12.368033, -12.3664950539999, -12.364954933, -12.361730744, -12.360287163, -12.3589509299999, -12.3586044899999, -12.3576929609999, -12.3562782259999, -12.3549191059999, -12.3555387649999, -12.355719411, -12.3556159289999, -12.3543031899999, -12.3529255719999, -12.3514951369999, -12.350376801, -12.348813772, -12.3475468479999, 
-12.3464519179999, -12.3451249719999, -12.3441041749999, -12.3427023199999, -12.339504801, -12.338110436, -12.337013832, -12.335122001, -12.330142502, -12.329276016, -12.3246961309999, -12.3227309229999, -12.320011008, -12.3191191889999, -12.317711669, -12.3159174929999, -12.3149813919999, -12.3136600549999, -12.312032549, -12.3107931019999, -12.3097375359999, -12.308252909, -12.3075788089999, -12.306175333, -12.305537528, -12.3053670489999, -12.3042942989999, -12.3034546599999, -12.3020558529999, 
-12.3011906249999, -12.3005646149999, -12.300262657, -12.298915676, -12.298042805, -12.297206451, -12.2957818019999, -12.295139162, -12.293488265, -12.2922705389999, -12.2906795829999, -12.289318233, -12.288335556, -12.287484386, -12.285985955, -12.2844910469999, -12.283358047, -12.282491663, -12.2811259599999, -12.27830661, -12.275516347, -12.273744612, -12.2683302629999, -12.2676526829999, -12.267342383, -12.2666087199999, -12.2622265979999, -12.2589924899999, -12.2576445899999, -12.2566135289999, 
-12.255155188, -12.252176715, -12.250857407, -12.247879318, -12.2416767129999, -12.2398602629999, -12.23679106, -12.233944872, -12.2323620339999, -12.2309146069999, -12.229440635, -12.226337706, -12.224795938, -12.224177745, -12.2238685149999, -12.223191124, -12.2219622589999, -12.220585835, -12.2196246779999, -12.218227283, -12.217440041, -12.2163974979999, -12.214984411, -12.2134695439999, -12.2114160069999, -12.2099700169999, -12.208936723, -12.2075074539999, -12.2073798859999, -12.206022223, 
-12.2038117189999, -12.2025493279999, -12.200872746, -12.19895463, -12.1976359249999, -12.196236777, -12.1934700089999, -12.192059258, -12.1910728109999, -12.1881951619999, -12.186507861, -12.1850155999999, -12.1836575889999, -12.182268948, -12.179962987, -12.177345033, -12.1764287919999, -12.176087849, -12.176046453, -12.175078404, -12.1748832499999, -12.1728711819999, -12.170946359, -12.1697766489999, -12.1697374579999, -12.167142916, -12.1670653519999, -12.166074654, -12.1660733479999, -12.167517877, 
-12.1695381219999, -12.1830793959999, -12.184707056, -12.185595602, -12.191255824, -12.194059011, -12.196135921, -12.20011391, -12.2045308139999, -12.20981562, -12.213226088, -12.2161163159999, -12.219990326, -12.2244475749999, -12.2278103049999, -12.2286212069999, -12.229204386, -12.2310596949999, -12.232954248, -12.2331533439999, -12.234547021, -12.2365720989999, -12.2424001099999, -12.245551602, -12.2510751909999, -12.253152115, -12.255518363, -12.255970362, -12.2581075899999, -12.2592736569999
)))"
1100940,Cujubim,11,RO,"list(list(c(-62.488506092, -62.4849491639999, -62.484111221, -62.484105637, -62.4862716369999, -62.48564509, -62.4818049029999, -62.479934505, -62.471942253, -62.468207701, -62.46323166, -62.451190572, -62.4494090409999, -62.448141689, -62.4467739979999, -62.4467362079999, -62.448576824, -62.448890251, -62.4479997999999, -62.4456619459999, -62.4444306969999, -62.444006762, -62.441627403, -62.439456718, -62.436830941, -62.4352211019999, -62.431169669, -62.4206670419999, -62.4166428139999, -62.4111438369999, 
-62.410002184, -62.408661325, -62.405750114, -62.401610928, -62.394551054, -62.3866917369999, -62.379975831, -62.3758840569999, -62.372977205, -62.3691269019999, -62.36980668, -62.3681423729999, -62.3670270739999, -62.367446398, -62.367030556, -62.366030423, -62.3607792769999, -62.3586951249999, -62.357306235, -62.354955406, -62.3527732869999, -62.351888369, -62.34607576, -62.344004296, -62.343677047, -62.345308158, -62.344365045, -62.3425253619999, -62.3399455489999, -62.340476801, -62.342232429, 
-62.342256805, -62.340919592, -62.341860878, -62.343033039, -62.3423342089999, -62.3408359739999, -62.3406661219999, -62.3389187749999, -62.339060794, -62.3369434139999, -62.336292965, -62.333946974, -62.3326431209999, -62.3296420729999, -62.328193722, -62.326252451, -62.3215542469999, -62.317216237, -62.315532802, -62.315920364, -62.315336724, -62.3117260259999, -62.3119751509999, -62.3124891429999, -62.312664602, -62.31284392, -62.3112849579999, -62.3116655269999, -62.311415304, -62.308808227, 
-62.307845006, -62.3048923909999, -62.303978132, -62.302855657, -62.300890908, -62.297668734, -62.2984463709999, -62.296720061, -62.295465957, -62.290279024, -62.2897842849999, -62.2898899679999, -62.292762247, -62.293446535, -62.292639343, -62.2917760009999, -62.2915823119999, -62.292275817, -62.2938337699999, -62.295251233, -62.2964723929999, -62.297912282, -62.2991386729999, -62.3004076609999, -62.301464314, -62.301197048, -62.302918978, -62.3047215679999, -62.3081908309999, -62.309577284, -62.309528999, 
-62.31324859, -62.314137489, -62.3149731599999, -62.317306126, -62.319671972, -62.3228041039999, -62.325366241, -62.324473643, -62.3245599489999, -62.325721068, -62.326894281, -62.3268646299999, -62.3273621239999, -62.332044681, -62.333749429, -62.3339422269999, -62.3326357639999, -62.3299468999999, -62.330394752, -62.3312499349999, -62.329724036, -62.3293346509999, -62.328556384, -62.329143667, -62.328890803, -62.329698584, -62.333452012, -62.333677578, -62.333933887, -62.3379438049999, -62.3400040949999, 
-62.342752358, -62.344117785, -62.3451124839999, -62.345141873, -62.344256636, -62.340364089, -62.3378903669999, -62.3324179779999, -62.329278313, -62.3240870619999, -62.325220967, -62.3251944729999, -62.3241974439999, -62.324670558, -62.325467571, -62.325140266, -62.3259718709999, -62.327667251, -62.327445102, -62.3297198079999, -62.329102418, -62.330116978, -62.3317781169999, -62.333859172, -62.335505589, -62.3374364389999, -62.3414012499999, -62.341935494, -62.347911745, -62.34963593, -62.349778509, 
-62.3487107669999, -62.349281123, -62.3491204969999, -62.348445035, -62.346388089, -62.346358092, -62.346861916, -62.346506152, -62.3448535589999, -62.343807529, -62.342497972, -62.34208188, -62.341226882, -62.337694497, -62.336615803, -62.333791656, -62.3331071039999, -62.331878464, -62.3305798389999, -62.330554966, -62.3286154529999, -62.328044516, -62.3283698939999, -62.3328086449999, -62.33758582, -62.3377509629999, -62.337419543, -62.334563231, -62.3337809009999, -62.3323640899999, -62.330832865, 
-62.3294348199999, -62.327891558, -62.3279961739999, -62.3280038859999, -62.328646069, -62.331163344, -62.3326412169999, -62.33300364, -62.332451114, -62.332755173, -62.3340023859999, -62.3345989429999, -62.335501414, -62.335864471, -62.3349760589999, -62.333224801, -62.3337200519999, -62.333170695, -62.3308087949999, -62.328284697, -62.327726378, -62.3279682409999, -62.326723532, -62.32319615, -62.322054474, -62.321443497, -62.3165877979999, -62.316479838, -62.3161097549999, -62.315532866, -62.315174858, 
-62.3083660459999, -62.307447739, -62.307535909, -62.3084687209999, -62.312083988, -62.31587544, -62.324856893, -62.326171011, -62.3255723989999, -62.3263873299999, -62.3299231059999, -62.332683679, -62.334201349, -62.3355404019999, -62.3401122539999, -62.343727413, -62.349029091, -62.3542348519999, -62.35963664, -62.361915777, -62.3651690059999, -62.367973605, -62.370473804, -62.371557991, -62.37249903, -62.3726916539999, -62.372783288, -62.373113495, -62.3731185519999, -62.3741151769999, -62.375321211, 
-62.3772207459999, -62.3809336529999, -62.38511113, -62.38733395, -62.3881462969999, -62.3894719199999, -62.389753459, -62.389811449, -62.389499813, -62.3894557529999, -62.3881888889999, -62.386255376, -62.386025467, -62.3855868429999, -62.3879177059999, -62.3904784269999, -62.3912515049999, -62.392560943, -62.3934799309999, -62.398677178, -62.4004126089999, -62.4080060859999, -62.409840273, -62.4117662509999, -62.412223288, -62.411708017, -62.412989564, -62.4140267609999, -62.4149168869999, -62.416480239, 
-62.4210573009999, -62.420893274, -62.4201661819999, -62.4179194419999, -62.417277949, -62.4164991599999, -62.416781913, -62.421889344, -62.423453457, -62.4252296639999, -62.4267508859999, -62.426580766, -62.424752756, -62.41794569, -62.417081637, -62.4170849889999, -62.420381237, -62.427135821, -62.4281930299999, -62.4282310769999, -62.427476315, -62.423227362, -62.4227241249999, -62.422463853, -62.4904023279999, -62.600142841, -62.60074876, -62.6456372199999, -62.7543875759999, -63.0005883169999, 
-63.076810289, -63.07806288, -63.084190061, -63.099557733, -63.061193692, -63.060815894, -63.00022613, -62.995728191, -62.889674146, -62.7336527679999, -62.733115696, -62.734282133, -62.73588554, -62.659539911, -62.627877669, -62.628753392, -62.63311838, -62.635294269, -62.635510079, -62.6355423059999, -62.635716952, -62.636648571, -62.63682575, -62.636754146, -62.637221035, -62.636841766, -62.635960497, -62.635822788, -62.6362335279999, -62.636319238, -62.636057405, -62.6360294739999, -62.636321622, 
-62.637108439, -62.63745832, -62.637634524, -62.6376349109999, -62.6374305379999, -62.6366579809999, -62.635257439, -62.635081709, -62.636074788, -62.6371246569999, -62.6373309369999, -62.6368658699999, -62.637117206, -62.6369131759999, -62.63624272, -62.635804142, -62.635190755, -62.634821199, -62.635076134, -62.636359887, -62.636887105, -62.637643883, -62.637790232, -62.637541944, -62.636142962, -62.635647255, -62.635207106, -62.634915973, -62.6349174219999, -62.6351519219999, -62.636643091, -62.637647009, 
-62.638296778, -62.638734546, -62.6408482699999, -62.6415945269999, -62.6416591389999, -62.6410632849999, -62.6412081669999, -62.640333808, -62.640248216, -62.6397523429999, -62.639547073, -62.639812488, -62.639694041, -62.6389352, -62.638833379, -62.639098154, -62.640325412, -62.640794762, -62.640707536, -62.639334961, -62.6397453869999, -62.640428685, -62.6413705059999, -62.64175274, -62.641429621, -62.641430897, -62.640963932, -62.6410235339999, -62.6407315699999, -62.6401777399999, -62.639534585, 
-62.638291303, -62.6376477939999, -62.637298063, -62.637298516, -62.638322007, -62.638468554, -62.63823552, -62.6377105719999, -62.6377989009999, -62.638033216, -62.638998569, -62.6391157949999, -62.6388380829999, -62.638896632, -62.6398318599999, -62.6412908009999, -62.6420274379999, -62.6426121529999, -62.645711709, -62.6484171819999, -62.6496478299999, -62.6504064969999, -62.650844251, -62.651461235, -62.6514029719999, -62.651959337, -62.651829913, -62.651976963, -62.6524149539999, -62.652853536, 
-62.6531182069999, -62.6532339399999, -62.653500989, -62.654289335, -62.655105609, -62.656660355, -62.661092449, -62.662147724, -62.6626757939999, -62.6627342939999, -62.662150976, -62.661318302, -62.661292042, -62.660882986, -62.660442596, -62.657393207, -62.656784482, -62.65660765, -62.656713626, -62.6599248539999, -62.6607826819999, -62.661251324, -62.6614580669999, -62.662032708, -62.662647613, -62.663437598, -62.6640825429999, -62.6641094679999, -62.6643100149999, -62.665249657, -62.668664263, 
-62.670510688, -62.671301171, -62.672152046, -62.671978318, -62.6713799339999, -62.6706186019999, -62.667424953, -62.662240928, -62.662373206, -62.663574894, -62.664043149, -62.6642789829999, -62.663021209, -62.662417053, -62.662407208, -62.6634214629999, -62.6647942449999, -62.6652955449999, -62.6655590629999, -62.6664688129999, -62.666938242, -62.666850334, -62.666383258, -62.66661949, -62.6710879569999, -62.6727335739999, -62.673761182, -62.674142065, -62.6740816929999, -62.674696346, -62.6766569539999, 
-62.6773511219999, -62.6776172909999, -62.6779158679999, -62.678511739, -62.680429698, -62.681522041, -62.6819050009999, -62.6824300599999, -62.6823721219999, -62.6820411789999, -62.6821095939999, -62.682438791, -62.6821755569999, -62.6807508269999, -62.679890531, -62.679178742, -62.6790170739999, -62.6786866299999, -62.678850251, -62.6783906109999, -62.678292225, -62.678853473, -62.6811897599999, -62.6838379289999, -62.6843696689999, -62.684766275, -62.6849331759999, -62.68523206, -62.686159409, 
-62.6869372349999, -62.687102919, -62.6850855969999, -62.6850542019999, -62.686942335, -62.6878231009999, -62.688189763, -62.6898426889999, -62.690935304, -62.6962645869999, -62.6985732699999, -62.7003972419999, -62.7018309, -62.702853037, -62.7027705909999, -62.7021072749999, -62.699885721, -62.6990920189999, -62.6986939049999, -62.698594686, -62.699026475, -62.698929675, -62.699159557, -62.699807662, -62.7032881889999, -62.705476462, -62.705973288, -62.707141139, -62.7079405259999, -62.710061217, 
-62.7154181129999, -62.715784178, -62.714098545, -62.714560952, -62.7170676329999, -62.718161129, -62.7193598049999, -62.7200908779999, -62.7207538549999, -62.7212532089999, -62.721005071, -62.720141977, -62.7201100789999, -62.7211366379999, -62.722567663, -62.7253572389999, -62.727997858, -62.7282329439999, -62.729030125, -62.7297283839999, -62.73070872, -62.7319708779999, -62.732799091, -62.733331718, -62.733099338, -62.7323333159999, -62.729548753, -62.729194318, -62.72915759, -62.7293571619999, 
-62.730221552, -62.73161508, -62.7346373089999, -62.7365800589999, -62.7385401719999, -62.7389374059999, -62.737904729, -62.7379468689999, -62.740033087, -62.74118924, -62.7415955859999, -62.743390653, -62.743859639, -62.7441608519999, -62.745101001, -62.7456572689999, -62.746374809, -62.7463558859999, -62.7453502759999, -62.745393854, -62.745778526, -62.7473627059999, -62.7497172289999, -62.7507012419999, -62.7527002459999, -62.753405767, -62.756998733, -62.7576037109999, -62.757529093, -62.755820362, 
-62.754575006, -62.7526918199999, -62.751002286, -62.75053152, -62.750051345, -62.748766379, -62.748382583, -62.748617661, -62.749539196, -62.750760751, -62.7511885559999, -62.7517017499999, -62.7520664529999, -62.7528032559999, -62.753210762, -62.754238979, -62.7559522409999, -62.7565945629999, -62.7569586629999, -62.757044234, -62.757393859, -62.7587165369999, -62.760431006, -62.7615978439999, -62.76249739, -62.7637403269999, -62.764984425, -62.765027526, -62.764150344, -62.7641357559999, -62.754086682, 
-62.7431131939999, -62.7384770949999, -62.7359480279999, -62.7341165509999, -62.730421066, -62.726560228, -62.724639704, -62.7216708029999, -62.7186446589999, -62.715472122, -62.7111092849999, -62.707140038, -62.703750317, -62.7008619919999, -62.6923617069999, -62.685268407, -62.677395135, -62.674496397, -62.67225409, -62.667879548, -62.664696158, -62.663280827, -62.663193091, -62.6625537449999, -62.660779906, -62.657640116, -62.656890263, -62.656531151, -62.655031814, -62.651159718, -62.6452519789999, 
-62.6312283929999, -62.6292562029999, -62.627832478, -62.62586821, -62.621943535, -62.618584601, -62.61280741, -62.609636488, -62.606657464, -62.603858937, -62.5995322209999, -62.5983369269999, -62.596881438, -62.59325798, -62.590527655, -62.589360812, -62.5881955639999, -62.5888078099999, -62.5864812569999, -62.585275617, -62.581947902, -62.580590696, -62.5763493479999, -62.573305461, -62.5702981579999, -62.5623588659999, -62.559531837, -62.554806731, -62.553669325, -62.552560273, -62.542610935, 
-62.536361501, -62.5323387449999, -62.527612797, -62.52130857, -62.516028215, -62.509025363, -62.508179329, -62.5028311689999, -62.498376615, -62.4942495359999, -62.491261357, -62.488506092, -8.73007675, -8.73746371899996, -8.74241946899993, -8.74676088999996, -8.75523615999999, -8.75833334199992, -8.76142850799996, -8.76431712599995, -8.77174658699996, -8.77194846799997, -8.77152822999992, -8.76925375699994, -8.76882788299996, -8.76830561199991, -8.76668939099995, -8.76314939699997, -8.7569397889999, 
-8.75449089399996, -8.75298936699998, -8.75231976899991, -8.74986021899998, -8.74764323399996, -8.74305689399991, -8.74033342399999, -8.73858547599996, -8.73694129499999, -8.73678349299999, -8.73461887899994, -8.735986086, -8.74076213099993, -8.74297972499992, -8.74724388599995, -8.74553322999999, -8.742134806, -8.74030468800001, -8.74208602699996, -8.74495379799992, -8.74611644799993, -8.74572361799993, -8.74355692899998, -8.74209307199992, -8.74363573299993, -8.74554050799997, -8.74967607799993, 
-8.750991873, -8.75179240299998, -8.753106561, -8.75299907899999, -8.7535315449999, -8.75688914799998, -8.75484963099998, -8.75458881999998, -8.75624539599992, -8.75771643599995, -8.75872961799994, -8.75963111299992, -8.76337780099995, -8.76468628199994, -8.76534142899997, -8.76693555899998, -8.76856200099999, -8.76871631199997, -8.77745533899997, -8.78377442799994, -8.78580649299995, -8.78670790099992, -8.78755700200001, -8.78841192199996, -8.78998790199997, -8.79149028599993, -8.78991658599993, 
-8.78997915999996, -8.79085039899993, -8.79310677999992, -8.79634194999991, -8.79702616999994, -8.79927952899996, -8.80091296099993, -8.80053344599997, -8.80160053199997, -8.80298664299991, -8.80339325799998, -8.80374163999994, -8.804712771, -8.80525203099994, -8.80533233599992, -8.80562469899996, -8.80604190199993, -8.80877444399998, -8.81022106499994, -8.81076862099995, -8.81354131899995, -8.81760537099995, -8.81839161099998, -8.8184904619999, -8.82087871799998, -8.82193475399996, -8.82821066199991, 
-8.82867005899991, -8.82829467999994, -8.82810466800002, -8.82983868799997, -8.83150586899998, -8.83631272899997, -8.83884001099991, -8.84413915899996, -8.84492702199996, -8.84601620899993, -8.84810196699993, -8.84944815699994, -8.85319196399999, -8.85484269699997, -8.85494357799997, -8.85565694799993, -8.85571949699996, -8.85519769699995, -8.85705293999997, -8.85921269599997, -8.86011208599996, -8.85992034599999, -8.86095416699991, -8.86239728299994, -8.86643389999998, -8.86954635299993, -8.87070950099998, 
-8.87089171999996, -8.87184209599999, -8.87157610899992, -8.87380209099998, -8.87502121699995, -8.87601913699992, -8.87585298099994, -8.87706052199993, -8.87855777299992, -8.87968176399992, -8.88009120299996, -8.88111688, -8.883116698, -8.88568940299997, -8.88893625799994, -8.89263201099993, -8.89352607599992, -8.89596672999998, -8.89919498199992, -8.90139981200001, -8.90362632200002, -8.90534064999994, -8.90638701599991, -8.90727231499998, -8.90743290499994, -8.90890141899995, -8.91472532699989, 
-8.91872171099998, -8.922095901, -8.92290421799991, -8.92750238199996, -8.93271811699995, -8.93413500799994, -8.93696143799994, -8.93736556699999, -8.94114819299997, -8.94265912399993, -8.94422461799996, -8.94651771699998, -8.94774459399997, -8.95047893099999, -8.95386173599993, -8.95613545299994, -8.95788818700002, -8.96143126799998, -8.96337165599995, -8.96490901199996, -8.96779509699993, -8.97299503599994, -8.97752393499994, -8.97978721699998, -8.98124357099995, -8.983615436, -8.98526216700001, 
-8.98667091799995, -8.98695970399995, -8.99019040599992, -8.99210029499994, -8.99477061299999, -9.00053273299998, -9.00238343499998, -9.00633779799996, -9.00706542299995, -9.00788670999995, -9.00899009499994, -9.0098890579999, -9.010948738, -9.01072716499996, -9.01045706299991, -9.01193198399991, -9.01675857599994, -9.01829939099997, -9.01944383799998, -9.02220968099995, -9.03513904899992, -9.04529936599992, -9.04716641899995, -9.04832972099992, -9.04847349499992, -9.05009160699995, -9.05289805899999, 
-9.05319775499992, -9.05589588499996, -9.06775636799996, -9.07126045999998, -9.07430315999994, -9.08106200199997, -9.08998402099993, -9.09353644999996, -9.09580970799993, -9.10212044299993, -9.11246425999993, -9.13011870599997, -9.15424697499999, -9.15873652999993, -9.16753981599992, -9.17698610199992, -9.18697784800001, -9.1954804709999, -9.19868960599995, -9.20441475599999, -9.20682322799996, -9.21262782899991, -9.21647735799992, -9.22202492299991, -9.2268037219999, -9.23123383499998, -9.23271529799999, 
-9.23553625999999, -9.247774831, -9.25337404499992, -9.25977658699995, -9.26291394399993, -9.26764702099995, -9.27332420599992, -9.27938036999999, -9.29043968899995, -9.29068565399996, -9.29135658399996, -9.29795989699992, -9.29871738499997, -9.30387018999991, -9.30534061799998, -9.30981526899993, -9.31236195499997, -9.31460769699989, -9.31790197899996, -9.33027437599995, -9.33417082499993, -9.33903087899997, -9.341695552, -9.34481803199999, -9.34891261299994, -9.35042141099999, -9.35089781799997, 
-9.34937013999996, -9.35017310299996, -9.35291397599999, -9.34862623999996, -9.34836974299996, -9.34920093699999, -9.35236870999999, -9.36102804399997, -9.36312934699993, -9.36488958599991, -9.36641508299992, -9.36760543299991, -9.36936558699998, -9.37180395499993, -9.37567301099996, -9.37621623299997, -9.37607881099996, -9.37479295899989, -9.37091746799995, -9.36931157799995, -9.36938481299997, -9.369839231, -9.37250207599996, -9.37450382299994, -9.382206492, -9.3831016299999, -9.38331298599998, 
-9.38940088899992, -9.39244181799991, -9.39261278899993, -9.39349123199996, -9.39794008799991, -9.39992137199997, -9.40029162099997, -9.40092222299992, -9.4015628949999, -9.40518874199997, -9.40745688599996, -9.41492886399994, -9.41754267499993, -9.42257509799994, -9.42716160399991, -9.43217381399993, -9.44358708499996, -9.44920241699997, -9.45088707299991, -9.46046248299993, -9.47215788699994, -9.47434539799993, -9.47537752599997, -9.47673484099992, -9.47750630499998, -9.47906767899994, -9.48034429099996, 
-9.48448891999996, -9.48893612899996, -9.49041070699993, -9.49277640799991, -9.49400738699998, -9.49494586799991, -9.49604770699995, -9.49791900499998, -9.49994415799994, -9.50502576099993, -9.51132411499996, -9.51304036399995, -9.51410260799999, -9.51541467799993, -9.51963010699993, -9.52098271999994, -9.52501877500001, -9.52537171399999, -9.52564333399991, -9.52564554899991, -9.5257463089999, -9.52596807899996, -9.52634486499996, -9.52497284899994, -9.50801776599995, -9.50025280799998, -9.48077590099997, 
-9.47127593099998, -9.47118193099993, -9.45616392099989, -9.45519559799989, -9.42875529399997, -9.38976547899998, -9.38963104699996, -9.21891971099994, -9.000523314, -9.00050621199991, -9.00049911999995, -8.99945738299991, -8.99539391899996, -8.99421026799999, -8.99391457999995, -8.99271172899999, -8.99252074799991, -8.99275407399994, -8.99217396199999, -8.99088944499994, -8.9896416469999, -8.98926314799994, -8.98881398699999, -8.98830377799996, -8.98775224699998, -8.98722702599995, -8.98685206499993, 
-8.986443961, -8.98629766699997, -8.98656297999999, -8.98647259199997, -8.98615635899992, -8.985486431, -8.98496524499995, -8.98472553799992, -8.98504417399991, -8.98457956299993, -8.98388218299996, -8.98350637399995, -8.98292559299994, -8.98173336399998, -8.97739587599991, -8.97681206799993, -8.97658071599997, -8.97684219199993, -8.97686800499994, -8.97590341799997, -8.97553170399995, -8.97561918699999, -8.97518393399995, -8.97495355999999, -8.97460582399999, -8.97407312699997, -8.97357776900002, 
-8.97357939099997, -8.97404214499998, -8.97403993199989, -8.97348982799993, -8.97229840199994, -8.96898856599991, -8.96744843299993, -8.96566605099999, -8.96514164699994, -8.963643857, -8.96213205599997, -8.96148390599999, -8.95987610899992, -8.95874044100001, -8.95754513199996, -8.95597383999998, -8.95550856699995, -8.95498560199993, -8.95440436899998, -8.95382215799994, -8.95289338299992, -8.95235997899993, -8.95186641399995, -8.95111183299996, -8.94988818299996, -8.9493946929999, -8.94805343699995, 
-8.94634011699994, -8.94523943899999, -8.94464529799995, -8.94377427499991, -8.94257785399995, -8.94144461099998, -8.94050998699992, -8.93972600599998, -8.93827037799998, -8.93766063199998, -8.93742590999992, -8.93823269299997, -8.93805968999995, -8.93750336999993, -8.93683254799994, -8.93607734299998, -8.93558382899991, -8.93500067199998, -8.93453424899993, -8.93404028699992, -8.933719163, -8.93354220000001, -8.93330784799998, -8.93283483799992, -8.93242742699996, -8.93228425199993, -8.93251718699993, 
-8.93132586599995, -8.93109148099992, -8.93135637399999, -8.93080569199999, -8.93103848899997, -8.9313885939999, -8.931247028, -8.93034199699999, -8.92949725299999, -8.92868216699997, -8.927100303, -8.92689657299993, -8.92707161599994, -8.92765448200002, -8.92765464099995, -8.92628536099998, -8.92596438499989, -8.9259945109999, -8.92666436499999, -8.92564739399996, -8.92492360599993, -8.92367130899997, -8.92201082699998, -8.92110438699994, -8.91932911899996, -8.91766154899992, -8.91555951099999, 
-8.91468709500002, -8.91444860799991, -8.91372374899989, -8.91336660199991, -8.91269810599994, -8.91187463399993, -8.91202339299998, -8.91187842599997, -8.91123800299992, -8.90937207699999, -8.90679740099994, -8.90653371899997, -8.90671139399993, -8.90706233500001, -8.90942370399991, -8.90971153899992, -8.90971851199996, -8.90893419699999, -8.90756444199999, -8.90669034299997, -8.90514231299996, -8.903110806, -8.90108102999992, -8.90061562099996, -8.90043694699992, -8.89812538299998, -8.89756694399995, 
-8.89727368099994, -8.89692394999996, -8.89639890599994, -8.89443968099993, -8.89289112999997, -8.89239856599998, -8.8923707779999, -8.89361903399989, -8.89347424799999, -8.89277417199997, -8.89175158099992, -8.8907605819999, -8.88973678699992, -8.88860007700002, -8.88789973899998, -8.88757699299992, -8.88702221999994, -8.88629206199992, -8.8864389149999, -8.88807424599994, -8.88833824099994, -8.88818133499992, -8.88834690799994, -8.88703059899992, -8.88646745899996, -8.88620780799997, -8.88666895499993, 
-8.8857164049999, -8.882575705, -8.88051833099995, -8.87972372699993, -8.87888263799997, -8.87789374399995, -8.87720291799999, -8.87683962199995, -8.87746531699994, -8.87746453099997, -8.87686113499996, -8.87521840999993, -8.87409021999993, -8.87247400199996, -8.87141942899992, -8.87052826299991, -8.86980527999995, -8.86788964199999, -8.86739505500001, -8.867000967, -8.866276408, -8.8647218479999, -8.86455579499993, -8.86531610699995, -8.86494587699996, -8.86303273899994, -8.86101771399993, -8.86019030899995, 
-8.856937301, -8.85622936199995, -8.85604565999994, -8.85649687999997, -8.85659519599994, -8.85600592899994, -8.855502148, -8.85438262000001, -8.85279363499999, -8.85022327199994, -8.84962153899998, -8.84948833599998, -8.84975311499995, -8.84945120099992, -8.84895865999994, -8.84826251199998, -8.84783407399997, -8.845702564, -8.84496487599998, -8.84449391499992, -8.84459729999994, -8.84588572699997, -8.84674531499995, -8.85174864999994, -8.85305733399996, -8.8539841649999, -8.85352640299995, -8.85289648099997, 
-8.84784438999993, -8.84725070699993, -8.84539740799998, -8.84361597899993, -8.84044072199993, -8.83998036799994, -8.83994633799997, -8.83872496799999, -8.83792319299991, -8.83653374699996, -8.83583966799991, -8.83445684599998, -8.83302895899996, -8.82930211599998, -8.82397005399996, -8.82291574799995, -8.82083181699992, -8.81990815699996, -8.81933927299997, -8.81907598799994, -8.81934041299997, -8.81987005099992, -8.82073113699994, -8.82178780099997, -8.82472577399996, -8.82542424699993, -8.82721349699992, 
-8.82780802399999, -8.82837026899997, -8.82846966099994, -8.82735034399996, -8.82695243299999, -8.826788392, -8.82609341199997, -8.82299647999996, -8.82254931399991, -8.82041787699995, -8.81986371299993, -8.82001352699998, -8.82163358899991, -8.82174082399999, -8.82163642499997, -8.82086904699998, -8.82001751399995, -8.81818316099997, -8.81769180599999, -8.81673315499999, -8.81596316999996, -8.81558234599989, -8.815518174, -8.81592357999997, -8.81620136199995, -8.817180924, -8.81717898099993, -8.81455953599991, 
-8.81396083299993, -8.81265532199992, -8.81176118900001, -8.81150462899992, -8.81069138299996, -8.8094551999999, -8.80800587799998, -8.80723364299994, -8.80676246499995, -8.80614358999999, -8.80539692799994, -8.804650581, -8.8032893119999, -8.803117635, -8.8032882429999, -8.80371530799998, -8.80541870599997, -8.80588680799997, -8.80622796499996, -8.80539722999996, -8.80480125899995, -8.80405163999992, -8.80332720699993, -8.80300263799999, -8.80264852899991, -8.80290503399991, -8.80383936599994, -8.80396887099991, 
-8.80324283699997, -8.80130077399995, -8.80051116699999, -8.79856339499995, -8.79806302299993, -8.79784080900002, -8.80135660599995, -8.80215961799996, -8.80140395799996, -8.80004210299999, -8.79913429799993, -8.80000254799992, -8.80141470599996, -8.80467330999993, -8.80935954199998, -8.81127347999998, -8.81287488599996, -8.81350951799989, -8.81319545599993, -8.81174132099996, -8.80869038599995, -8.80421995499999, -8.80013189499996, -8.79911403699994, -8.79956846199997, -8.79916189199999, -8.79790625099993, 
-8.79648156099991, -8.79005497299993, -8.78639372599995, -8.78479646299995, -8.78314164699999, -8.78136010499993, -8.77844100299999, -8.77621405499994, -8.77605320599995, -8.77580963799996, -8.77735864999996, -8.77644800799994, -8.77504016899998, -8.75776390399997, -8.75830499599997, -8.75776175899997, -8.75517365599997, -8.75206968299992, -8.75049802599991, -8.75032212500001, -8.75144087699994, -8.75364761299991, -8.75513834999998, -8.75703024599993, -8.76031718999993, -8.76332302899995, -8.76321414599991, 
-8.75513187699998, -8.75157920299992, -8.74837971999996, -8.74504440199996, -8.74500504399998, -8.745568802, -8.74677483399996, -8.74582058799996, -8.74113265099995, -8.74074049099992, -8.74632002399998, -8.74939599199994, -8.75101673300001, -8.75095182099997, -8.75152161299996, -8.75044473799994, -8.74775878899992, -8.74279783299997, -8.73927128899995, -8.73586245499999, -8.73531668899995, -8.73187267600001, -8.73018022799995, -8.73021172299998, -8.72880249899991, -8.73007675)))"
1101005,Governador Jorge Teixeira,11,RO,"list(list(c(-62.869177045, -62.7880542629999, -62.7882946619999, -62.7882111779999, -62.78739503, -62.7865760549999, -62.784023846, -62.781983233, -62.7818188789999, -62.7789167779999, -62.777850643, -62.777443099, -62.775766988, -62.7735208599999, -62.772539309, -62.771514018, -62.7688177809999, -62.7654257089999, -62.76281468, -62.761787291, -62.759983102, -62.7572008929999, -62.7560345869999, -62.754729648, -62.7526464819999, -62.750678188, -62.7504000279999, -62.750653523, -62.7509503579999, 
-62.750788847, -62.7475646939999, -62.746341768, -62.7452805329999, -62.744265257, -62.743289228, -62.742262501, -62.74120397, -62.741928684, -62.742925961, -62.74222687, -62.737925961, -62.736453591, -62.735674752, -62.734782574, -62.7332867959999, -62.729956579, -62.727261406, -62.725337058, -62.724205738, -62.7225908419999, -62.718286997, -62.717402437, -62.715701138, -62.7145358039999, -62.713008983, -62.7102429239999, -62.7082303279999, -62.7067083579999, -62.701677398, -62.699585385, -62.698339182, 
-62.6970608449999, -62.6922436019999, -62.6910932179999, -62.6895340809999, -62.688251581, -62.682706308, -62.681448223, -62.6800405139999, -62.678286726, -62.675169737, -62.673734389, -62.6726774939999, -62.672200293, -62.6692811129999, -62.665561, -62.6635961379999, -62.6594034499999, -62.6562610499999, -62.654086722, -62.6526425609999, -62.651561387, -62.650727921, -62.6466205979999, -62.646625463, -62.645315642, -62.6439207779999, -62.6406534119999, -62.639176843, -62.637779462, -62.636561597, 
-62.635119116, -62.633788124, -62.63264064, -62.6318485529999, -62.631838666, -62.629951202, -62.6282868229999, -62.62740038, -62.623771834, -62.622536946, -62.6218957419999, -62.619924255, -62.6183384059999, -62.616643717, -62.6151991309999, -62.6140927129999, -62.611842353, -62.609954114, -62.609619589, -62.609479912, -62.607367116, -62.6048740769999, -62.60270524, -62.600132059, -62.599423293, -62.597177991, -62.597008248, -62.5964796949999, -62.5956998039999, -62.5952042969999, -62.5946492689999, 
-62.593591655, -62.592366768, -62.5920345369999, -62.59200494, -62.592316019, -62.591588255, -62.589585824, -62.588394036, -62.586982333, -62.5869272119999, -62.5867000069999, -62.585143795, -62.583456022, -62.5829540009999, -62.581844809, -62.5818699329999, -62.5799558849999, -62.57805789, -62.577872272, -62.57711694, -62.5762578109999, -62.575232516, -62.5743072779999, -62.5735365359999, -62.574565997, -62.575062922, -62.5739467129999, -62.5727307629999, -62.5715637049999, -62.571673624, -62.5726177649999, 
-62.57250665, -62.5718065889999, -62.571920561, -62.5735083449999, -62.57523288, -62.575892522, -62.576390435, -62.5775977829999, -62.579591521, -62.57978673, -62.579758899, -62.580409345, -62.580703085, -62.580531013, -62.57986738, -62.581066575, -62.583173572, -62.586008847, -62.586733258, -62.5903125569999, -62.592757468, -62.593120062, -62.5941257259999, -62.5945044749999, -62.5952034889999, -62.5958925919999, -62.596729262, -62.59814548, -62.600842524, -62.606786846, -62.608787079, -62.61039669, 
-62.6122312479999, -62.613534108, -62.613842104, -62.613847615, -62.615455591, -62.6161431419999, -62.6162858309999, -62.6175075779999, -62.6184757869999, -62.618786348, -62.6195933289999, -62.6197822129999, -62.620401203, -62.621619023, -62.622673643, -62.623592688, -62.6252032229999, -62.626589481, -62.627394924, -62.62723027, -62.625836876, -62.620753569, -62.6206162479999, -62.621005853, -62.6238668869999, -62.626645012, -62.627974315, -62.631424582, -62.631037663, -62.629004498, -62.627816311, 
-62.627145813, -62.625317475, -62.625119664, -62.6282266699999, -62.63078475, -62.6350387159999, -62.6359805209999, -62.636426385, -62.638171761, -62.6397858079999, -62.6403696479999, -62.6408991009999, -62.643314236, -62.6434475309999, -62.64439884, -62.6446982929999, -62.6444813889999, -62.648290575, -62.64926402, -62.64939753, -62.6480633269999, -62.647260983, -62.6472613409999, -62.6461793409999, -62.6465894399999, -62.647618381, -62.6466689619999, -62.643809546, -62.643708067, -62.6453669579999, 
-62.6452303679999, -62.645451048, -62.647458349, -62.648871371, -62.648865798, -62.649870491, -62.649591231, -62.649761187, -62.651368175, -62.652178593, -62.653894686, -62.653893613, -62.652142219, -62.649982844, -62.650145068, -62.6500404339999, -62.6503381199999, -62.6516442589999, -62.652921319, -62.6549218689999, -62.6549283029999, -62.6545620089999, -62.655649897, -62.664923321, -62.666316838, -62.6675409689999, -62.6681456699999, -62.667259403, -62.667181761, -62.6687852049999, -62.670620651, 
-62.6718722519999, -62.6709009309999, -62.6706542399999, -62.671587187, -62.6761621339999, -62.677064054, -62.678755144, -62.6818648729999, -62.682738063, -62.682313424, -62.683751921, -62.68567428, -62.6862299409999, -62.688430161, -62.689866196, -62.691702626, -62.692981651, -62.6947619229999, -62.696175163, -62.697476861, -62.697533788, -62.6991456489999, -62.69881256, -62.6998402729999, -62.703563586, -62.704703374, -62.7050390439999, -62.705261573, -62.7060702579999, -62.7062078499999, -62.708813912, 
-62.7106527829999, -62.713680207, -62.714761526, -62.7148171559999, -62.7145096479999, -62.7158971459999, -62.717537677, -62.7205406779999, -62.720818165, -62.7226487669999, -62.723093824, -62.7239733379999, -62.724174961, -62.7227594019999, -62.72347948, -62.726063314, -62.7279205449999, -62.7290055089999, -62.729342213, -62.730255652, -62.7308158299999, -62.7318163949999, -62.731951935, -62.7315608009999, -62.731841663, -62.7323143069999, -62.7317272369999, -62.731948676, -62.7362009029999, -62.736348064, 
-62.7355148739999, -62.736152509, -62.736728167, -62.7377361169999, -62.739093673, -62.739563603, -62.739038976, -62.7406483029999, -62.741506009, -62.7420430469999, -62.742702752, -62.743591319, -62.744341912, -62.744866838, -62.74587469, -62.74626088, -62.746901067, -62.747480287, -62.7484000299999, -62.748675393, -62.749594173, -62.75009269, -62.75117341, -62.7525023279999, -62.754204452, -62.7556188549999, -62.756533206, -62.7580631969999, -62.759148774, -62.759263822, -62.7607554539999, -62.7622294229999, 
-62.762263343, -62.7627854969999, -62.7619748719999, -62.7613939759999, -62.760736735, -62.759864137, -62.7608690549999, -62.7605953889999, -62.761700695, -62.7620350909999, -62.762560803, -62.7625639899999, -62.763015716, -62.764257506, -62.764986149, -62.7662579159999, -62.766587882, -62.765817746, -62.766088958, -62.768200491, -62.7686154829999, -62.7706486169999, -62.7717044819999, -62.7726996649999, -62.773650153, -62.775478316, -62.7774777549999, -62.779561668, -62.780457082, -62.780453602, 
-62.781726152, -62.78270607, -62.7828943809999, -62.7837327859999, -62.785007088, -62.784785005, -62.785287476, -62.786509505, -62.787289309, -62.789564147, -62.7900661929999, -62.79275969, -62.792619535, -62.7922319739999, -62.791508196, -62.7929001039999, -62.794262698, -62.7954537999999, -62.795538181, -62.7958668299999, -62.794651614, -62.7939325769999, -62.792844756, -62.791738022, -62.7910097349999, -62.7899308649999, -62.7891201589999, -62.788401735, -62.78853567, -62.7892275129999, -62.7898428519999, 
-62.7893113809999, -62.7877354039999, -62.788451893, -62.78851422, -62.7887856129999, -62.7882937309999, -62.790560403, -62.7919790869999, -62.792119311, -62.791702449, -62.7922291199999, -62.7915915599999, -62.791672895, -62.7913145989999, -62.790534479, -62.7913434399999, -62.794727806, -62.79631205, -62.79770245, -62.798453631, -62.799093328, -62.7979592169999, -62.796564047, -62.796644901, -62.7959536659999, -62.794315351, -62.7935699199999, -62.7944262979999, -62.7965076669999, -62.7975095669999, 
-62.79809373, -62.7990144069999, -62.800145148, -62.801509624, -62.804924058, -62.8080948079999, -62.809372702, -62.809869501, -62.810979379, -62.812227084, -62.813368977, -62.813978601, -62.814978261, -62.815894051, -62.8160340459999, -62.816870862, -62.8180647419999, -62.81842701, -62.817984172, -62.8172029139999, -62.8179778459999, -62.819730132, -62.8210642529999, -62.8220925339999, -62.8226183589999, -62.824227439, -62.8235665489999, -62.8223951689999, -62.8223403119999, -62.8230404989999, -62.826867438, 
-62.8274511059999, -62.82687341, -62.826928992, -62.828013329, -62.827896375, -62.828925473, -62.8312103549999, -62.831344185, -62.8315077819999, -62.8320369689999, -62.8332574489999, -62.8348397429999, -62.836538482, -62.836122249, -62.836566176, -62.83784566, -62.8386743149999, -62.840011195, -62.8417656469999, -62.8440093219999, -62.84481636, -62.8452339079999, -62.844451013, -62.844204812, -62.845677556, -62.8450650679999, -62.8457031589999, -62.846590167, -62.8474579689999, -62.848264934, -62.849064323, 
-62.850977278, -62.852643212, -62.8530982239999, -62.85503822, -62.8562317299999, -62.856869463, -62.858788697, -62.8597880969999, -62.8597868909999, -62.860207401, -62.861346751, -62.863151476, -62.8635069279999, -62.86440003, -62.865066912, -62.8656746489999, -62.8671817789999, -62.8675037069999, -62.8680145709999, -62.8692063879999, -62.8703140739999, -62.8733927359999, -62.87514573, -62.875643015, -62.8762618929999, -62.8776800259999, -62.8786453709999, -62.8795639849999, -62.87979113, -62.880675627, 
-62.882224811, -62.884701861, -62.886124218, -62.8874571829999, -62.889595414, -62.8907064839999, -62.891846785, -62.892228049, -62.893154277, -62.894483951, -62.8957830599999, -62.89512229, -62.8956175019999, -62.896901998, -62.8988120669999, -62.900152046, -62.9010354189999, -62.90164845, -62.9023158959999, -62.9027353509999, -62.90359418, -62.906873019, -62.9074975329999, -62.9079301799999, -62.909931768, -62.911904621, -62.9125352509999, -62.911366782, -62.9119271869999, -62.9135384209999, -62.914680148, 
-62.9153194639999, -62.91617619, -62.9165916979999, -62.916036264, -62.915035809, -62.914646182, -62.917402547, -62.9186772589999, -62.919565835, -62.91997792, -62.918294568, -62.9188976549999, -62.919007748, -62.919683576, -62.920423587, -62.9211562169999, -62.92159325, -62.921957435, -62.922820174, -62.923539795, -62.9225371809999, -62.922209447, -62.9225661689999, -62.923812194, -62.925319638, -62.926654546, -62.9264532509999, -62.92731967, -62.9290127329999, -62.932398736, -62.932985221, -62.932617067, 
-62.931175114, -62.9313698929999, -62.933648439, -62.9347847999999, -62.9344526889999, -62.935372062, -62.9343119719999, -62.933203761, -62.932514833, -62.932787397, -62.93356539, -62.934233782, -62.9350655269999, -62.9354234449999, -62.936015461, -62.9379253749999, -62.939346396, -62.942208523, -62.943085358, -62.9454580739999, -62.946151634, -62.9469844349999, -62.9478743039999, -62.949405639, -62.9510109929999, -62.9515948069999, -62.9519041929999, -62.9517365679999, -62.951066965, -62.95106724, 
-62.953539444, -62.957599087, -62.959428192, -62.9609834899999, -62.961039549, -62.961344262, -62.9623466479999, -62.963844734, -62.964870877, -62.9659264529999, -62.9671514109999, -62.970539887, -62.9711488009999, -62.9728470729999, -62.9743413619999, -62.9748427199999, -62.975959277, -62.977315731, -62.9784526879999, -62.978451028, -62.9780427299999, -62.978319976, -62.980372604, -62.980704278, -62.980478811, -62.979707728, -62.97928927, -62.979785126, -62.9823514859999, -62.9834582439999, -62.9860353659999, 
-62.9878465599999, -62.988812496, -62.990402639, -62.9921332289999, -62.9927123399999, -62.9947025109999, -62.996489162, -62.9972291409999, -62.998034253, -63.0002599469999, -63.000540487, -63.0005658599999, -63.0031787089999, -63.010124181, -63.01095406, -63.0115416929999, -63.0183235009999, -63.0207882929999, -63.023479941, -63.0248999909999, -63.025681888, -63.027093282, -63.028174505, -63.029347123, -63.032760304, -63.033595323, -63.0362892599999, -63.03743044, -63.042792143, -63.0444593739999, 
-63.0466554259999, -63.0474840479999, -63.049154302, -63.049510552, -63.050923299, -63.052182187, -63.052761655, -63.053202898, -63.05398496, -63.05876217, -63.0631801219999, -63.063819591, -63.063451646, -63.0627605489999, -63.063900025, -63.0650428559999, -63.0680424139999, -63.072903267, -63.076786643, -63.0781782879999, -63.0796835059999, -63.0804812199999, -63.081673477, -63.0832625249999, -63.089043483, -63.0903773009999, -63.0919849009999, -63.0936760939999, -63.0953215789999, -63.096540445, 
-63.0980138229999, -63.098293578, -63.097820374, -63.097790072, -63.0989337749999, -63.1012063899999, -63.103677164, -63.105426853, -63.1088134679999, -63.109843677, -63.111986171, -63.113099274, -63.116131918, -63.116906821, -63.119315661, -63.120317406, -63.120463425, -63.1220128409999, -63.1237038229999, -63.1284492949999, -63.130259673, -63.1314270569999, -63.132650242, -63.133711894, -63.1351541779999, -63.138931988, -63.139729853, -63.138263252, -63.141214178, -63.142898611, -63.14301852, -63.1426800299999, 
-63.143065222, -63.1448229419999, -63.145394787, -63.1440904369999, -63.143182835, -63.143624109, -63.143543627, -63.1449485119999, -63.142955687, -63.142629948, -63.142979165, -63.14390946, -63.147859734, -63.1487139509999, -63.149407739, -63.15080069, -63.151188819, -63.1523495589999, -63.15738673, -63.15789885, -63.1586785859999, -63.161939252, -63.164910629, -63.167480624, -63.1690976979999, -63.171569929, -63.172601952, -63.174914038, -63.1765937149999, -63.1782519599999, -63.180267482, -63.1825696039999, 
-63.1834862169999, -63.1842119689999, -63.1853205569999, -63.186015399, -63.1870142889999, -63.1876499209999, -63.1885150159999, -63.191680869, -63.192483866, -63.1934287879999, -63.194154531, -63.1960743389999, -63.1969067689999, -63.197045708, -63.196417466, -63.194627061, -63.193765249, -63.1927629789999, -63.1919634679999, -63.1906310859999, -63.1900074979999, -63.1902014839999, -63.190464181, -63.1911574459999, -63.193341241, -63.1945869439999, -63.1954614969999, -63.198165724, -63.2025810069999, 
-63.2051443879999, -63.2065104709999, -63.207596581, -63.209272115, -63.2101295449999, -63.2117610119999, -63.2136815509999, -63.2143159699999, -63.2159291829999, -63.2168449459999, -63.217624504, -63.220543821, -63.2248938359999, -63.228258738, -63.229317049, -63.230455805, -63.2312353199999, -63.233272455, -63.2347068129999, -63.2353213019999, -63.2360394699999, -63.2362084229999, -63.2365675279999, -63.237261684, -63.2385425569999, -63.241820643, -63.2422683349999, -63.2438143759999, -63.2454064279999, 
-63.247204783, -63.250045249, -63.251816549, -63.2540398959999, -63.2550951819999, -63.260013091, -63.2674872999999, -63.269345603, -63.271119684, -63.2742408999999, -63.278855692, -63.2873191469999, -63.2887148549999, -63.2896848359999, -63.2906209349999, -63.291236138, -63.296797344, -63.2974257129999, -63.299076048, -63.3032404589999, -63.305306269, -63.3061209379999, -63.3064567069999, -63.306317587, -63.3048056259999, -63.303902285, -63.302761752, -63.302456574, -63.3024870849999, -63.302901686, 
-63.303955112, -63.3054616519999, -63.307572526, -63.309487383, -63.310098625, -63.3108974849999, -63.311621953, -63.3135384029999, -63.314428451, -63.317262365, -63.320047013, -63.3205952669999, -63.320738615, -63.319823195, -63.3198201739999, -63.3205970179999, -63.321651986, -63.323820166, -63.324925935, -63.3263145929999, -63.3271954259999, -63.328090488, -63.328999563, -63.329988569, -63.331317075, -63.3322377799999, -63.334930618, -63.3353988759999, -63.334734987, -63.332404797, -63.329624715, 
-63.329096214, -63.328259156, -63.327815759, -63.3280127689999, -63.3290990259999, -63.3337394689999, -63.3347932149999, -63.335571589, -63.337230012, -63.3375468739999, -63.339122491, -63.341350771, -63.3422668479999, -63.3438738609999, -63.348120224, -63.349155782, -63.352331164, -63.353322136, -63.355097561, -63.355745802, -63.356852495, -63.359791935, -63.362710417, -63.3633227999999, -63.364234469, -63.366427963, -63.3673468659999, -63.3698173069999, -63.3736214749999, -63.3745083499999, -63.376491513, 
-63.377542086, -63.3794547999999, -63.3832956079999, -63.384019476, -63.384432879, -63.3844561459999, -63.3832403659999, -63.383261763, -63.3835380889999, -63.3841758049999, -63.385124514, -63.3862110739999, -63.388098484, -63.3913609649999, -63.39461707, -63.3964567529999, -63.400287901, -63.4025420149999, -63.4036268909999, -63.407907435, -63.4101017299999, -63.411486826, -63.4127349269999, -63.4138728419999, -63.4144413349999, -63.415127074, -63.417931428, -63.418987627, -63.4197646819999, -63.4208212069999, 
-63.422154013, -63.423743964, -63.424594325, -63.427325987, -63.42823228, -63.4307616279999, -63.431678567, -63.4330979969999, -63.434012603, -63.4358740229999, -63.438120163, -63.43898453, -63.4413153419999, -63.442230811, -63.444485, -63.447581946, -63.4503252769999, -63.453345031, -63.461374682, -63.4654630719999, -63.4667908229999, -63.474289802, -63.477232616, -63.479150056, -63.480044892, -63.481101826, -63.482156655, -63.4829597199999, -63.483515548, -63.485416932, -63.4862633929999, -63.487266111, 
-63.488012298, -63.490705755, -63.4918495769999, -63.494430697, -63.495344226, -63.496266481, -63.5002900759999, -63.5016813339999, -63.503854699, -63.507156228, -63.509343015, -63.513404007, -63.5167076119999, -63.5191266099999, -63.5267904699999, -63.5281591119999, -63.5304540399999, -63.5311281049999, -63.53479123, -63.535602645, -63.53618671, -63.536908453, -63.538392701, -63.5405132769999, -63.5423316329999, -63.543460242, -63.5448715569999, -63.546791699, -63.548373754, -63.550485134, -63.5523210489999, 
-63.5534356299999, -63.5546569639999, -63.555350574, -63.555764109, -63.556431907, -63.556877926, -63.557986202, -63.559903456, -63.5620745299999, -63.5645855869999, -63.565595093, -63.5665679159999, -63.567269521, -63.5680126729999, -63.5680193809999, -63.568239011, -63.5690712909999, -63.5695953299999, -63.5707375699999, -63.571512243, -63.5724046549999, -63.5756007859999, -63.576852226, -63.577705798, -63.5795117759999, -63.581181629, -63.5824908079999, -63.5849602499999, -63.586706637, -63.5886779809999, 
-63.5918163919999, -63.593720345, -63.5967965409999, -63.600149668, -63.609927725, -63.613735005, -63.6154979459999, -63.6165202949999, -63.618680865, -63.6209308909999, -63.624071232, -63.6262335859999, -63.627016924, -63.6277957739999, -63.6261824959999, -63.6235106979999, -63.6205077509999, -63.618261592, -63.6164844999999, -63.614420906, -63.60940269, -63.6084457289999, -63.605543605, -63.602766412, -63.5961231589999, -63.593254633, -63.589549419, -63.587098486, -63.584360331, -63.582516179, 
-63.58254842, -63.582010439, -63.579214098, -63.5773240469999, -63.5767117899999, -63.576902698, -63.5772963359999, -63.5791942519999, -63.581262887, -63.5820128499999, -63.5831671129999, -63.583542151, -63.583543541, -63.582768996, -63.582811046, -63.58427178, -63.5850981849999, -63.585570149, -63.587323726, -63.587773392, -63.5888510319999, -63.5907637499999, -63.591875002, -63.5927379199999, -63.5937683709999, -63.594374516, -63.595434653, -63.598544624, -63.601025702, -63.602882259, -63.603848403, 
-63.604566873, -63.604873238, -63.6051502529999, -63.604378967, -63.6024051699999, -63.601681059, -63.60174335, -63.602211884, -63.6039639079999, -63.6042974329999, -63.604986287, -63.605736563, -63.6061604449999, -63.606821264, -63.6073793429999, -63.607793809, -63.607849495, -63.6081065669999, -63.608128634, -63.60776687, -63.6077692689999, -63.607908594, -63.608850771, -63.6088744, -63.606999789, -63.6061356729999, -63.6051240799999, -63.6045671779999, -63.6045477499999, -63.604823105, -63.605433893, 
-63.60701532, -63.607571497, -63.607601474, -63.607435834, -63.606845447, -63.605457676, -63.605465422, -63.6060128299999, -63.606037355, -63.6056308499999, -63.6049838719999, -63.6039553369999, -63.6013458309999, -63.599575067, -63.597265949, -63.5897955199999, -63.588711955, -63.5877309099999, -63.5824435149999, -63.581547996, -63.580595255, -63.579937452, -63.5778232429999, -63.5756031979999, -63.572792487, -63.5721126999999, -63.57141211, -63.570850778, -63.5710173149999, -63.571541743, -63.5716530459999, 
-63.5722679419999, -63.572185325, -63.5724293259999, -63.5723508189999, -63.571931471, -63.571961761, -63.5722346379999, -63.5726294369999, -63.5727376, -63.573151241, -63.5741029479999, -63.576177522, -63.5770729939999, -63.57795706, -63.5780293959999, -63.5775915639999, -63.577232385, -63.576928309, -63.576357287, -63.576081526, -63.5754603889999, -63.57437246, -63.573767139, -63.5733468339999, -63.5727370059999, -63.571735939, -63.570236434, -63.569733545, -63.5689555239999, -63.5671241959999, 
-63.56671017, -63.567233114, -63.5682322329999, -63.570128116, -63.5728769699999, -63.5736542209999, -63.574041876, -63.5741005689999, -63.5740099079999, -63.574507926, -63.574985457, -63.57562125, -63.5765189419999, -63.577427832, -63.580126793, -63.5826492959999, -63.583680297, -63.584071373, -63.584595291, -63.585534606, -63.58603878, -63.5861229619999, -63.585487258, -63.584425681, -63.5835685139999, -63.5811499599999, -63.580123106, -63.5807658809999, -63.581318958, -63.5822674839999, -63.582294899, 
-63.5790136649999, -63.5784844729999, -63.578876021, -63.5797650859999, -63.5805695, -63.5804318029999, -63.579567906, -63.5777615929999, -63.573873273, -63.572286793, -63.5705420419999, -63.5695414409999, -63.5673731099999, -63.5657456169999, -63.563628477, -63.5605425489999, -63.5550425549999, -63.5535461419999, -63.552244415, -63.552124087, -63.552317504, -63.553151608, -63.5544840159999, -63.5553441989999, -63.555766631, -63.5558176079999, -63.555842054, -63.5574234459999, -63.5571808959999, 
-63.5563219629999, -63.5552042369999, -63.553430392, -63.551850295, -63.5512071569999, -63.5502108789999, -63.550124715, -63.550401367, -63.551404827, -63.551873101, -63.553571206, -63.5538145829999, -63.555036967, -63.555462646, -63.5577089899999, -63.558063663, -63.558261061, -63.558120554, -63.5577604229999, -63.557184603, -63.5550488679999, -63.5548694029999, -63.554899394, -63.5550456569999, -63.55568825, -63.556413832, -63.557988998, -63.5586537139999, -63.5606596549999, -63.561680041, -63.562127311, 
-63.562431787, -63.5624298639999, -63.562181751, -63.5606563159999, -63.5601058609999, -63.5593695789999, -63.5591314569999, -63.560546533, -63.5615119079999, -63.561709588, -63.5614560829999, -63.560677794, -63.558542285, -63.557350736, -63.555405287, -63.5535427729999, -63.552402854, -63.5518185829999, -63.55079231, -63.5502078909999, -63.5467328109999, -63.545488081, -63.5446481479999, -63.5437573449999, -63.5438218859999, -63.544845374, -63.545562255, -63.547837833, -63.548517423, -63.548682729, 
-63.548513125, -63.5474881389999, -63.544096838, -63.5431842039999, -63.541122588, -63.5392312389999, -63.536872978, -63.5367914389999, -63.5376837359999, -63.5378801769999, -63.538653725, -63.5384563539999, -63.538018283, -63.5361852469999, -63.535481411, -63.5334863569999, -63.53174167, -63.530041709, -63.529270692, -63.529264271, -63.529489626, -63.5314037479999, -63.5324308899999, -63.535292324, -63.5362118079999, -63.537321494, -63.538971162, -63.5400097479999, -63.541565189, -63.543406079, 
-63.5456767669999, -63.5465726689999, -63.546956661, -63.547875436, -63.547956137, -63.5482680239999, -63.549849682, -63.5511544699999, -63.55171202, -63.554174631, -63.5555189139999, -63.5559397049999, -63.5565955059999, -63.5574253139999, -63.557982254, -63.558429081, -63.5583175769999, -63.557321031, -63.553413786, -63.5513253909999, -63.550399665, -63.549263573, -63.548150346, -63.547676796, -63.547736479, -63.5493770249999, -63.5509501779999, -63.5526516629999, -63.5535106919999, -63.554319299, 
-63.555288224, -63.5569532549999, -63.5573245259999, -63.557011517, -63.556258347, -63.554297245, -63.5523609399999, -63.549124993, -63.5476519919999, -63.546375796, -63.5441953139999, -63.540709315, -63.5397909859999, -63.53859383, -63.536490769, -63.535292733, -63.5328435409999, -63.5324894579999, -63.5331815819999, -63.534986944, -63.535460933, -63.5364557249999, -63.536037595, -63.5363152649999, -63.5370160139999, -63.537268749, -63.537155217, -63.5374013999999, -63.537742247, -63.538433493, 
-63.5392897759999, -63.5407880449999, -63.540625234, -63.5395703849999, -63.538536248, -63.536768894, -63.535593027, -63.531766765, -63.5299589469999, -63.500537436, -63.4674700259999, -63.4542289769999, -63.384971396, -63.287575765, -63.214449306, -63.2136533819999, -63.2136418419999, -63.1903372009999, -63.165023179, -63.075447182, -63.075310998, -62.9999057619999, -62.895891719, -62.869177045, -10.4921090739999, -10.4924814289999, -10.4936077889999, -10.4943352559999, -10.495585288, -10.495868783, 
-10.4961647839999, -10.4966479819999, -10.497456359, -10.501420987, -10.5041327499999, -10.5047769909999, -10.50570718, -10.505907168, -10.5062272929999, -10.507001982, -10.5086324929999, -10.508932604, -10.5113119379999, -10.5114991669999, -10.510046085, -10.507009112, -10.506551767, -10.50690929, -10.5082153819999, -10.510961693, -10.5121416659999, -10.5140860499999, -10.516365494, -10.5168250839999, -10.519148728, -10.5194673619999, -10.51946143, -10.518111921, -10.517243352, -10.51716492, -10.517801891, 
-10.52144157, -10.52280052, -10.524606377, -10.525350568, -10.5269289089999, -10.528147617, -10.52891511, -10.529314506, -10.528903564, -10.5279386879999, -10.526857094, -10.525894299, -10.525347107, -10.527571296, -10.528028227, -10.5293364399999, -10.5287859209999, -10.526861661, -10.524550715, -10.5259693149999, -10.5260571809999, -10.5233497199999, -10.5230577019999, -10.5239134659999, -10.525541066, -10.5277476789999, -10.5280811979999, -10.527338204, -10.528560761, -10.532469471, -10.5323229069999, 
-10.5312457169999, -10.5306653559999, -10.531104893, -10.5309595159999, -10.5312385819999, -10.5313642049999, -10.5334083509999, -10.5337550309999, -10.5334683089999, -10.5306290779999, -10.530653206, -10.5310420339999, -10.5300622359999, -10.5277210479999, -10.5266164979999, -10.5249204909999, -10.5240518009999, -10.5230038989999, -10.5238108, -10.522244072, -10.522418951, -10.523495154, -10.5224008819999, -10.52180285, -10.5219218999999, -10.521414303, -10.519825479, -10.5185912919999, -10.517407647, 
-10.517990061, -10.5196571889999, -10.5199077959999, -10.5186269199999, -10.5172674479999, -10.51833936, -10.5184625069999, -10.518321098, -10.5189861209999, -10.5192922759999, -10.5182345229999, -10.517085611, -10.516495225, -10.515453212, -10.515000019, -10.5127427809999, -10.5120486069999, -10.511634526, -10.511026412, -10.5105059959999, -10.5096946639999, -10.5090924419999, -10.507636337, -10.505956112, -10.505321488, -10.5058042729999, -10.5053996019999, -10.5042982759999, -10.5029392499999, 
-10.4999965809999, -10.499130382, -10.498729483, -10.4986262699999, -10.5001124249999, -10.501679498, -10.5024477989999, -10.5023525419999, -10.504099272, -10.504416874, -10.505904796, -10.506907015, -10.507385839, -10.5084752719999, -10.5096880099999, -10.5110519699999, -10.511082099, -10.510394682, -10.510347843, -10.5118813099999, -10.512389689, -10.512841624, -10.514472904, -10.5157382559999, -10.516494135, -10.517325022, -10.5198585059999, -10.521810944, -10.524899259, -10.528699421, -10.530580436, 
-10.5317590389999, -10.534408335, -10.5355822, -10.5359103889999, -10.536973466, -10.538107118, -10.5410092029999, -10.541981235, -10.5424197829999, -10.5437869429999, -10.5452254469999, -10.546274894, -10.5461199299999, -10.5471370519999, -10.5465996049999, -10.5479769079999, -10.5482699469999, -10.549862462, -10.549773697, -10.5489690949999, -10.5488313179999, -10.549286934, -10.5507047569999, -10.552026467, -10.5529987899999, -10.554451693, -10.555997326, -10.556063089, -10.555349864, -10.556764848, 
-10.5583605139999, -10.5601208869999, -10.560453233, -10.559548166, -10.55717371, -10.5560225479999, -10.55639004, -10.555666011, -10.556118359, -10.5573119739999, -10.559174741, -10.5595444209999, -10.5590498879999, -10.559553757, -10.561245694, -10.5617539219999, -10.563125863, -10.565072369, -10.569512988, -10.570416995, -10.570734696, -10.573245931, -10.5754872789999, -10.57867814, -10.5805037179999, -10.586197081, -10.587647768, -10.5891341119999, -10.5897566969999, -10.590973551, -10.593241558, 
-10.594007285, -10.5975674819999, -10.59939187, -10.6018339399999, -10.6034274769999, -10.6049718509999, -10.605658863, -10.6055157339999, -10.604437187, -10.6040542639999, -10.6044707979999, -10.605337537, -10.6052929009999, -10.6058930299999, -10.606660153, -10.608138974, -10.610232465, -10.611686868, -10.6143530029999, -10.6166567149999, -10.618928748, -10.621687339, -10.6229642649999, -10.623786029, -10.6260928739999, -10.629749681, -10.6302980979999, -10.631119695, -10.6315259449999, -10.6327955049999, 
-10.63197511, -10.6325081889999, -10.6332785079999, -10.634145621, -10.635323242, -10.637091508, -10.638336653, -10.639476495, -10.641020971, -10.641980791, -10.643056366, -10.648115553, -10.651249929, -10.652747498, -10.6527662029999, -10.6528477089999, -10.652453237, -10.653321696, -10.654512087, -10.6561312879999, -10.656414624, -10.6549794069999, -10.6557203559999, -10.6550088499999, -10.6563679819999, -10.658315339, -10.6594087119999, -10.66045605, -10.6606928999999, -10.6616496689999, -10.664780939, 
-10.6673190129999, -10.6709168799999, -10.670255629, -10.6705877679999, -10.6702819789999, -10.6712073399999, -10.6716216379999, -10.673143993, -10.6729900029999, -10.6733209119999, -10.675228659, -10.6740850559999, -10.6725349229999, -10.672770663, -10.673370534, -10.672953984, -10.672173662, -10.673309526, -10.6765734109999, -10.676948529, -10.6781204109999, -10.6788514649999, -10.678304442, -10.678798056, -10.678673435, -10.6772184069999, -10.6757642319999, -10.6738661459999, -10.671986849, -10.6710319969999, 
-10.6716023829999, -10.6730223469999, -10.6750241819999, -10.676416236, -10.677606833, -10.678023975, -10.681304784, -10.680492213, -10.6802359909999, -10.679463515, -10.679999096, -10.68115975, -10.68535574, -10.685910917, -10.685803773, -10.686440203, -10.6873134939999, -10.6865896189999, -10.687190402, -10.689241706, -10.689596811, -10.690238765, -10.6905965789999, -10.6914580959999, -10.692310728, -10.6938661, -10.694505677, -10.698026086, -10.698657869, -10.69928818, -10.700469802, -10.700453859, 
-10.69989025, -10.6997167129999, -10.7001249139999, -10.701624001, -10.701998841, -10.701869544, -10.7024162829999, -10.703695629, -10.703178237, -10.703203037, -10.703931643, -10.704599457, -10.7040709499999, -10.7044207489999, -10.7051290589999, -10.704994441, -10.704048693, -10.7042288899999, -10.705055687, -10.705428125, -10.705212387, -10.705853732, -10.705779585, -10.704510264, -10.704922961, -10.7044832369999, -10.703118076, -10.702236936, -10.702230872, -10.7037188689999, -10.7047291809999, 
-10.705600357, -10.7062254879999, -10.707846267, -10.7083775609999, -10.709889555, -10.711523825, -10.712711976, -10.7128904739999, -10.7124439299999, -10.7112911419999, -10.7110371329999, -10.7110017119999, -10.7105522089999, -10.710920149, -10.7116084859999, -10.712424896, -10.7139572519999, -10.7157835739999, -10.7171956629999, -10.716380748, -10.7164926419999, -10.717538909, -10.7170447529999, -10.7176126409999, -10.718756092, -10.71962711, -10.720228102, -10.7223117309999, -10.7236792699999, 
-10.7243234919999, -10.7254529969999, -10.7260108419999, -10.7248584139999, -10.7241403009999, -10.7231784189999, -10.7227133129999, -10.722765771, -10.723595584, -10.724600061, -10.7272440859999, -10.7277389139999, -10.7279661349999, -10.729461776, -10.731783556, -10.732658441, -10.7340191809999, -10.7356907399999, -10.7362976439999, -10.7381897529999, -10.740976489, -10.742721086, -10.7453228569999, -10.7462866099999, -10.7487776319999, -10.7498635209999, -10.7512598009999, -10.752402423, -10.7538576009999, 
-10.7567653099999, -10.757985575, -10.758799611, -10.759907142, -10.7622929229999, -10.763787585, -10.7663319649999, -10.767243128, -10.7682138059999, -10.7692560859999, -10.770296995, -10.771166589, -10.77279313, -10.7746051779999, -10.7764599609999, -10.777277684, -10.7784156609999, -10.779662869, -10.7828482039999, -10.7828171999999, -10.7831358899999, -10.7837706729999, -10.786118474, -10.786112068, -10.7882478019999, -10.788383469, -10.7899138579999, -10.7916346659999, -10.79245204, -10.793242128, 
-10.793374916, -10.7949224229999, -10.7957477959999, -10.7959377499999, -10.795675821, -10.794196465, -10.793765657, -10.793951436, -10.7953251859999, -10.797047375, -10.797107905, -10.796119888, -10.7948249729999, -10.7945384029999, -10.795227026, -10.7962245249999, -10.796995837, -10.796874562, -10.797684277, -10.798770626, -10.7992674399999, -10.80045358, -10.80031386, -10.799703987, -10.8003902909999, -10.801752422, -10.804299993, -10.804783593, -10.8051108219999, -10.805702498, -10.8071133469999, 
-10.808769402, -10.8093600249999, -10.8099038759999, -10.8108590179999, -10.811954976, -10.8132636979999, -10.8137263809999, -10.8136519599999, -10.8140022459999, -10.8144312649999, -10.8146934779999, -10.813890033, -10.8169478339999, -10.819671491, -10.8207570889999, -10.821539381, -10.8223623909999, -10.8219526789999, -10.8220239029999, -10.8216130029999, -10.820792157, -10.820858703, -10.8226359339999, -10.823355504, -10.824033044, -10.8249551289999, -10.826920698, -10.827584795, -10.827354008, 
-10.8278658499999, -10.8272796979999, -10.8271488459999, -10.828105784, -10.828443864, -10.8280527629999, -10.8284080859999, -10.829414001, -10.830281014, -10.8305215559999, -10.831521333, -10.8333640069999, -10.8357910319999, -10.8359553449999, -10.837577701, -10.8387656139999, -10.8389556829999, -10.838274234, -10.8363392379999, -10.836811344, -10.837516522, -10.8380831129999, -10.8384425819999, -10.8378478279999, -10.8376010809999, -10.837879287, -10.837741756, -10.837570366, -10.836062019, -10.835634911, 
-10.836314126, -10.837184678, -10.8373928209999, -10.836015734, -10.8350136199999, -10.835403103, -10.83469373, -10.8346050729999, -10.833510454, -10.8318607369999, -10.8302219329999, -10.829034256, -10.828861364, -10.827168695, -10.825438027, -10.8242161589999, -10.8237245209999, -10.8224265729999, -10.8219244109999, -10.822157582, -10.823051941, -10.822730752, -10.822038491, -10.8225843419999, -10.8236895979999, -10.8250609689999, -10.8260105049999, -10.8265272799999, -10.8273997499999, -10.82860643, 
-10.8296141919999, -10.8305824079999, -10.831537582, -10.8311366589999, -10.830547171, -10.831327221, -10.8341848429999, -10.8349793309999, -10.834810374, -10.835581351, -10.8383630989999, -10.837880572, -10.8379177279999, -10.8388803089999, -10.8416111249999, -10.842504773, -10.8437709889999, -10.8448940739999, -10.8442757529999, -10.8430122379999, -10.842695797, -10.8432485369999, -10.8437065489999, -10.844794392, -10.8464223119999, -10.8477019479999, -10.848647323, -10.8495609619999, -10.848935838, 
-10.849792383, -10.8507099339999, -10.8515343069999, -10.851547448, -10.853739604, -10.8561532639999, -10.857058612, -10.857824042, -10.8588285529999, -10.859691907, -10.8606979799999, -10.8623781899999, -10.863745355, -10.865101436, -10.869583049, -10.870989267, -10.871534755, -10.8719083919999, -10.872807207, -10.872471335, -10.872506635, -10.8733298689999, -10.875106517, -10.876111483, -10.876351827, -10.8772124179999, -10.875781875, -10.875780682, -10.8766067679999, -10.877930873, -10.8786465469999, 
-10.8769547239999, -10.8765902, -10.877445639, -10.87883951, -10.8803068399999, -10.8809852649999, -10.8824970199999, -10.8839709989999, -10.8848487169999, -10.884230897, -10.883631308, -10.883084432, -10.883279859, -10.8850153339999, -10.8853611169999, -10.8875633989999, -10.887886442, -10.88736936, -10.8884136079999, -10.8891984469999, -10.8907131449999, -10.890436766, -10.8904116309999, -10.891088332, -10.8924050689999, -10.8941676709999, -10.8951617609999, -10.896190536, -10.8965860659999, -10.8972655739999, 
-10.8985859659999, -10.8990819969999, -10.899800205, -10.9004919409999, -10.901170188, -10.901182819, -10.901974222, -10.9046101919999, -10.9054419929999, -10.905672055, -10.907789231, -10.90887086, -10.909828411, -10.909928486, -10.9111233959999, -10.912021471, -10.91262624, -10.938192547, -10.940501243, -10.942751544, -10.944602887, -10.9449549419999, -10.9456170299999, -10.9471091359999, -10.946688626, -10.947013966, -10.94822901, -10.94982642, -10.9508468679999, -10.951155754, -10.952658599, 
-10.9523621609999, -10.9518024239999, -10.9519908089999, -10.9518054899999, -10.949351848, -10.948830293, -10.9488106649999, -10.948999975, -10.9500126849999, -10.952381101, -10.9568185749999, -10.959577824, -10.962715331, -10.9641500589999, -10.9648786449999, -10.9651217489999, -10.9648132519999, -10.9653386669999, -10.967395831, -10.9692131809999, -10.9697158509999, -10.9697019129999, -10.9713991139999, -10.9726313269999, -10.972973625, -10.9732811379999, -10.97400706, -10.9755374719999, -10.976235957, 
-10.976383921, -10.974141346, -10.973225448, -10.9724909059999, -10.9724490669999, -10.978611465, -10.981890479, -10.9849019329999, -10.9870837, -10.9889821319999, -10.990342083, -10.992338366, -10.993333564, -10.9954370839999, -10.9969266159999, -10.998389994, -10.998519423, -10.998295136, -10.998440861, -10.998139247, -10.9986854319999, -11.0022692529999, -11.00626198, -11.0091685969999, -11.010480692, -11.010985337, -11.0111803439999, -11.011932455, -11.013203992, -11.0157398769999, -11.0174961, 
-11.018803198, -11.0207885829999, -11.0228912069999, -11.0242750249999, -11.0284845629999, -11.029713765, -11.032327041, -11.037385897, -11.0396964299999, -11.0441209489999, -11.047275536, -11.0485482949999, -11.050475712, -11.054959161, -11.057687416, -11.0636430119999, -11.066968962, -11.0713967219999, -11.0720224009999, -11.072636057, -11.0740125569999, -11.074623104, -11.074467429, -11.0736261209999, -11.072862247, -11.0723253989999, -11.071918141, -11.0710790879999, -11.0705107589999, -11.069020276, 
-11.0670944429999, -11.068108229, -11.068459086, -11.0681946639999, -11.067788499, -11.0674690039999, -11.066576177, -11.066196775, -11.0660853689999, -11.066819379, -11.067461863, -11.0683244729999, -11.069247939, -11.0701463059999, -11.0730553529999, -11.073758953, -11.0741885469999, -11.0767018589999, -11.0772235229999, -11.0775702909999, -11.078226482, -11.079260336, -11.0801634279999, -11.081347346, -11.0825659739999, -11.0845655099999, -11.0852882409999, -11.085738274, -11.08649129, -11.088322509, 
-11.0916367569999, -11.094043787, -11.0952892089999, -11.097498061, -11.100363235, -11.1023740549999, -11.103389288, -11.1036194869999, -11.104615388, -11.105633181, -11.1061752469999, -11.1068990569999, -11.108480469, -11.1090673509999, -11.1106152229999, -11.1130779769999, -11.1143433149999, -11.116440146, -11.117305702, -11.118496948, -11.1209999129999, -11.1232745579999, -11.124633912, -11.125342319, -11.1257284999999, -11.1263381599999, -11.1272696339999, -11.128628475, -11.129491438, -11.131714307, 
-11.135530383, -11.1364832629999, -11.1372580359999, -11.1377907799999, -11.138110968, -11.138911073, -11.1434560399999, -11.14714209, -11.1484191169999, -11.149832309, -11.15106366, -11.1519078649999, -11.1520266549999, -11.151948197, -11.151379925, -11.1514044939999, -11.151573631, -11.1523089559999, -11.152976279, -11.153409733, -11.1532321869999, -11.1529176189999, -11.152174505, -11.151307244, -11.1478951899999, -11.1470105659999, -11.1452909019999, -11.1426253499999, -11.1421245179999, -11.141680734, 
-11.1408122249999, -11.1398153629999, -11.1377638299999, -11.135468604, -11.13371646, -11.132538011, -11.1314028809999, -11.130364071, -11.1292253559999, -11.126820719, -11.124927202, -11.1240631209999, -11.1231594179999, -11.1212506599999, -11.1201648909999, -11.118464883, -11.1179456029999, -11.1172695379999, -11.115827854, -11.11496003, -11.1136884439999, -11.1105551289999, -11.1092880169999, -11.1083801729999, -11.107606712, -11.106477728, -11.1054607069999, -11.1047842049999, -11.103978565, 
-11.103474327, -11.1026070999999, -11.101976755, -11.1000233179999, -11.0975751389999, -11.092500077, -11.0891058, -11.0869605949999, -11.08359377, -11.080587998, -11.0798102529999, -11.0791481889999, -11.0769926139999, -11.075993582, -11.074997783, -11.071836073, -11.071313663, -11.0706558869999, -11.068711254, -11.0677094809999, -11.064893163, -11.0637902029999, -11.063860469, -11.0643195099999, -11.0647622239999, -11.0651038459999, -11.065585454, -11.0659069879999, -11.0670492569999, -11.0678196879999, 
-11.068666281, -11.070441699, -11.073218669, -11.0740401589999, -11.0747712259999, -11.0746692239999, -11.074141047, -11.073966254, -11.075089912, -11.075618106, -11.0757528439999, -11.075390259, -11.0742154929999, -11.0726592549999, -11.072046859, -11.069865392, -11.067425356, -11.0603303679999, -11.059313624, -11.0582229949999, -11.0572659409999, -11.0565841849999, -11.056203565, -11.0550992889999, -11.0540171499999, -11.053250365, -11.052485927, -11.0500390189999, -11.048951158, -11.0487759169999, 
-11.049260605, -11.0497021459999, -11.049723006, -11.049612362, -11.0490935159999, -11.048293072, -11.0476649079999, -11.0457806869999, -11.0405013339999, -11.0396382549999, -11.0390951389999, -11.038715845, -11.0376492469999, -11.0365607279999, -11.0338431559999, -11.033298407, -11.031123615, -11.0305401519999, -11.0299519649999, -11.0299506469999, -11.030322858, -11.0309849729999, -11.0314136969999, -11.0318330289999, -11.031829869, -11.031064203, -11.030397579, -11.029582916, -11.029561379, -11.031239597, 
-11.0317045319999, -11.031681448, -11.029995104, -11.0287259969999, -11.0276858039999, -11.027327908, -11.027197987, -11.027512659, -11.02799756, -11.028792693, -11.0301434319999, -11.031063468, -11.03174748, -11.0327937829999, -11.035389272, -11.0359341009999, -11.0378010449999, -11.038076266, -11.03876181, -11.042670899, -11.043164255, -11.042731858, -11.0429241039999, -11.0432999299999, -11.044969847, -11.045759914, -11.0460954139999, -11.0460698639999, -11.045725671, -11.0437122369999, -11.0429299729999, 
-11.0407008889999, -11.040059842, -11.0392134429999, -11.0385180639999, -11.037423245, -11.035372421, -11.0348098599999, -11.0347721, -11.035093252, -11.035856415, -11.0375109519999, -11.0381851219999, -11.039199844, -11.039405222, -11.039234222, -11.0386039669999, -11.037555836, -11.034422146, -11.0334435149999, -11.0318561439999, -11.031688478, -11.0322286409999, -11.0337595089999, -11.034084143, -11.0339021199999, -11.033209149, -11.0311806989999, -11.028160502, -11.025912769, -11.0236129419999, 
-11.0228657259999, -11.021900252, -11.0209497949999, -11.020268754, -11.0183317369999, -11.017935796, -11.0171872509999, -11.014959779, -11.012320701, -11.0106370239999, -11.0097203659999, -11.0093991369999, -11.009462646, -11.010248281, -11.0097900339999, -11.009960032, -11.0094993859999, -11.009202213, -11.008100852, -11.0070838619999, -11.006711951, -11.0064035199999, -11.0058076359999, -11.005253511, -11.0053911299999, -11.0050177499999, -11.0046471869999, -11.004027525, -11.0035970879999, -11.002922662, 
-11.001846219, -11.0013110109999, -11.001140766, -11.002079972, -11.002127682, -11.002771478, -11.003624631, -11.004368971, -11.0043887699999, -11.0039902029999, -11.0034525799999, -11.001687021, -10.999598212, -10.998649487, -10.9978728859999, -10.99628483, -10.9947792109999, -10.9928171, -10.9909201579999, -10.9897388749999, -10.98620132, -10.9830716669999, -10.9824879439999, -10.9807413689999, -10.979691869, -10.978609359, -10.973625322, -10.972666482, -10.969985022, -10.969247246, -10.9680252009999, 
-10.9650883819999, -10.96391255, -10.9622308859999, -10.9602761259999, -10.9579393299999, -10.9576216389999, -10.9569105699999, -10.955874466, -10.9549786519999, -10.955192654, -10.956136457, -10.9571281849999, -10.9569732429999, -10.9565208139999, -10.9555841589999, -10.951494908, -10.949676188, -10.9472442689999, -10.945242019, -10.9418072489999, -10.939888461, -10.9365967199999, -10.935142579, -10.933976354, -10.9331232199999, -10.9320838959999, -10.9313227719999, -10.9301882739999, -10.928295292, 
-10.92690957, -10.9260039219999, -10.9225106819999, -10.920416006, -10.9185152799999, -10.917421437, -10.9143021429999, -10.913393921, -10.91059117, -10.9097389729999, -10.9084871069999, -10.9075406209999, -10.9066301519999, -10.905496405, -10.9045468129999, -10.9031620839999, -10.9022784329999, -10.900350088, -10.8994459339999, -10.8984817409999, -10.8946528379999, -10.8936478369999, -10.890852218, -10.8899412879999, -10.8877569389999, -10.886795361, -10.886372926, -10.8865846649999, -10.8875477269999, 
-10.8880499979999, -10.887986873, -10.887843597, -10.8875026199999, -10.8846439819999, -10.8838612829999, -10.8833471639999, -10.882614246, -10.8808160259999, -10.879225386, -10.877933094, -10.877198134, -10.8755892499999, -10.8731318599999, -10.8707993409999, -10.8687824479999, -10.867377951, -10.86547073, -10.8631574789999, -10.854235769, -10.8503954919999, -10.8468530239999, -10.8444613469999, -10.839933856, -10.8385215769999, -10.8364737729999, -10.835392002, -10.8341697019999, -10.8321839119999, 
-10.831576416, -10.827646022, -10.825336094, -10.8207242629999, -10.819079881, -10.818212865, -10.817352231, -10.8164548949999, -10.8155145819999, -10.8126529419999, -10.811777276, -10.810593426, -10.8098624589999, -10.808054721, -10.8066521799999, -10.805802807, -10.804960944, -10.8023057409999, -10.801344763, -10.8005604309999, -10.800076582, -10.7995707029999, -10.7991039089999, -10.7985197429999, -10.7974816499999, -10.796398277, -10.790782541, -10.7889602459999, -10.7880720209999, -10.7873556589999, 
-10.786590255, -10.7860609919999, -10.782918637, -10.7811264929999, -10.779322775, -10.7783345879999, -10.7730259759999, -10.7699258019999, -10.768955595, -10.7678670239999, -10.767180555, -10.766850629, -10.7663904269999, -10.764268923, -10.7624449689999, -10.757642265, -10.7565982989999, -10.755936719, -10.753667482, -10.7480017419999, -10.7445937919999, -10.7390741399999, -10.7374060349999, -10.733650576, -10.7313613679999, -10.7309146589999, -10.73166648, -10.734799954, -10.7366855719999, -10.73816729, 
-10.738341356, -10.737718268, -10.736527234, -10.733509994, -10.7314653699999, -10.7307646659999, -10.72943477, -10.727349311, -10.726149055, -10.7250651329999, -10.724255422, -10.7241338599999, -10.7235991219999, -10.7224690049999, -10.7193707319999, -10.7178894529999, -10.710579916, -10.7093887289999, -10.7088346379999, -10.7084838109999, -10.7076004029999, -10.706220279, -10.70525893, -10.7029329979999, -10.7004367669999, -10.698858608, -10.696461552, -10.694492974, -10.690924617, -10.6899721839999, 
-10.687905003, -10.686817669, -10.683206044, -10.682302918, -10.6804148479999, -10.6791786249999, -10.678169456, -10.677222122, -10.6750617269999, -10.6740970709999, -10.672147107, -10.671013779, -10.669989538, -10.6691903649999, -10.664562095, -10.663862934, -10.66367843, -10.6620493669999, -10.660108285, -10.657843104, -10.6569400459999, -10.656030127, -10.653148079, -10.652422168, -10.6517768119999, -10.650863901, -10.6493398989999, -10.6472404499999, -10.645065949, -10.6419769239999, -10.6413319239999, 
-10.640618864, -10.6404690739999, -10.639402222, -10.637743855, -10.6357433699999, -10.6349568419999, -10.634041689, -10.633191794, -10.6305491889999, -10.6290515369999, -10.628478796, -10.6266037089999, -10.6254246339999, -10.62339397, -10.621499234, -10.6175265819999, -10.615404521, -10.6139975499999, -10.6129317099999, -10.6125786769999, -10.613125608, -10.6135286659999, -10.613385148, -10.612576098, -10.6105476179999, -10.6085536169999, -10.606271668, -10.605243924, -10.603169912, -10.6021200369999, 
-10.601149648, -10.598398551, -10.597611908, -10.5972538519999, -10.5963055149999, -10.5938305779999, -10.5917973259999, -10.5908291769999, -10.589876422, -10.589488176, -10.58950392, -10.590352888, -10.5902290389999, -10.589784467, -10.588656205, -10.5882771199999, -10.5871472119999, -10.586141752, -10.5836179009999, -10.5818606929999, -10.579928697, -10.576707227, -10.571440352, -10.5705368239999, -10.567963138, -10.5663901079999, -10.565215099, -10.562750797, -10.560949935, -10.5599039599999, 
-10.5588313399999, -10.557886499, -10.556164484, -10.5540182979999, -10.553109586, -10.5510501899999, -10.5488348249999, -10.5474049429999, -10.5465900789999, -10.546152725, -10.5453630659999, -10.5445382849999, -10.5435476939999, -10.5407492699999, -10.539281687, -10.538178857, -10.5378498529999, -10.537104701, -10.536547535, -10.5348023669999, -10.53380877, -10.532855184, -10.532208304, -10.53133947, -10.5308857439999, -10.530582218, -10.5302422879999, -10.5297349669999, -10.529747147, -10.5300738819999, 
-10.530376941, -10.530501762, -10.530475896, -10.530189309, -10.528433391, -10.527301548, -10.5266303929999, -10.525869961, -10.524973246, -10.521712124, -10.5176281609999, -10.51567526, -10.514958355, -10.5136460899999, -10.5126954259999, -10.509725181, -10.508867244, -10.5082568349999, -10.507840549, -10.506403899, -10.5052191, -10.5036198779999, -10.503014218, -10.501544075, -10.5003446499999, -10.4953896749999, -10.4926060239999, -10.492070396, -10.492113171, -10.492129031, -10.4922034589999, 
-10.4922839759999, -10.492463776, -10.492466019, -10.492324328, -10.4923323679999, -10.492223545, -10.491822262, -10.4918216359999, -10.491464659, -10.491981721, -10.4921090739999)))"
1101104,Itapuã Do Oeste,11,RO,"list(list(c(-62.7705518109999, -62.768361585, -62.7673131419999, -62.767275607, -62.765585193, -62.7641357559999, -62.764150344, -62.765027526, -62.764984425, -62.7637403269999, -62.76249739, -62.7615978439999, -62.760431006, -62.7587165369999, -62.757393859, -62.757044234, -62.7569586629999, -62.7565945629999, -62.7559522409999, -62.754238979, -62.753210762, -62.7528032559999, -62.7520664529999, -62.7517017499999, -62.7511885559999, -62.750760751, -62.749539196, -62.748617661, -62.748382583, -62.748766379, 
-62.750051345, -62.75053152, -62.751002286, -62.7526918199999, -62.754575006, -62.755820362, -62.757529093, -62.7576037109999, -62.756998733, -62.753405767, -62.7527002459999, -62.7507012419999, -62.7497172289999, -62.7473627059999, -62.745778526, -62.745393854, -62.7453502759999, -62.7463558859999, -62.746374809, -62.7456572689999, -62.745101001, -62.7441608519999, -62.743859639, -62.743390653, -62.7415955859999, -62.74118924, -62.740033087, -62.7379468689999, -62.737904729, -62.7389374059999, -62.7385401719999, 
-62.7365800589999, -62.7346373089999, -62.73161508, -62.730221552, -62.7293571619999, -62.72915759, -62.729194318, -62.729548753, -62.7323333159999, -62.733099338, -62.733331718, -62.732799091, -62.7319708779999, -62.73070872, -62.7297283839999, -62.729030125, -62.7282329439999, -62.727997858, -62.7253572389999, -62.722567663, -62.7211366379999, -62.7201100789999, -62.720141977, -62.721005071, -62.7212532089999, -62.7207538549999, -62.7200908779999, -62.7193598049999, -62.718161129, -62.7170676329999, 
-62.714560952, -62.714098545, -62.715784178, -62.7154181129999, -62.710061217, -62.7079405259999, -62.707141139, -62.705973288, -62.705476462, -62.7032881889999, -62.699807662, -62.699159557, -62.698929675, -62.699026475, -62.698594686, -62.6986939049999, -62.6990920189999, -62.699885721, -62.7021072749999, -62.7027705909999, -62.702853037, -62.7018309, -62.7003972419999, -62.6985732699999, -62.6962645869999, -62.690935304, -62.6898426889999, -62.688189763, -62.6878231009999, -62.686942335, -62.6850542019999, 
-62.6850855969999, -62.687102919, -62.6869372349999, -62.686159409, -62.68523206, -62.6849331759999, -62.684766275, -62.6843696689999, -62.6838379289999, -62.6811897599999, -62.678853473, -62.678292225, -62.6783906109999, -62.678850251, -62.6786866299999, -62.6790170739999, -62.679178742, -62.679890531, -62.6807508269999, -62.6821755569999, -62.682438791, -62.6821095939999, -62.6820411789999, -62.6823721219999, -62.6824300599999, -62.6819050009999, -62.681522041, -62.680429698, -62.678511739, -62.6779158679999, 
-62.6776172909999, -62.6773511219999, -62.6766569539999, -62.674696346, -62.6740816929999, -62.674142065, -62.673761182, -62.6727335739999, -62.6710879569999, -62.66661949, -62.666383258, -62.666850334, -62.666938242, -62.6664688129999, -62.6655590629999, -62.6652955449999, -62.6647942449999, -62.6634214629999, -62.662407208, -62.662417053, -62.663021209, -62.6642789829999, -62.664043149, -62.663574894, -62.662373206, -62.662240928, -62.667424953, -62.6706186019999, -62.6713799339999, -62.671978318, 
-62.672152046, -62.671301171, -62.670510688, -62.668664263, -62.665249657, -62.6643100149999, -62.6641094679999, -62.6640825429999, -62.663437598, -62.662647613, -62.662032708, -62.6614580669999, -62.661251324, -62.6607826819999, -62.6599248539999, -62.656713626, -62.65660765, -62.656784482, -62.657393207, -62.660442596, -62.660882986, -62.661292042, -62.661318302, -62.662150976, -62.6627342939999, -62.6626757939999, -62.662147724, -62.661092449, -62.656660355, -62.655105609, -62.654289335, -62.653500989, 
-62.6532339399999, -62.6531182069999, -62.652853536, -62.6524149539999, -62.651976963, -62.651829913, -62.651959337, -62.6514029719999, -62.651461235, -62.650844251, -62.6504064969999, -62.6496478299999, -62.6484171819999, -62.645711709, -62.6426121529999, -62.6420274379999, -62.6412908009999, -62.6398318599999, -62.638896632, -62.6388380829999, -62.6391157949999, -62.638998569, -62.638033216, -62.6377989009999, -62.6377105719999, -62.63823552, -62.638468554, -62.638322007, -62.637298516, -62.637298063, 
-62.6376477939999, -62.638291303, -62.639534585, -62.6401777399999, -62.6407315699999, -62.6410235339999, -62.640963932, -62.641430897, -62.641429621, -62.64175274, -62.6413705059999, -62.640428685, -62.6397453869999, -62.639334961, -62.640707536, -62.640794762, -62.640325412, -62.639098154, -62.638833379, -62.6389352, -62.639694041, -62.639812488, -62.639547073, -62.6397523429999, -62.640248216, -62.640333808, -62.6412081669999, -62.6410632849999, -62.6416591389999, -62.6415945269999, -62.6408482699999, 
-62.638734546, -62.638296778, -62.637647009, -62.636643091, -62.6351519219999, -62.6349174219999, -62.634915973, -62.635207106, -62.635647255, -62.636142962, -62.637541944, -62.637790232, -62.637643883, -62.636887105, -62.636359887, -62.635076134, -62.634821199, -62.635190755, -62.635804142, -62.63624272, -62.6369131759999, -62.637117206, -62.6368658699999, -62.6373309369999, -62.6371246569999, -62.636074788, -62.635081709, -62.635257439, -62.6366579809999, -62.6374305379999, -62.6376349109999, -62.637634524, 
-62.63745832, -62.637108439, -62.636321622, -62.6360294739999, -62.636057405, -62.636319238, -62.6362335279999, -62.635822788, -62.635960497, -62.636841766, -62.637221035, -62.636754146, -62.63682575, -62.636648571, -62.635716952, -62.6355423059999, -62.635510079, -62.635294269, -62.63311838, -62.628753392, -62.627877669, -62.659539911, -62.73588554, -62.734282133, -62.733115696, -62.7336527679999, -62.889674146, -62.995728191, -63.00022613, -63.060815894, -63.061193692, -63.099557733, -63.100093371, 
-63.1021776689999, -63.1023141009999, -63.102176217, -63.1009560099999, -63.100811864, -63.1011086309999, -63.125478397, -63.324126448, -63.3267117389999, -63.32597594, -63.3258937399999, -63.32581154, -63.324649183, -63.324509486, -63.32372702, -63.3227859989999, -63.3215608639999, -63.3201776299999, -63.318648125, -63.316508141, -63.31540046, -63.3142618529999, -63.3130624839999, -63.3128125899999, -63.3125626959999, -63.3118645279999, -63.3095907009999, -63.3087562429999, -63.307923446, -63.306838416, 
-63.30678474, -63.309256765, -63.3097341699999, -63.3115937759999, -63.3120087269999, -63.312206598, -63.3121740229999, -63.311845224, -63.310927967, -63.311179481, -63.3111060289999, -63.3110325769999, -63.309419997, -63.3083983809999, -63.30825556, -63.307729653, -63.305704427, -63.303679201, -63.301341381, -63.2992054659999, -63.296312792, -63.2938704759999, -63.293337458, -63.29286926, -63.293200352, -63.293198326, -63.291920434, -63.293619485, -63.2950391849999, -63.299706313, -63.301620991, 
-63.301675955, -63.300979132, -63.300952393, -63.30123133, -63.3013416999999, -63.300644451, -63.2994287479999, -63.299217843, -63.299006939, -63.299958601, -63.3033877209999, -63.3046737969999, -63.306119016, -63.3073193989999, -63.308430282, -63.309065736, -63.30970119, -63.30987079, -63.309701387, -63.310753053, -63.3112889669999, -63.309700456, -63.307838635, -63.307482451, -63.308867488, -63.310207056, -63.309870696, -63.3087042929999, -63.308394776, -63.3086755129999, -63.3104801439999, -63.311732454, 
-63.3120783429999, -63.3124242329999, -63.311316719, -63.3099525929999, -63.3090079639999, -63.308063335, -63.307003688, -63.3056470619999, -63.304678982, -63.3044265149999, -63.30401087, -63.303595225, -63.303256288, -63.3038719429999, -63.304357589, -63.3048432349999, -63.3067012489999, -63.3116233139999, -63.3131131659999, -63.3133665509999, -63.312366575, -63.3124777419999, -63.314448125, -63.316064667, -63.3167061619999, -63.317788344, -63.3183866639999, -63.318984985, -63.3200625069999, -63.320953934, 
-63.3212329059999, -63.320562632, -63.3199252789999, -63.319287926, -63.319540203, -63.3201775939999, -63.320814985, -63.323968227, -63.3253147469999, -63.3285936629999, -63.32979002, -63.3307544559999, -63.331310804, -63.331867152, -63.333278639, -63.3372530769999, -63.338061686, -63.3388702949999, -63.341200556, -63.342901763, -63.343810257, -63.344411247, -63.345012238, -63.344976284, -63.3457007389999, -63.346837056, -63.348235903, -63.352122886, -63.352809841, -63.353366249, -63.3539237869999, 
-63.3546205829999, -63.355425407, -63.356230232, -63.358396591, -63.360121084, -63.361418433, -63.363616187, -63.364712803, -63.365809419, -63.368067032, -63.37053888, -63.3713910309999, -63.372421671, -63.373568844, -63.3753681149999, -63.376272501, -63.3771768879999, -63.378091077, -63.378506138, -63.3797296099999, -63.381062489, -63.382284696, -63.3834474939999, -63.385004992, -63.387066198, -63.387510079, -63.3892028249999, -63.3905379329999, -63.3915086249999, -63.391289745, -63.390369209, -63.390644094, 
-63.39165107, -63.3941704119999, -63.394901433, -63.395964296, -63.396873162, -63.397782028, -63.3989883649999, -63.399420692, -63.400676032, -63.4015924189999, -63.4021430649999, -63.402004943, -63.403012195, -63.403399541, -63.403227966, -63.402172905, -63.402759998, -63.4035924529999, -63.404424908, -63.4045628379999, -63.401200365, -63.3996215349999, -63.398698963, -63.398395528, -63.394675527, -63.3929800889999, -63.391284651, -63.389951499, -63.3894534469999, -63.3901754669999, -63.39165046, 
-63.392536, -63.393927318, -63.3952871139999, -63.396063445, -63.399170397, -63.4002550919999, -63.402370136, -63.403843136, -63.4050340999999, -63.4062550799999, -63.404619899, -63.402595589, -63.4002580869999, -63.400260581, -63.40311632, -63.403105246, -63.4030941719999, -63.402431333, -63.401707987, -63.3999823449999, -63.398256703, -63.3976151109999, -63.3963111049999, -63.395731198, -63.395697861, -63.394958025, -63.394061848, -63.394308928, -63.3955886849999, -63.3959514689999, -63.39611825, 
-63.3953376649999, -63.3945923999999, -63.3945218039999, -63.394451208, -63.394662911, -63.3963891729999, -63.397003793, -63.397590414, -63.3980896309999, -63.397842333, -63.3975950359999, -63.396564753, -63.39553447, -63.392866831, -63.393538749, -63.394563844, -63.3964279479999, -63.3978964149999, -63.3996785259999, -63.400588378, -63.402315535, -63.4029954519999, -63.40367537, -63.404728434, -63.405120783, -63.405513131, -63.4066216799999, -63.4077302279999, -63.409791782, -63.4099245849999, -63.4112027429999, 
-63.412039078, -63.4134246799999, -63.4144204039999, -63.417260102, -63.418060782, -63.4189235129999, -63.4231094579999, -63.4248150459999, -63.426063227, -63.42671734, -63.4273714529999, -63.428707703, -63.429842965, -63.430645849, -63.4319827319999, -63.433477608, -63.434592519, -63.434899167, -63.4365398149999, -63.437120827, -63.437701838, -63.4384302739999, -63.4392588799999, -63.4404267069999, -63.442924223, -63.4435946769999, -63.4440935229999, -63.444592369, -63.446452602, -63.447146965, 
-63.448039007, -63.449446294, -63.451845764, -63.452843713, -63.453562386, -63.45337025, -63.45262261, -63.4528936789999, -63.453449543, -63.454005407, -63.456617078, -63.456977913, -63.458067496, -63.458183304, -63.4581988829999, -63.4572737019999, -63.4572023429999, -63.457165684, -63.456890778, -63.45686648, -63.4572520139999, -63.4576751889999, -63.4581441919999, -63.458121819, -63.458099447, -63.4562040279999, -63.455558671, -63.456899278, -63.457788486, -63.4592617409999, -63.4605097049999, 
-63.45981165, -63.4587848939999, -63.457758138, -63.456764612, -63.456488038, -63.455867721, -63.4564299969999, -63.4563729039999, -63.455968687, -63.4555644689999, -63.450372676, -63.4494488569999, -63.4480578009999, -63.4463099559999, -63.4464650869999, -63.446620218, -63.4475951699999, -63.44892361, -63.452065894, -63.4526083709999, -63.453150848, -63.4540103779999, -63.4541412489999, -63.453878566, -63.453536222, -63.452454511, -63.45147725, -63.4511204679999, -63.4518966499999, -63.451928134, 
-63.4505622719999, -63.451177831, -63.454012215, -63.454561493, -63.45547974, -63.4576729019999, -63.461342664, -63.46269819, -63.4651778969999, -63.465200661, -63.4655060629999, -63.4665123, -63.467837628, -63.468917884, -63.4699232859999, -63.471731736, -63.47356474, -63.47631397, -63.476504268, -63.480372612, -63.4806480659999, -63.480978255, -63.4832605839999, -63.484787049, -63.486224906, -63.488067921, -63.491174831, -63.4940305259999, -63.494951253, -63.495534011, -63.4956849619999, -63.497455298, 
-63.4979001899999, -63.49625411, -63.4932858899999, -63.493423385, -63.4937288799999, -63.4937860839999, -63.493566722, -63.493848723, -63.49456555, -63.4966500059999, -63.4985097869999, -63.498650074, -63.498812397, -63.499511974, -63.499894822, -63.501623146, -63.503200695, -63.504284941, -63.505754138, -63.507760551, -63.507753993, -63.508146009, -63.509399846, -63.511285809, -63.512125603, -63.5125669489999, -63.512263749, -63.510975838, -63.5103965269999, -63.5092617989999, -63.508286451, -63.508430727, 
-63.5110931899999, -63.5122012089999, -63.513368217, -63.5135106159999, -63.51206405, -63.5100612799999, -63.508621382, -63.5093445909999, -63.5137577519999, -63.513317645, -63.512624566, -63.511839588, -63.5117589009999, -63.512875525, -63.513675346, -63.513398442, -63.512223845, -63.5093967459999, -63.5094223799999, -63.5106238819999, -63.511761222, -63.5127867429999, -63.513866239, -63.514478727, -63.513871972, -63.5151155599999, -63.516205357, -63.5167328749999, -63.5161738729999, -63.5162014639999, 
-63.5174212469999, -63.5190367339999, -63.5198430299999, -63.5196992499999, -63.5191464349999, -63.5149814919999, -63.5151445749999, -63.516618987, -63.5186467309999, -63.521594233, -63.5236538939999, -63.52454077, -63.5255944339999, -63.526116238, -63.526981312, -63.5279514919999, -63.5288729729999, -63.529399623, -63.5295085509999, -63.531344515, -63.5313063709999, -63.5304567709999, -63.5294523149999, -63.5278109769999, -63.5264243849999, -63.526230439, -63.5262600449999, -63.5255922739999, -63.5266442639999, 
-63.52859224, -63.5295063499999, -63.5299226749999, -63.529725829, -63.529091471, -63.527678653, -63.527086884, -63.52745427, -63.528865923, -63.530256256, -63.5314542459999, -63.531452707, -63.530648888, -63.52895068, -63.5280352939999, -63.527813759, -63.5294490319999, -63.5303167319999, -63.5311197549999, -63.532232452, -63.533952645, -63.534593139, -63.533982954, -63.5329016549999, -63.5314493549999, -63.5301769829999, -63.528760479, -63.527233467, -63.526869323, -63.525259267, -63.5235072689999, 
-63.518845168, -63.514536279, -63.51245143, -63.5122621799999, -63.5113649369999, -63.509563034, -63.508677164, -63.50695464, -63.5032898169999, -63.5025078719999, -63.501788814, -63.501102102, -63.498784637, -63.496004415, -63.4948444579999, -63.494755942, -63.494200735, -63.49250567, -63.4914846449999, -63.4901201969999, -63.489063528, -63.4888909439999, -63.488308842, -63.487059387, -63.4855805989999, -63.483897663, -63.4818984719999, -63.480558089, -63.48012036, -63.48025468, -63.479507346, -63.4786868629999, 
-63.4752333609999, -63.471674433, -63.469483266, -63.46781234, -63.466645209, -63.463815584, -63.461755579, -63.4599826319999, -63.4588451199999, -63.4583297729999, -63.454034752, -63.4525600369999, -63.4512027449999, -63.4503723229999, -63.45030428, -63.449334063, -63.4471484809999, -63.444810388, -63.443846288, -63.4420731229999, -63.440091411, -63.439791224, -63.4400497519999, -63.4403029599999, -63.4403049439999, -63.440153439, -63.4393328879999, -63.4375628299999, -63.4371087549999, -63.43609621, 
-63.435181627, -63.4344205309999, -63.4336090099999, -63.4309706559999, -63.4299552569999, -63.428840419, -63.4274752279999, -63.42717228, -63.4457777769999, -63.445852354, -63.443204163, -63.441292289, -63.4391184139999, -63.4298371579999, -63.427180786, -63.424780565, -63.4215887229999, -63.4183996179999, -63.4150031199999, -63.411282801, -63.4052603629999, -63.40381753, -63.402281981, -63.4010908719999, -63.398590709, -63.395755318, -63.3935041149999, -63.3914203099999, -63.389255578, -63.3859767649999, 
-63.3828695549999, -63.3807033309999, -63.378875829, -63.378595205, -63.37742557, -63.375955637, -63.37343, -63.371810864, -63.3702004209999, -63.368117516, -63.3658702389999, -63.364087582, -63.3624574129999, -63.36175697, -63.3598683959999, -63.357815646, -63.355807172, -63.3566487649999, -63.357780861, -63.358865116, -63.360868452, -63.361253456, -63.361234359, -63.3594270239999, -63.358342334, -63.358480767, -63.357421554, -63.3545856979999, -63.353536523, -63.3517629119999, -63.3520225059999, 
-63.352840809, -63.353619274, -63.354284051, -63.352898021, -63.351637515, -63.350505491, -63.3488453909999, -63.346251126, -63.345035997, -63.343845301, -63.3411701929999, -63.3399823089999, -63.339816812, -63.3405891589999, -63.340590701, -63.3396984379999, -63.339533783, -63.3398592789999, -63.3410096279999, -63.3414277669999, -63.3416732919999, -63.3430936059999, -63.3420911879999, -63.3404807689999, -63.3364228579999, -63.334364596, -63.3329551029999, -63.331895588, -63.330595293, -63.3246431459999, 
-63.324676609, -63.325456592, -63.325889988, -63.325814904, -63.325281385, -63.325782691, -63.3269811049999, -63.327476277, -63.330283331, -63.331205901, -63.331975396, -63.332009525, -63.3315090599999, -63.3307565499999, -63.327814407, -63.326808935, -63.327229437, -63.328421944, -63.3298974209999, -63.330251945, -63.329089805, -63.328011305, -63.3279493809999, -63.328091924, -63.327501304, -63.327474091, -63.3281168659999, -63.32894588, -63.330589548, -63.331229275, -63.330923361, -63.3279000149999, 
-63.326086687, -63.3260053509999, -63.3250044339999, -63.3228977949999, -63.3219132639999, -63.3187529349999, -63.31805819, -63.316092618, -63.3146736699999, -63.3118949159999, -63.309254585, -63.307337681, -63.30453447, -63.30347993, -63.3021220639999, -63.300869731, -63.300673546, -63.2973132259999, -63.29564987, -63.293428796, -63.2920343609999, -63.290949413, -63.2923378409999, -63.294452481, -63.2957835329999, -63.2971734219999, -63.298425732, -63.2992614449999, -63.3012270449999, -63.302117097, 
-63.302558212, -63.3047595039999, -63.308952885, -63.3122288309999, -63.3168993819999, -63.318092437, -63.31652848, -63.31473069, -63.31314716, -63.312953162, -63.314559741, -63.3166210889999, -63.318111819, -63.318480135, -63.3190033989999, -63.319285227, -63.318174201, -63.317065477, -63.313505368, -63.3093957959999, -63.3056204049999, -63.299336683, -63.2977262309999, -63.2980341149999, -63.298674046, -63.299787898, -63.301396191, -63.303868531, -63.305946154, -63.307616313, -63.316444996, -63.317976572, 
-63.318945661, -63.318644151, -63.318147562, -63.317423529, -63.3167266479999, -63.31636397, -63.316866439, -63.315537251, -63.3131162869999, -63.311149308, -63.30945308, -63.3087861549999, -63.308395648, -63.307199925, -63.3069243739999, -63.306166548, -63.305175326, -63.3048927689999, -63.304207046, -63.303808822, -63.304090054, -63.3037934119999, -63.302509162, -63.3004796219999, -63.299758786, -63.2985679959999, -63.2990930369999, -63.300873082, -63.3008696009999, -63.300090447, -63.2990929439999, 
-63.299560587, -63.3005892149999, -63.3003128729999, -63.2955570399999, -63.2944491519999, -63.294120204, -63.2940884589999, -63.293559934, -63.291844218, -63.2910374539999, -63.2901487619999, -63.2900348749999, -63.291565347, -63.2910892489999, -63.291086363, -63.2925368749999, -63.2922846079999, -63.2908410639999, -63.289480973, -63.289536319, -63.29080956, -63.2907844759999, -63.2898451169999, -63.289454725, -63.289335397, -63.287287512, -63.285563897, -63.2853331209999, -63.285449085, -63.2846341599999, 
-63.283704684, -63.2827536519999, -63.2817588599999, -63.277503901, -63.275956035, -63.274370498, -63.2738088019999, -63.2718657379999, -63.271201278, -63.2711777169999, -63.270033645, -63.268890965, -63.268510847, -63.2688952769999, -63.268758888, -63.2675011439999, -63.266872798, -63.2665089129999, -63.2665038339999, -63.2656139049999, -63.263979681, -63.262868733, -63.26226008, -63.2632320359999, -63.2633647019999, -63.2620588149999, -63.263113081, -63.2632246339999, -63.262701017, -63.263005009, 
-63.262894485, -63.2624528289999, -63.264844145, -63.265202362, -63.266169651, -63.267757622, -63.268169625, -63.266864958, -63.266364987, -63.2650908689999, -63.2650920309999, -63.26564554, -63.26386174, -63.263283084, -63.260036855, -63.258202259, -63.2575332169999, -63.255172128, -63.253781578, -63.2531703059999, -63.252953038, -63.2530897989999, -63.2529212169999, -63.252178258, -63.2499235419999, -63.248147198, -63.247000702, -63.244589971, -63.243194344, -63.242639537, -63.244089877, -63.244228233, 
-63.243141753, -63.241951366, -63.23989538, -63.23714236, -63.236004449, -63.2339483799999, -63.2336704029999, -63.2338904189999, -63.231901377, -63.230505936, -63.227696806, -63.227474945, -63.226787659, -63.2253113689999, -63.2246465959999, -63.222841627, -63.221225287, -63.220616725, -63.2192815299999, -63.218090357, -63.216947425, -63.216589405, -63.2168461679999, -63.2161709439999, -63.212916485, -63.212008319, -63.2110655489999, -63.21068463, -63.209756149, -63.2103921929999, -63.2100606329999, 
-63.208257007, -63.2070333509999, -63.206622864, -63.206781862, -63.2059245869999, -63.2053147839999, -63.2045915549999, -63.2021728329999, -63.20198261, -63.2036768569999, -63.203869674, -63.204446967, -63.205532286, -63.2056961589999, -63.205563402, -63.205953216, -63.20644666, -63.20847608, -63.209398838, -63.2101982889999, -63.2116213269999, -63.2118973129999, -63.211207506, -63.2100886439999, -63.2097176, -63.2095645639999, -63.157391318, -63.000617768, -62.990779679, -62.990950212, -62.9907217649999, 
-62.987702309, -62.9871216929999, -62.987201625, -62.987452134, -62.9872549629999, -62.9864799699999, -62.984501075, -62.983255833, -62.9814229539999, -62.978893533, -62.97542252, -62.9728424149999, -62.9688673329999, -62.967315238, -62.9636464289999, -62.9623380139999, -62.96106223, -62.9580860089999, -62.954866086, -62.952479726, -62.9510592959999, -62.9508387449999, -62.950788275, -62.950116927, -62.948312872, -62.944419317, -62.941976429, -62.9407527539999, -62.939619759, -62.936388704, -62.9349767609999, 
-62.934229268, -62.9340565489999, -62.9344775609999, -62.934644234, -62.933338157, -62.93356125, -62.932505437, -62.931061465, -62.931169636, -62.930617978, -62.931305812, -62.930888321, -62.9290069949999, -62.926140053, -62.919891054, -62.9160870539999, -62.913772651, -62.910866281, -62.904063191, -62.902975748, -62.901558725, -62.8999797449999, -62.897750709, -62.897058715, -62.896141922, -62.894309451, -62.8925903109999, -62.891141105, -62.8886090029999, -62.8813069989999, -62.879086753, -62.878670593, 
-62.8780350769999, -62.8772820129999, -62.8754468189999, -62.873890414, -62.872201685, -62.869715654, -62.8686146519999, -62.8665313059999, -62.8644733099999, -62.864337633, -62.864755076, -62.865946709, -62.868750551, -62.869060092, -62.865727861, -62.86500116, -62.8647222859999, -62.8647270359999, -62.8642278319999, -62.8630596039999, -62.8621449299999, -62.8622803179999, -62.8619991709999, -62.860640389, -62.85874949, -62.8566458129999, -62.85881019, -62.8594475679999, -62.858841484, -62.859225813, 
-62.8573971229999, -62.856562496, -62.85513688, -62.8541714939999, -62.8533662849999, -62.8527008829999, -62.849975616, -62.8502267639999, -62.851755658, -62.853054456, -62.8515042, -62.850869309, -62.850142112, -62.850092273, -62.849561932, -62.847893458, -62.845648947, -62.843752965, -62.842836322, -62.841448549, -62.839063723, -62.8367236799999, -62.834812496, -62.833311563, -62.831505286, -62.829698628, -62.8294486149999, -62.830444676, -62.83411667, -62.834225609, -62.834062107, -62.8335613149999, 
-62.832611717, -62.832391655, -62.8325606439999, -62.8332271839999, -62.8334275949999, -62.8334194269999, -62.833194397, -62.8320081639999, -62.828729995, -62.827502924, -62.8262037759999, -62.8239805039999, -62.822143439, -62.8219752649999, -62.8233621159999, -62.822979623, -62.821166675, -62.8207569039999, -62.82136742, -62.822281044, -62.8224243389999, -62.817476032, -62.814122562, -62.812701196, -62.814221288, -62.814254971, -62.811918701, -62.809779769, -62.8086121219999, -62.808421483, -62.808394513, 
-62.808809346, -62.809954311, -62.811534395, -62.813528867, -62.814560058, -62.8155914929999, -62.816007891, -62.8166412589999, -62.816779707, -62.8157171009999, -62.812644334, -62.8122824639999, -62.812978482, -62.813361627, -62.8131708009999, -62.8122016499999, -62.810920248, -62.810973954, -62.81220132, -62.811253095, -62.8088611059999, -62.8085486749999, -62.8065864259999, -62.804778657, -62.8041731719999, -62.803973362, -62.803728396, -62.802477872, -62.8011127659999, -62.8008360399999, -62.799617107, 
-62.794815951, -62.790306967, -62.790864921, -62.7946938459999, -62.798336873, -62.800502563, -62.801784813, -62.8022011309999, -62.8016173239999, -62.8004507879999, -62.799832655, -62.7984259729999, -62.7976409839999, -62.7974525289999, -62.796419257, -62.794448384, -62.79017113, -62.79039479, -62.7903705899999, -62.7890064839999, -62.7872022729999, -62.7853688189999, -62.782557546, -62.7823136319999, -62.783173587, -62.7866192669999, -62.787890434, -62.7889991289999, -62.7903334769999, -62.790638531, 
-62.7910042399999, -62.7925865589999, -62.792949294, -62.791943824, -62.790378793, -62.7887534269999, -62.786944042, -62.785341449, -62.782975274, -62.780114397, -62.7762029799999, -62.775169015, -62.7781461329999, -62.778145162, -62.7773366929999, -62.774582818, -62.7728332, -62.7729692359999, -62.7725870789999, -62.770477116, -62.76977694, -62.7697583829999, -62.770034827, -62.7705518109999, -8.79487714999994, -8.7960273209999, -8.79594415799994, -8.79624008, -8.79814768999992, -8.79806302299993, 
-8.79856339499995, -8.80051116699999, -8.80130077399995, -8.80324283699997, -8.80396887099991, -8.80383936599994, -8.80290503399991, -8.80264852899991, -8.80300263799999, -8.80332720699993, -8.80405163999992, -8.80480125899995, -8.80539722999996, -8.80622796499996, -8.80588680799997, -8.80541870599997, -8.80371530799998, -8.8032882429999, -8.803117635, -8.8032893119999, -8.804650581, -8.80539692799994, -8.80614358999999, -8.80676246499995, -8.80723364299994, -8.80800587799998, -8.8094551999999, -8.81069138299996, 
-8.81150462899992, -8.81176118900001, -8.81265532199992, -8.81396083299993, -8.81455953599991, -8.81717898099993, -8.817180924, -8.81620136199995, -8.81592357999997, -8.815518174, -8.81558234599989, -8.81596316999996, -8.81673315499999, -8.81769180599999, -8.81818316099997, -8.82001751399995, -8.82086904699998, -8.82163642499997, -8.82174082399999, -8.82163358899991, -8.82001352699998, -8.81986371299993, -8.82041787699995, -8.82254931399991, -8.82299647999996, -8.82609341199997, -8.826788392, -8.82695243299999, 
-8.82735034399996, -8.82846966099994, -8.82837026899997, -8.82780802399999, -8.82721349699992, -8.82542424699993, -8.82472577399996, -8.82178780099997, -8.82073113699994, -8.81987005099992, -8.81934041299997, -8.81907598799994, -8.81933927299997, -8.81990815699996, -8.82083181699992, -8.82291574799995, -8.82397005399996, -8.82930211599998, -8.83302895899996, -8.83445684599998, -8.83583966799991, -8.83653374699996, -8.83792319299991, -8.83872496799999, -8.83994633799997, -8.83998036799994, -8.84044072199993, 
-8.84361597899993, -8.84539740799998, -8.84725070699993, -8.84784438999993, -8.85289648099997, -8.85352640299995, -8.8539841649999, -8.85305733399996, -8.85174864999994, -8.84674531499995, -8.84588572699997, -8.84459729999994, -8.84449391499992, -8.84496487599998, -8.845702564, -8.84783407399997, -8.84826251199998, -8.84895865999994, -8.84945120099992, -8.84975311499995, -8.84948833599998, -8.84962153899998, -8.85022327199994, -8.85279363499999, -8.85438262000001, -8.855502148, -8.85600592899994, 
-8.85659519599994, -8.85649687999997, -8.85604565999994, -8.85622936199995, -8.856937301, -8.86019030899995, -8.86101771399993, -8.86303273899994, -8.86494587699996, -8.86531610699995, -8.86455579499993, -8.8647218479999, -8.866276408, -8.867000967, -8.86739505500001, -8.86788964199999, -8.86980527999995, -8.87052826299991, -8.87141942899992, -8.87247400199996, -8.87409021999993, -8.87521840999993, -8.87686113499996, -8.87746453099997, -8.87746531699994, -8.87683962199995, -8.87720291799999, -8.87789374399995, 
-8.87888263799997, -8.87972372699993, -8.88051833099995, -8.882575705, -8.8857164049999, -8.88666895499993, -8.88620780799997, -8.88646745899996, -8.88703059899992, -8.88834690799994, -8.88818133499992, -8.88833824099994, -8.88807424599994, -8.8864389149999, -8.88629206199992, -8.88702221999994, -8.88757699299992, -8.88789973899998, -8.88860007700002, -8.88973678699992, -8.8907605819999, -8.89175158099992, -8.89277417199997, -8.89347424799999, -8.89361903399989, -8.8923707779999, -8.89239856599998, 
-8.89289112999997, -8.89443968099993, -8.89639890599994, -8.89692394999996, -8.89727368099994, -8.89756694399995, -8.89812538299998, -8.90043694699992, -8.90061562099996, -8.90108102999992, -8.903110806, -8.90514231299996, -8.90669034299997, -8.90756444199999, -8.90893419699999, -8.90971851199996, -8.90971153899992, -8.90942370399991, -8.90706233500001, -8.90671139399993, -8.90653371899997, -8.90679740099994, -8.90937207699999, -8.91123800299992, -8.91187842599997, -8.91202339299998, -8.91187463399993, 
-8.91269810599994, -8.91336660199991, -8.91372374899989, -8.91444860799991, -8.91468709500002, -8.91555951099999, -8.91766154899992, -8.91932911899996, -8.92110438699994, -8.92201082699998, -8.92367130899997, -8.92492360599993, -8.92564739399996, -8.92666436499999, -8.9259945109999, -8.92596438499989, -8.92628536099998, -8.92765464099995, -8.92765448200002, -8.92707161599994, -8.92689657299993, -8.927100303, -8.92868216699997, -8.92949725299999, -8.93034199699999, -8.931247028, -8.9313885939999, 
-8.93103848899997, -8.93080569199999, -8.93135637399999, -8.93109148099992, -8.93132586599995, -8.93251718699993, -8.93228425199993, -8.93242742699996, -8.93283483799992, -8.93330784799998, -8.93354220000001, -8.933719163, -8.93404028699992, -8.93453424899993, -8.93500067199998, -8.93558382899991, -8.93607734299998, -8.93683254799994, -8.93750336999993, -8.93805968999995, -8.93823269299997, -8.93742590999992, -8.93766063199998, -8.93827037799998, -8.93972600599998, -8.94050998699992, -8.94144461099998, 
-8.94257785399995, -8.94377427499991, -8.94464529799995, -8.94523943899999, -8.94634011699994, -8.94805343699995, -8.9493946929999, -8.94988818299996, -8.95111183299996, -8.95186641399995, -8.95235997899993, -8.95289338299992, -8.95382215799994, -8.95440436899998, -8.95498560199993, -8.95550856699995, -8.95597383999998, -8.95754513199996, -8.95874044100001, -8.95987610899992, -8.96148390599999, -8.96213205599997, -8.963643857, -8.96514164699994, -8.96566605099999, -8.96744843299993, -8.96898856599991, 
-8.97229840199994, -8.97348982799993, -8.97403993199989, -8.97404214499998, -8.97357939099997, -8.97357776900002, -8.97407312699997, -8.97460582399999, -8.97495355999999, -8.97518393399995, -8.97561918699999, -8.97553170399995, -8.97590341799997, -8.97686800499994, -8.97684219199993, -8.97658071599997, -8.97681206799993, -8.97739587599991, -8.98173336399998, -8.98292559299994, -8.98350637399995, -8.98388218299996, -8.98457956299993, -8.98504417399991, -8.98472553799992, -8.98496524499995, -8.985486431, 
-8.98615635899992, -8.98647259199997, -8.98656297999999, -8.98629766699997, -8.986443961, -8.98685206499993, -8.98722702599995, -8.98775224699998, -8.98830377799996, -8.98881398699999, -8.98926314799994, -8.9896416469999, -8.99088944499994, -8.99217396199999, -8.99275407399994, -8.99252074799991, -8.99271172899999, -8.99391457999995, -8.99421026799999, -8.99539391899996, -8.99945738299991, -9.00049911999995, -9.00050621199991, -9.000523314, -9.21891971099994, -9.38963104699996, -9.38976547899998, 
-9.42875529399997, -9.45519559799989, -9.45616392099989, -9.47118193099993, -9.47127593099998, -9.48077590099997, -9.48063797399993, -9.47892277199994, -9.47819472999992, -9.47715389099995, -9.47470334399997, -9.47383776699994, -9.45274426399992, -9.45062527499992, -9.43329629799999, -9.43306975399999, -9.42850504899996, -9.42799246299991, -9.42747987699995, -9.42693793199997, -9.42507549599997, -9.42382896299994, -9.42335353899995, -9.42314981899997, -9.42094036199995, -9.42089903699999, -9.42000753999995, 
-9.4170720609999, -9.41470970999992, -9.41350254099996, -9.41214114399994, -9.41077974699992, -9.40924341199999, -9.40696503499995, -9.40510185099988, -9.40451546399995, -9.40288379399995, -9.40119670799989, -9.39522139499994, -9.39346961399995, -9.38900053999992, -9.3874995159999, -9.38574966399997, -9.38423527499999, -9.38183211999993, -9.37888172099997, -9.37797336799996, -9.37735873299991, -9.37674409799994, -9.37665381399993, -9.37452755299995, -9.37229722599998, -9.37136618099995, -9.3710338609999, 
-9.37070153999993, -9.37117467299991, -9.37068803199997, -9.36976112099993, -9.36868142699995, -9.36789069499998, -9.36673217899996, -9.36505292799993, -9.363992174, -9.36184379999997, -9.35965858599999, -9.35822977699999, -9.35605350999996, -9.35474584299994, -9.35275322400001, -9.35084344999991, -9.34919939299995, -9.34798585199999, -9.34639450499995, -9.34589553499997, -9.34565730099997, -9.34529665599998, -9.34493601099998, -9.3440193889999, -9.34325927799998, -9.342317049, -9.34187698200001, 
-9.34314153799992, -9.34381819299995, -9.343574066, -9.34332993899996, -9.34218264899989, -9.34027802599996, -9.33673819499999, -9.33325278699991, -9.33211433199995, -9.33124275499996, -9.33018226499996, -9.32643829899998, -9.32371788999996, -9.32108183099999, -9.32067441799994, -9.31999576999992, -9.31796165699993, -9.31420870999991, -9.31272010799994, -9.31167588599996, -9.31063166499998, -9.30942714999997, -9.30645417499992, -9.30550035299996, -9.304546531, -9.30236926799997, -9.30032196199996, 
-9.29918700399993, -9.29763985299999, -9.29700765799991, -9.29637546299992, -9.29496535699995, -9.29209937299996, -9.29069351099999, -9.28928764999993, -9.28866127299997, -9.28989095499993, -9.29051691699994, -9.29175685599995, -9.29488982899992, -9.29561020200001, -9.29574874799993, -9.29661694799991, -9.29779597699994, -9.29876989099997, -9.29901295400001, -9.29925601799996, -9.29906573799993, -9.29766864099998, -9.29618108399991, -9.29494745799998, -9.29440137599991, -9.29385529399994, -9.29174163199994, 
-9.29088993899999, -9.29003824699995, -9.28863058099992, -9.28802946999992, -9.28810747199998, -9.28684451599993, -9.28511344299997, -9.28346030499997, -9.28180716699996, -9.28031547999991, -9.28138265300001, -9.28145510599997, -9.28152755799992, -9.28082553499992, -9.28005848499996, -9.28005290999995, -9.27951065299993, -9.27896839700001, -9.27325716699997, -9.26795935799994, -9.26659802299993, -9.263679144, -9.26406913099994, -9.26562272499996, -9.2693446759999, -9.27147118699999, -9.27267542699997, 
-9.27281134099994, -9.27294725499999, -9.27258779799992, -9.27272808399989, -9.27347575599994, -9.27275835599991, -9.27289385099993, -9.27302934599995, -9.27397089399996, -9.27448014899991, -9.27509107299992, -9.27543133999992, -9.27410542399999, -9.2739776569999, -9.27441401999994, -9.2748503829999, -9.27570338699995, -9.27654876899991, -9.27807044099996, -9.27888401899995, -9.279271056, -9.28026042099997, -9.27994333899994, -9.28004169899999, -9.27961866299999, -9.27921861499993, -9.27913045399992, 
-9.27832151199995, -9.27559376099994, -9.27423393299996, -9.27260210999995, -9.27243319900001, -9.27532183099991, -9.27575993999993, -9.27543423399989, -9.27400158300001, -9.27256893299996, -9.26893929799993, -9.26818807099995, -9.267503893, -9.26796307899998, -9.26778723599991, -9.26637236999991, -9.26360222099994, -9.26202288599992, -9.26075171599999, -9.25841347999997, -9.25657545999995, -9.25568847499992, -9.2548014889999, -9.25383384699995, -9.24831492799992, -9.24538227299992, -9.24159262599998, 
-9.240901504, -9.23714656299991, -9.23623023499994, -9.23531390699997, -9.23441275899993, -9.23318208399998, -9.23195922199996, -9.2312864809999, -9.23066464899996, -9.22924510599993, -9.22940642199995, -9.22984255399998, -9.23093178499995, -9.23060920799999, -9.22905493799991, -9.22861521599994, -9.22889689799998, -9.228258367, -9.22705800899998, -9.22614796899991, -9.22359991199993, -9.22301157999993, -9.221207944, -9.21995805999996, -9.21870817599993, -9.21815753599994, -9.21755667799996, -9.21649290699996, 
-9.21542913599996, -9.21461637399995, -9.21347252599999, -9.21193420399989, -9.21027379199991, -9.20884759199994, -9.20797619199996, -9.20703430599993, -9.20689425199988, -9.206127034, -9.20425526699994, -9.20256230300001, -9.200212305, -9.19928707399992, -9.19836184299992, -9.19749228800001, -9.19670271799996, -9.19642159899997, -9.19592447399996, -9.1949136339999, -9.19432591999994, -9.1937382049999, -9.19333173799993, -9.19292527099996, -9.19118970299998, -9.18968970299995, -9.18921703499992, 
-9.18883886299998, -9.18929389099997, -9.18925523899997, -9.19026734599996, -9.19288307099993, -9.19313829199991, -9.19339351299989, -9.19352710399993, -9.19308407499996, -9.19264104699989, -9.19326862299995, -9.19389619899992, -9.1937199609999, -9.19221333599994, -9.19126370399997, -9.19026652999998, -9.18723430599991, -9.18600185099999, -9.18428635399989, -9.18837358899994, -9.18932343899993, -9.190331172, -9.19074177899995, -9.19051234799998, -9.19027769499992, -9.19004304199996, -9.19024870699992, 
-9.19022211799994, -9.18961052299997, -9.18956712799993, -9.18998647399999, -9.190731587, -9.19175014299999, -9.1931618199999, -9.19395549599994, -9.19474917299997, -9.19683505199989, -9.19820695699999, -9.19861415099993, -9.19809531299999, -9.19763795699989, -9.19808116399997, -9.19852437099996, -9.20170822599996, -9.20248374999991, -9.20289088899994, -9.20275541499992, -9.20292539999995, -9.20280050599992, -9.20247844599992, -9.20108302899992, -9.19998402199994, -9.1981758699999, -9.1975188669999, 
-9.19686186499998, -9.19581431299999, -9.19436711799998, -9.19246463399995, -9.19178587100001, -9.19169455799992, -9.19122711399996, -9.19119105999991, -9.19115401499996, -9.19087621199997, -9.19085165899999, -9.19051874199997, -9.19015332299994, -9.18931204199996, -9.18883333499997, -9.18835462799997, -9.18654002399993, -9.185655245, -9.18493514499993, -9.18479613999997, -9.18202606200001, -9.180395317, -9.17958152399999, -9.17944382099996, -9.17930611699994, -9.17887926299997, -9.17798282899996, 
-9.17597225199996, -9.17388618399993, -9.17311205199992, -9.17263159199996, -9.17215113199999, -9.17473864399994, -9.17555772799995, -9.17568375299989, -9.17359384399999, -9.17275620299996, -9.17191856199993, -9.17028684499993, -9.16955463299992, -9.16888544299997, -9.168613068, -9.16834069199993, -9.1674322449999, -9.16698171199993, -9.16658595299996, -9.16606996899999, -9.16544005399992, -9.16364178699999, -9.16248175399993, -9.16121220599996, -9.16072049999995, -9.15803432900001, -9.15613343899993, 
-9.15590158499993, -9.15291442399996, -9.15157966000001, -9.15221846699993, -9.15024252899995, -9.14919729299989, -9.14771522699992, -9.14856876599993, -9.14974792599997, -9.14993887599996, -9.14605627499997, -9.14520110199991, -9.14440587199993, -9.14331595899998, -9.14372657099994, -9.14245622299999, -9.14341429899995, -9.14277997499996, -9.14491567999992, -9.14494286199995, -9.14149174899995, -9.13761392999991, -9.13634884099995, -9.1370331219999, -9.13862808599989, -9.13718985999999, -9.1369063999999, 
-9.13729205899992, -9.13813864699998, -9.14001790099995, -9.14137360399994, -9.14203189099997, -9.14164447299989, -9.14379168899991, -9.14425678999994, -9.14472830199996, -9.14608868199998, -9.14703630099996, -9.1472953279999, -9.14625087499999, -9.14609572499995, -9.14627058299994, -9.14818687899995, -9.15225429199996, -9.15326174800001, -9.15499294299998, -9.15337255099994, -9.15304285999992, -9.15359471699993, -9.15500363799989, -9.15414799599997, -9.15278050799998, -9.15174945599993, -9.15250199599994, 
-9.15218665199996, -9.15130157499991, -9.14953178799994, -9.14844249999996, -9.14744016599998, -9.14615681499994, -9.14416344399994, -9.14370548199997, -9.14249613699992, -9.14145818399993, -9.1391907849999, -9.13805109599993, -9.13772976399999, -9.13835535199997, -9.13753498199995, -9.1364007949999, -9.13399060499996, -9.13114813599996, -9.13004074699991, -9.12794695999995, -9.12703970099994, -9.12414541199992, -9.12277904499993, -9.12191879799998, -9.12060161699998, -9.11963047499992, -9.11922734399996, 
-9.11817991299998, -9.11749020199993, -9.11646427099996, -9.115925976, -9.11401921799998, -9.11102932899995, -9.11029763299998, -9.11048637299997, -9.11016846699995, -9.10794391400001, -9.10594338999996, -9.10558176299997, -9.10572572099998, -9.10501066599997, -9.10364726799996, -9.10236937299992, -9.0984520929999, -9.09736722299993, -9.09699996199992, -9.09687366099995, -9.09793190699993, -9.09835355199991, -9.09953268999995, -9.10140265999996, -9.10298383099995, -9.10406088599998, -9.10358789299993, 
-9.10228002999999, -9.100908294, -9.10018268599991, -9.09706656500001, -9.09577455199996, -9.0927874949999, -9.09197548199995, -9.09150825800001, -9.09073195299991, -9.08949926099996, -9.08692406999997, -9.08334509499996, -9.08263090399993, -9.08251917900001, -9.08175321199996, -9.08057620399992, -9.08005300699998, -9.07919484299994, -9.07804617399993, -9.07728327699996, -9.07669379899994, -9.07578387199989, -9.07533761799991, -9.07388797499996, -9.07212208299995, -9.071972326, -9.07213290599996, 
-9.07124447499999, -9.07013474199992, -9.06938774299993, -9.06875863899993, -9.06744320899998, -9.06617335999989, -9.06513060799995, -9.06358914999995, -9.06254296799998, -9.06263322899999, -9.06351916899993, -9.06350725499992, -9.06252371199999, -9.06309835199993, -9.06329688499993, -9.06509439099997, -9.06655021199999, -9.06817092199997, -9.06901153199989, -9.06900347999994, -9.06595549999999, -9.06300599299993, -9.05963525600001, -9.05875754399995, -9.05799942899993, -9.05766496999997, -9.05706834699989, 
-9.05596054499998, -9.055249031, -9.05109259499991, -9.04818392599994, -9.04633146499997, -9.04291574899997, -9.04187598299991, -9.04115268899993, -9.039286814, -9.03799014000001, -9.03756375399999, -9.03654096399992, -9.03589363, -9.03540164599997, -9.03425241799992, -9.031813438, -9.02945566899996, -9.02692758099995, -9.02378121899995, -9.02200716599998, -9.01985037899996, -9.01899218499992, -9.01650527299994, -9.01609596799991, -9.01441935099992, -9.012077973, -9.01145877399992, -9.01266229899994, 
-9.0118203079999, -9.01082285699998, -9.00945940699996, -9.00909673299997, -9.00809000099999, -9.00739640699989, -9.00663556499991, -9.00580959699996, -9.00519190699992, -9.00538427999994, -9.00759332300002, -9.0095723969999, -9.01114448699994, -9.01780853699995, -9.02023027399995, -9.02276470299995, -9.02391489799991, -9.02590244199995, -9.027954371, -9.02866422499994, -9.03019346099999, -9.03190923999993, -9.03478320499996, -9.03797482699998, -9.03904145299995, -9.04040944399998, -9.04252490799996, 
-9.04617023099995, -9.04814451699997, -9.05076667399994, -9.05542583899997, -9.05819609499995, -9.08939737399988, -9.0897399909999, -9.08852861899994, -9.08911297899989, -9.08883913199997, -9.08644196399996, -9.08712468599996, -9.08868721799992, -9.09108041699996, -9.09302636199994, -9.09432063000001, -9.09437792299995, -9.09305841999993, -9.09241672999995, -9.09295390199999, -9.09337072599993, -9.09445999499999, -9.09460263499998, -9.09346459399996, -9.09208213999998, -9.09108199799991, -9.090209213, 
-9.08835095299999, -9.08555820799993, -9.08141866299999, -9.08078034999994, -9.07923972199992, -9.07832265999998, -9.07882228799993, -9.08023273500001, -9.08096806599993, -9.08065390299996, -9.07899674499989, -9.0764904069999, -9.07195007799993, -9.06913867299993, -9.06755266499998, -9.06699566199999, -9.064405601, -9.05683876199991, -9.05280083899994, -9.05080051199999, -9.04873505899998, -9.04640242599989, -9.04528608199998, -9.04226950499996, -9.04118089099995, -9.03598069599992, -9.03443611299993, 
-9.03321476099995, -9.03166989099994, -9.02749081299993, -9.02613710399992, -9.02485684599995, -9.02435429799993, -9.02329305999997, -9.0204755079999, -9.01716465099996, -9.01620834599989, -9.0153411709999, -9.01318235199998, -9.01263341199995, -9.01232490499991, -9.01266070099998, -9.01175839899993, -9.01060280699998, -9.00954781299991, -9.00890496299992, -9.00747295599992, -9.00568167099994, -9.00500660099995, -9.00365288899994, -9.00286658299999, -9.00078916299996, -9.00020007299998, -8.99834138799994, 
-8.996927338, -8.99549949099999, -8.99505902499996, -8.99578529799992, -8.996712632, -8.99494075799995, -8.99096459899994, -8.98982897699995, -8.98892649999997, -8.98746037399999, -8.98497304899998, -8.98259269100002, -8.98157218499996, -8.98035126499993, -8.97704618699994, -8.97403881999997, -8.97277480599993, -8.96980666599992, -8.96830678699999, -8.96649971199995, -8.96486586599995, -8.96259014099995, -8.96063310999994, -8.95827363199993, -8.95371022699992, -8.95339496299995, -8.95236030099996, 
-8.95166602899998, -8.94898761299997, -8.94767492399998, -8.94688570099996, -8.94581203499994, -8.94404403699994, -8.94112730300002, -8.94011478999991, -8.93891240999999, -8.93764836999994, -8.93632568199992, -8.93473297399995, -8.93318608299994, -8.93302917899993, -8.931097837, -8.93123579999996, -8.93029774399997, -8.92995735399996, -8.92793889800002, -8.92687154299999, -8.9265495509999, -8.92633264899999, -8.92658462099996, -8.92706331999996, -8.92838003099993, -8.92914810399997, -8.92833346699998, 
-8.92794657899994, -8.92788625099993, -8.92982656299997, -8.93022663899995, -8.93051370899999, -8.93036781399999, -8.92923385399996, -8.92804055299999, -8.92675609099994, -8.92545349699999, -8.92296458899994, -8.91961120799994, -8.9180735489999, -8.91529902400002, -8.913502889, -8.91047317999996, -8.90798931699997, -8.90402056199996, -8.89988432499994, -8.89765384599995, -8.89550835699989, -8.89020688899992, -8.88778788399996, -8.88524570999994, -8.88334158099996, -8.88250466999999, -8.8824199279999, 
-8.88064124999991, -8.87724832399993, -8.874975665, -8.87204201399992, -8.86912123699993, -8.86768427999996, -8.86779868199993, -8.86973102999994, -8.87107300899995, -8.87215788699992, -8.87144566199996, -8.86845586399994, -8.86511147799999, -8.86338497099995, -8.86258027499998, -8.86077755699995, -8.85958276099995, -8.85906672899997, -8.85840509899994, -8.85780405799995, -8.85689721499997, -8.85075300899999, -8.84945988899993, -8.84927321699994, -8.85008496199996, -8.851201884, -8.8520100559999, 
-8.85302483899993, -8.85290753499991, -8.85355138099989, -8.85368411099995, -8.85284513199998, -8.85397704299994, -8.85376533100001, -8.85293994899992, -8.85217372599994, -8.8520293029999, -8.85135765999992, -8.85153430999997, -8.85128604299995, -8.84989608999996, -8.84909889299999, -8.84844288399998, -8.85160700799995, -8.85115146299992, -8.851887829, -8.85358838799993, -8.85421526799993, -8.85483143699993, -8.855986296, -8.85681436599995, -8.85804309899992, -8.85912412499993, -8.85973806600001, 
-8.86010480499998, -8.86091951999997, -8.86232853999994, -8.863587405, -8.86422629599993, -8.86326925199997, -8.86258187099994, -8.86375730299994, -8.86579412899998, -8.86798077899989, -8.86893001200001, -8.87028639799997, -8.87086062699996, -8.87131237799995, -8.87172999199995, -8.87188839799991, -8.87331747099994, -8.87407284499991, -8.87458955899994, -8.87509390899993, -8.87583657299992, -8.87658150899991, -8.8768014679999, -8.87661164299992, -8.87801829299995, -8.87932713599998, -8.87982575699994, 
-8.88333632899997, -8.88520893600001, -8.88507086799995, -8.88622994699993, -8.88934859999996, -8.88954917099994, -8.88938348599991, -8.89047595599997, -8.89117091500001, -8.89314580599999, -8.89321855599997, -8.89298766399996, -8.894172129, -8.89606110999997, -8.89642074999998, -8.89706778899995, -8.89811102099994, -8.89871645899994, -8.89966312299993, -8.90043329099997, -8.89875269199992, -8.89869782399991, -8.90019510399998, -8.90183304599997, -8.90250933599997, -8.90477206399996, -8.90581771999997, 
-8.90666508600001, -8.90742715899991, -8.90872520899993, -8.91010310099999, -8.91129893399999, -8.91449319799996, -8.91788658299989, -8.91840569299994, -8.918939875, -8.92011914999996, -8.92210508199996, -8.92318805999995, -8.92322926599999, -8.92427579399989, -8.92672584999993, -8.92750471399998, -8.93042737799995, -8.93081901499993, -8.93410573999992, -8.934299929, -8.93334008899998, -8.93338237399993, -8.93438150799991, -8.93663810299993, -8.93836625399992, -8.93924732999999, -8.94007558599995, 
-8.93832905699995, -8.93643587099998, -8.93720529599996, -8.93919355599998, -8.94096840899993, -8.94232874399995, -8.94392010899999, -8.94503208099998, -8.94637336899994, -8.94638393899992, -8.947801801, -8.94931631499999, -8.95078212699994, -8.95251971499992, -8.95446446599998, -8.95563964899996, -8.95747384699993, -8.95775648999996, -8.95713980499991, -8.95939577599997, -8.96030486899996, -8.96052073199996, -8.96163557299992, -8.96287673299994, -8.96302280899995, -8.96194913399993, -8.9616685299999, 
-8.96379658699994, -8.96542512599995, -8.96633416899993, -8.96813187899991, -8.96844322299991, -8.96748735599996, -8.96750970599994, -8.97092936, -8.97133169999998, -8.97305948599994, -8.97478358599995, -8.97537405299996, -8.97563370199995, -8.97612824499992, -8.97719221999994, -8.979222808, -8.97981640399999, -8.98076918899996, -8.98241246799994, -8.98499152699999, -8.98573839599997, -8.98682645299994, -8.98796846399993, -8.98891880199995, -8.98974229399997, -8.990104431, -8.99239228699994, -8.99380272299993, 
-8.99424603899993, -8.99388338899994, -8.99403835099998, -8.99542258199993, -8.99660921899997, -8.99747853599996, -8.99821808399995, -8.99893518199995, -9.0000455389999, -9.00050122799994, -9.000483636, -9.00038511299993, -9.00025792199997, -8.99968993799996, -8.99858914899992, -8.99565847699991, -8.99466177899996, -8.99202276700001, -8.99002395199991, -8.98838621899994, -8.9868142249999, -8.98478595199995, -8.98295804899996, -8.9820459389999, -8.98173052999992, -8.98185148599989, -8.98158282299995, 
-8.98155228699991, -8.98029551900002, -8.97646836699991, -8.97542554299996, -8.97459819599989, -8.97309574699992, -8.97085910499996, -8.96962841899992, -8.96813507499999, -8.96646018399997, -8.96412077399994, -8.96234941599992, -8.96112079999996, -8.95892682499998, -8.9527728849999, -8.95072953199994, -8.94974575199999, -8.94966283099997, -8.94887514699999, -8.94732891399995, -8.94255954399995, -8.94077811699999, -8.938639891, -8.93586373599989, -8.93313250599995, -8.93343558299998, -8.93167171099996, 
-8.92951877699991, -8.92582729799992, -8.92234945999993, -8.92052987499993, -8.9198425769999, -8.92161773499996, -8.92344815699998, -8.92521516199999, -8.92764397799995, -8.92859242799991, -8.929380328, -8.93058504899994, -8.93103247899992, -8.93039864799997, -8.92854672599995, -8.92702662899994, -8.92602133099999, -8.92465156599998, -8.92360177399999, -8.92239451999993, -8.9214238079999, -8.92300871999995, -8.92442165199997, -8.92899022199996, -8.9297462659999, -8.93019491499999, -8.93180883899994, 
-8.93250978299994, -8.93192397799996, -8.93056858499991, -8.93058654599997, -8.93138662199991, -8.93124839199993, -8.93019589599989, -8.92828918199996, -8.92751107199997, -8.92720352799993, -8.92654367899995, -8.92524573299994, -8.92378794499994, -8.92241880999999, -8.92119315899992, -8.91932773699994, -8.91916040999995, -8.92115482599994, -8.92410420799999, -8.92641801599995, -8.92810201599993, -8.92810192599992, -8.92731840700002, -8.92502542599992, -8.92382059799997, -8.92144902799995, -8.92038515099994, 
-8.91964964399993, -8.92044791299998, -8.92132893999996, -8.92164936099991, -8.92032654499998, -8.91839345199999, -8.91702731699993, -8.91579582299991, -8.91538528199996, -8.91463778099993, -8.91334320499993, -8.91334026499996, -8.91264401499999, -8.91133914899994, -8.909384072, -8.90951359099997, -8.9099668439999, -8.909415144, -8.90803049999992, -8.90472865600001, -8.90558384899999, -8.90795146899995, -8.91049050899998, -8.91201868199994, -8.91291841299996, -8.91305111599992, -8.91143887899993, 
-8.90934146999994, -8.90808239799995, -8.90653327299994, -8.90503792199993, -8.90396081499999, -8.9026394489999, -8.90143685199996, -8.90022602499997, -8.89909382399999, -8.89797881299993, -8.89654954399997, -8.89589327999994, -8.89456224099995, -8.89367264699997, -8.89407685799993, -8.89488594399999, -8.894747582, -8.89320195399993, -8.89147064199994, -8.88603936199997, -8.885262487, -8.88437422599996, -8.88359708599996, -8.8825529289999, -8.881558012, -8.87991865099998, -8.87726284199998, -8.87576587999993, 
-8.87459391399995, -8.86897980199995, -8.867619223, -8.86670636399996, -8.86624751499992, -8.865678407, -8.8645179329999, -8.86191694499999, -8.85987784799994, -8.86014710899993, -8.86195019999999, -8.86290770999999, -8.86377769099994, -8.86397625699994, -8.86276142599996, -8.86179633199996, -8.86112438799996, -8.86027123599998, -8.85780560899999, -8.856443509, -8.85513276799999, -8.85362994999999, -8.84904809799997, -8.84507260600001, -8.84438182299997, -8.84320762099998, -8.84130165399993, -8.83956247799992, 
-8.83965381799992, -8.83974511400002, -8.84031549099996, -8.84000791099991, -8.83864426499997, -8.83675355099994, -8.83605384299996, -8.834293896, -8.83325540099996, -8.83217734699993, -8.83135716799993, -8.83020695399997, -8.82533236299997, -8.82360284499995, -8.82284277099995, -8.8212278, -8.82007886399997, -8.81902102000002, -8.81775883099994, -8.8165743399999, -8.81642254099996, -8.81757228499996, -8.81730176999996, -8.81564896499999, -8.81460907900001, -8.81360125299993, -8.81300491099998, -8.81272740799993, 
-8.81108520799994, -8.80961056199997, -8.80887318399997, -8.80874498899994, -8.80773143200001, -8.80268397999991, -8.80045440399991, -8.79995087199999, -8.80296486899997, -8.80369548499994, -8.80405522999995, -8.80392517599994, -8.80073437399998, -8.79921407299996, -8.79582482800002, -8.79394966599994, -8.79177258699993, -8.79129906899992, -8.79295480899996, -8.79448068899991, -8.79541171699994, -8.79462583799993, -8.79398812899993, -8.79352300399999, -8.79251681699996, -8.78881914299999, -8.78724467300001, 
-8.78497261999996, -8.784242025, -8.7851844169999, -8.7867817289999, -8.78826489599996, -8.78900279399991, -8.79091619999995, -8.79166767899996, -8.79377946099989, -8.79487714999994)))"
1101203,Ministro Andreazza,11,RO,"list(list(c(-61.501036113, -61.501138113, -61.501205535, -61.553853898, -61.5722418399999, -61.590085442, -61.626237268, -61.643754647, -61.7422995199999, -61.743034312, -61.742503556, -61.744360771, -61.7414802129999, -61.7419115759999, -61.7390915999999, -61.736900173, -61.7338062399999, -61.732006465, -61.732005162, -61.730752874, -61.7270068009999, -61.7246901719999, -61.7233700929999, -61.7201944129999, -61.718335824, -61.7165592069999, -61.714477866, -61.713115787, -61.709894708, -61.707177066, 
-61.70777745, -61.706506622, -61.707643353, -61.707814112, -61.7071399669999, -61.7062258729999, -61.702809457, -61.7036111349999, -61.701083747, -61.695256821, -61.69214049, -61.688141219, -61.681531072, -61.679921395, -61.6765875469999, -61.675784468, -61.6743044349999, -61.6717036329999, -61.6704194129999, -61.667811674, -61.666211597, -61.666016082, -61.6663278669999, -61.666953125, -61.667067976, -61.6582106589999, -61.63235768, -61.632107563, -61.632038979, -61.631975773, -61.6319850529999, 
-61.6320931069999, -61.6318923419999, -61.6320009289999, -61.5502578729999, -61.5140703109999, -61.4838276579999, -61.4838126719999, -61.429002123, -61.4267875639999, -61.4267849159999, -61.4580740259999, -61.500802992, -61.500866393, -61.501036113, -11.2485861679999, -11.301185552, -11.3335092199999, -11.3335185, -11.3335197329999, -11.333519355, -11.333516051, -11.33351274, -11.333475022, -11.330660004, -11.326657839, -11.3234990479999, -11.319279983, -11.3183562349999, -11.3166795749999, -11.3166279329999, 
-11.3123702899999, -11.3108373909999, -11.3060674799999, -11.303733296, -11.3010700589999, -11.3023186559999, -11.3036221639999, -11.306759391, -11.3051131149999, -11.3048093979999, -11.301284449, -11.297653934, -11.2988666119999, -11.295217198, -11.291336079, -11.288024941, -11.28463294, -11.281742761, -11.2781284649999, -11.275848926, -11.274142061, -11.2706538109999, -11.26789484, -11.264431639, -11.2644139229999, -11.2622098, -11.26230845, -11.261518609, -11.2580142499999, -11.2545562189999, 
-11.2542283019999, -11.2559166999999, -11.2555111349999, -11.258453984, -11.258848147, -11.240339129, -11.207836219, -11.1354582749999, -11.118415447, -11.118351348, -11.1181627109999, -11.0976641669999, -11.091985796, -11.065396312, -11.0282052229999, -11.0235132149999, -11.008879147, -10.986294254, -10.986094651, -10.9865293519999, -10.986889491, -10.986889669, -10.9875342139999, -11.1137603129999, -11.113980146, -11.1141292629999, -11.1143279619999, -11.15303634, -11.2485861679999)))"
1101302,Mirante Da Serra,11,RO,"list(list(c(-62.6028400359999, -62.548867068, -62.549108896, -62.570483322, -62.57273128, -62.573594309, -62.573732702, -62.575178614, -62.5756770899999, -62.578174555, -62.5810412019999, -62.582291131, -62.5835338259999, -62.5854195169999, -62.58614501, -62.5859798879999, -62.585511296, -62.5875937639999, -62.590981007, -62.592119553, -62.5931507179999, -62.5930080469999, -62.5941204379999, -62.594317479, -62.5957571949999, -62.597078108, -62.597646763, -62.5996186399999, -62.60172987, -62.601730956, 
-62.602818005, -62.603733415, -62.6044005379999, -62.603676549, -62.605316498, -62.6099537689999, -62.611350132, -62.61217856, -62.610477096, -62.61620671, -62.617122583, -62.6180657149999, -62.6241499159999, -62.6259543039999, -62.6272842809999, -62.6277075819999, -62.63045611, -62.630174775, -62.630886235, -62.629005849, -62.6259579109999, -62.627507157, -62.628292113, -62.629201, -62.6303961359999, -62.6317887129999, -62.630875479, -62.633509887, -62.636730399, -62.638216243, -62.639124416, -62.643588789, 
-62.645822324, -62.646314718, -62.64809157, -62.65170534, -62.6552588239999, -62.663875556, -62.6645688539999, -62.662643797, -62.6638432929999, -62.6669238539999, -62.6674274549999, -62.6677836799999, -62.667176491, -62.6662075479999, -62.66797638, -62.6687060279999, -62.6635348509999, -62.6621246659999, -62.664264408, -62.66639888, -62.6706218429999, -62.674203362, -62.676979617, -62.680180327, -62.6873974169999, -62.684171689, -62.686457926, -62.6857888459999, -62.6877077039999, -62.689866335, 
-62.6910365049999, -62.6881016149999, -62.688705796, -62.689845762, -62.691317237, -62.6929234959999, -62.694563482, -62.696511754, -62.697035503, -62.698173754, -62.6983384789999, -62.7007087989999, -62.7042101929999, -62.706924868, -62.710705256, -62.708871636, -62.7112350779999, -62.711484516, -62.713592895, -62.7149855909999, -62.714955268, -62.716089525, -62.717986877, -62.7225404549999, -62.72331723, -62.7261717859999, -62.725924751, -62.7243726689999, -62.72734052, -62.7287888879999, -62.731040788, 
-62.7332084379999, -62.734545163, -62.734425442, -62.7299597059999, -62.7284006039999, -62.728702754, -62.7279839379999, -62.7278423389999, -62.728590838, -62.7303173029999, -62.7316465229999, -62.734229815, -62.736010591, -62.737679047, -62.7352632409999, -62.73437281, -62.7311463519999, -62.7290357369999, -62.7292872899999, -62.7320416729999, -62.7369010349999, -62.736345668, -62.734428432, -62.7364835429999, -62.742959404, -62.745257161, -62.7463699909999, -62.747703595, -62.747765062, -62.753373008, 
-62.754287479, -62.7531758189999, -62.7540104889999, -62.755034463, -62.755815204, -62.760617224, -62.764093406, -62.7647355089999, -62.764201864, -62.7670028509999, -62.768312091, -62.772147123, -62.7739512109999, -62.774122623, -62.776313373, -62.777790534, -62.780010233, -62.7869022319999, -62.7878439759999, -62.787196014, -62.7884479319999, -62.7965389289999, -62.796341712, -62.7978765609999, -62.8001232959999, -62.802201728, -62.805508143, -62.806537395, -62.8097268889999, -62.813042996, -62.8141736579999, 
-62.816293434, -62.818259196, -62.819350441, -62.8223405029999, -62.825818679, -62.8246463979999, -62.8298482649999, -62.830341256, -62.830200503, -62.8340121869999, -62.8367859999999, -62.836230483, -62.8394287, -62.841537918, -62.8447088089999, -62.8470943569999, -62.8482301949999, -62.847817172, -62.8509292919999, -62.8519839869999, -62.854759157, -62.856785767, -62.8548293819999, -62.855359038, -62.8587296139999, -62.858893145, -62.8600122489999, -62.863482221, -62.8635069379999, -62.8618715119999, 
-62.8625951189999, -62.86464994, -62.86658969, -62.869095222, -62.868676395, -62.8708450249999, -62.8720081409999, -62.877228885, -62.878760412, -62.882346944, -62.8845706429999, -62.8838708659999, -62.8862393869999, -62.886154706, -62.8872024409999, -62.888430435, -62.887961606, -62.890217221, -62.8925679579999, -62.8935113299999, -62.898259779, -62.8984269819999, -62.901125852, -62.902782438, -62.903955306, -62.906208631, -62.9059007989999, -62.909897219, -62.910122268, -62.9125069469999, -62.9144331719999, 
-62.9154569409999, -62.916070448, -62.91801624, -62.9200997519999, -62.92203935, -62.924066472, -62.9279013719999, -62.929706515, -62.9315714059999, -62.933316678, -62.9366542669999, -62.938258899, -62.9389526299999, -62.9410375539999, -62.942405875, -62.9477605889999, -62.9479834269999, -62.9503421239999, -62.954295067, -62.955374791, -62.9579840819999, -62.9599034399999, -62.959404613, -62.9636745359999, -62.966212, -62.968263998, -62.9694333079999, -62.970422418, -62.974292504, -62.975426757, 
-62.9771493229999, -62.9804857639999, -62.982539973, -62.9837116569999, -62.987291053, -62.988486751, -62.9903477269999, -62.990875104, -62.9933746469999, -62.9948238699999, -62.9960980959999, -63.000428606, -63.001851014, -63.0023429779999, -63.0039352039999, -63.004845592, -63.005739042, -63.0072298849999, -63.008455034, -63.009872996, -63.0111239949999, -63.0119003919999, -63.012961624, -63.016503846, -63.018544359, -63.021962263, -63.0250123479999, -63.02963528, -63.0308992779999, -63.0316539129999, 
-63.032406129, -63.0329327399999, -63.035088417, -63.036211545, -63.0369740389999, -63.038179887, -63.038737211, -63.0396478449999, -63.040703612, -63.0415927819999, -63.0421136239999, -63.0450173199999, -63.0465200519999, -63.047326074, -63.048500608, -63.0502034009999, -63.0513777509999, -63.0524769649999, -63.053320909, -63.055354643, -63.057518084, -63.0585820709999, -63.0597911519999, -63.063294785, -63.0658613099999, -63.0667785519999, -63.0674012459999, -63.070712525, -63.072370551, -63.075140338, 
-63.076935891, -63.0783415929999, -63.082087738, -63.0834095099999, -63.0841791219999, -63.08458206, -63.0851320299999, -63.0857185409999, -63.086837841, -63.0875241449999, -63.0882315809999, -63.089514669, -63.093601384, -63.0955793039999, -63.096608268, -63.0996615189999, -63.100915666, -63.1029678369999, -63.10524091, -63.107258831, -63.1087803619999, -63.1123853089999, -63.1135626699999, -63.1143667739999, -63.114870517, -63.1151161239999, -63.115152862, -63.1155203229999, -63.115629832, -63.1154402599999, 
-63.1143653559999, -63.1140724729999, -63.1143095039999, -63.1146181169999, -63.114399893, -63.114983888, -63.11463446, -63.1150055349999, -63.1162086879999, -63.116679122, -63.1169436609999, -63.11700684, -63.116007955, -63.1139943379999, -63.113385905, -63.1123443039999, -63.112580708, -63.114850561, -63.116096456, -63.1166088049999, -63.1175793209999, -63.1182901749999, -63.119245166, -63.1197040299999, -63.120508354, -63.120818936, -63.120878589, -63.1217629669999, -63.1224628789999, -63.1225014769999, 
-63.1233000719999, -63.1240042659999, -63.1251893599999, -63.1257012229999, -63.1271688299999, -63.1276053939999, -63.1287779299999, -63.1293541159999, -63.129635401, -63.130312344, -63.1321732059999, -63.132761819, -63.133034686, -63.133509395, -63.1333626079999, -63.133711868, -63.134472004, -63.1358624849999, -63.1365948279999, -63.136959194, -63.137739578, -63.137744923, -63.138053893, -63.139922749, -63.1403410779999, -63.142597101, -63.14605969, -63.146584716, -63.1489470859999, -63.1509414299999, 
-63.152829217, -63.153193292, -63.1525664579999, -63.153195172, -63.153195968, -63.153769559, -63.1552391939999, -63.1567075679999, -63.15880897, -63.161485864, -63.16306008, -63.1640047889999, -63.1660071059999, -63.171198826, -63.174347454, -63.177235377, -63.179279245, -63.183588876, -63.184657866, -63.1906752209999, -63.1957161509999, -63.196417466, -63.197045708, -63.1969067689999, -63.1960743389999, -63.194154531, -63.1934287879999, -63.192483866, -63.191680869, -63.1885150159999, -63.1876499209999, 
-63.1870142889999, -63.186015399, -63.1853205569999, -63.1842119689999, -63.1834862169999, -63.1825696039999, -63.180267482, -63.1782519599999, -63.1765937149999, -63.174914038, -63.172601952, -63.171569929, -63.1690976979999, -63.167480624, -63.164910629, -63.161939252, -63.1586785859999, -63.15789885, -63.15738673, -63.1523495589999, -63.151188819, -63.15080069, -63.149407739, -63.1487139509999, -63.147859734, -63.14390946, -63.142979165, -63.142629948, -63.1411277299999, -63.1375683829999, -63.135398212, 
-63.133152932, -63.1312356989999, -63.129291592, -63.12709386, -63.125403751, -63.123341796, -63.1216952369999, -63.1176975369999, -63.11627572, -63.115210955, -63.114428261, -63.110961039, -63.107207054, -63.10205494, -63.1010108619999, -63.100097222, -63.0988468729999, -63.096873267, -63.095234572, -63.09442928, -63.0925403859999, -63.0892159119999, -63.0875067929999, -63.0855403649999, -63.083733955, -63.0820911219999, -63.0799441229999, -63.0788258429999, -63.07563298, -63.07006686, -63.0662887389999, 
-63.0655162039999, -63.061655115, -63.059850714, -63.0572093, -63.056541172, -63.0525455209999, -63.0496761959999, -63.048346916, -63.047348458, -63.046514014, -63.04551057, -63.042942211, -63.041181588, -63.0402616379999, -63.0390704149999, -63.0377630419999, -63.032876228, -63.0305353299999, -63.027261158, -63.0217814419999, -63.006873982, -63.0056787979999, -63.002920144, -63.002126899, -63.000648718, -62.9967057319999, -62.9936811, -62.990847688, -62.9882930679999, -62.9846825189999, -62.981928808, 
-62.9800681579999, -62.9743189719999, -62.973927324, -62.9692364, -62.9662055439999, -62.962542399, -62.958564283, -62.9564019199999, -62.956014708, -62.9549812499999, -62.9520445299999, -62.948728766, -62.947703983, -62.9433753579999, -62.938570446, -62.9340124889999, -62.931954083, -62.9279586949999, -62.9245438099999, -62.9232156269999, -62.9194319219999, -62.916119696, -62.911604837, -62.9096238969999, -62.905845762, -62.903099987, -62.902537454, -62.900516001, -62.897209214, -62.8948197299999, 
-62.8913964129999, -62.8555250209999, -62.830604269, -62.8028209809999, -62.799022071, -62.776263387, -62.747140264, -62.7408076359999, -62.7171484609999, -62.640530585, -62.616038233, -62.607815993, -62.6028400359999, -11.0005119689999, -11.0658253609999, -11.0660172259999, -11.082943626, -11.0847235259999, -11.0819623789999, -11.080125252, -11.0802850199999, -11.0782999959999, -11.0751967929999, -11.0736301339999, -11.0718861539999, -11.068397764, -11.0690685409999, -11.0666146379999, -11.064668898, 
-11.063707772, -11.062629317, -11.0663265489999, -11.0661236409999, -11.066972287, -11.068380911, -11.0688148249999, -11.070223726, -11.0702986059999, -11.0715962269999, -11.072626054, -11.0717724879999, -11.0713301039999, -11.0698100849999, -11.069723992, -11.071273647, -11.0752449009999, -11.0789878799999, -11.0787090249999, -11.0791596999999, -11.078103112, -11.08005325, -11.083589397, -11.0878227819999, -11.0875812969999, -11.089101407, -11.0876590249999, -11.0895053959999, -11.0899222059999, 
-11.0887222209999, -11.0869447289999, -11.0855115289999, -11.082876551, -11.0775551279999, -11.075700948, -11.074366276, -11.071923356, -11.071136382, -11.067917021, -11.068566485, -11.0735500239999, -11.0762218519999, -11.076756028, -11.0763141069999, -11.0747909129999, -11.075246873, -11.0784460069999, -11.0791503709999, -11.0826325409999, -11.0816006489999, -11.0791213169999, -11.0779017699999, -11.079080717, -11.0811381729999, -11.083886015, -11.086178751, -11.0877208599999, -11.0920400899999, 
-11.0959841959999, -11.0994019069999, -11.103180913, -11.105207639, -11.1062233989999, -11.109029349, -11.110157238, -11.112277252, -11.1132759499999, -11.1151515629999, -11.1173533029999, -11.11489789, -11.1126543149999, -11.1153126049999, -11.1188904509999, -11.121020483, -11.122717897, -11.1217706989999, -11.1234814229999, -11.1260044899999, -11.1273763019999, -11.126878593, -11.1298141279999, -11.1314050069999, -11.130875972, -11.1283444119999, -11.128188102, -11.127847839, -11.128119503, -11.132014849, 
-11.132174821, -11.1353616339999, -11.1350197899999, -11.1414038949999, -11.1408110629999, -11.1396304479999, -11.1381675249999, -11.1403259789999, -11.142643335, -11.142352285, -11.141457069, -11.141272595, -11.1445406899999, -11.145692857, -11.147804419, -11.150771875, -11.151302716, -11.148024326, -11.1522801879999, -11.1548284049999, -11.1560598849999, -11.1579244859999, -11.157444959, -11.1588680749999, -11.1607518549999, -11.1623403859999, -11.164634945, -11.1666793699999, -11.1668898759999, 
-11.1647677009999, -11.165418559, -11.165516569, -11.169180891, -11.1689831689999, -11.1732024849999, -11.172822435, -11.1741515099999, -11.1783039579999, -11.176391945, -11.1774599789999, -11.1793630939999, -11.1813940759999, -11.1833550769999, -11.1811655509999, -11.1784519179999, -11.176781344, -11.1772346819999, -11.1804819949999, -11.183279098, -11.182653445, -11.1797871369999, -11.178036966, -11.178276533, -11.179801994, -11.181451604, -11.1830858549999, -11.1855354919999, -11.1893883609999, 
-11.192767148, -11.195946802, -11.1924918079999, -11.19223466, -11.1903061099999, -11.1924978609999, -11.191640298, -11.1935771849999, -11.1906771929999, -11.1914635799999, -11.193894183, -11.1935832529999, -11.196675295, -11.1938365179999, -11.1918961049999, -11.1934224119999, -11.1904119029999, -11.189856903, -11.188371173, -11.189421946, -11.18726154, -11.1873618239999, -11.1908222019999, -11.1913022739999, -11.193443278, -11.194768807, -11.195608813, -11.199487033, -11.1982155849999, -11.1994198999999, 
-11.2020080989999, -11.201977127, -11.2011082669999, -11.198789039, -11.19816975, -11.1971075219999, -11.1998464, -11.2002701069999, -11.1993704559999, -11.197519229, -11.1968415689999, -11.196613084, -11.1978246479999, -11.1957723389999, -11.192521519, -11.1917800049999, -11.192873083, -11.1946224819999, -11.195240574, -11.193986386, -11.195121134, -11.1979496619999, -11.198813576, -11.1980112269999, -11.19817605, -11.1983895219999, -11.202382176, -11.203167858, -11.202263785, -11.202237376, -11.203157038, 
-11.201880422, -11.204157387, -11.206423768, -11.2059625039999, -11.2077056589999, -11.2081137899999, -11.2078603999999, -11.2110506499999, -11.212127679, -11.2121585679999, -11.2101004859999, -11.2099337569999, -11.207898564, -11.209268182, -11.2098719529999, -11.207148264, -11.2056854269999, -11.204020975, -11.202315438, -11.203612209, -11.204329448, -11.2040830919999, -11.204633952, -11.2064055449999, -11.205961911, -11.2060621919999, -11.205092189, -11.204642551, -11.2068418339999, -11.205671956, 
-11.2052494169999, -11.20720823, -11.2063595019999, -11.2069994359999, -11.208161542, -11.205969658, -11.2048654149999, -11.2044297559999, -11.2033433419999, -11.2032189519999, -11.205408015, -11.20362492, -11.203841649, -11.202784507, -11.201233257, -11.200676694, -11.2009410829999, -11.199790606, -11.2011610179999, -11.2000027469999, -11.2007012399999, -11.201590876, -11.200393834, -11.2016354319999, -11.2002336699999, -11.201648597, -11.2021883859999, -11.203784891, -11.203827842, -11.2013175859999, 
-11.200715884, -11.2001570459999, -11.202244524, -11.2013111899999, -11.1995688879999, -11.198688181, -11.197368942, -11.1963345639999, -11.195932577, -11.1943884559999, -11.1925787659999, -11.189901771, -11.1882459449999, -11.1876159719999, -11.187190225, -11.18457332, -11.1837385609999, -11.183276539, -11.183650348, -11.184524148, -11.1852541229999, -11.1862754409999, -11.18689645, -11.188740506, -11.1890416619999, -11.1890438689999, -11.1894947479999, -11.189593675, -11.188638662, -11.187938519, 
-11.1874270749999, -11.1866265889999, -11.18564765, -11.1849120869999, -11.1842237409999, -11.183606261, -11.1830269179999, -11.18164805, -11.1810338599999, -11.1808875049999, -11.181248328, -11.1805226429999, -11.1801952079999, -11.180269724, -11.180121848, -11.1804110929999, -11.1811376269999, -11.1816445439999, -11.1822228309999, -11.1837089039999, -11.183855813, -11.1848692369999, -11.1865373539999, -11.1873414219999, -11.1886399919999, -11.188783504, -11.1879132919999, -11.1871514869999, -11.186608663, 
-11.186354261, -11.1866137509999, -11.1860078579999, -11.185637234, -11.1857452519999, -11.187735763, -11.1880623399999, -11.1894387519999, -11.1927584929999, -11.1934588299999, -11.1934944779999, -11.1930400649999, -11.19376205, -11.1945454259999, -11.1946405689999, -11.1940377199999, -11.192985959, -11.1914437799999, -11.1899656699999, -11.187847849, -11.186399133, -11.1851654799999, -11.184324145, -11.182276423, -11.1810048429999, -11.1794858959999, -11.1788725989999, -11.17764434, -11.1762641729999, 
-11.176046842, -11.1753226609999, -11.1751041879999, -11.1745101509999, -11.1740098729999, -11.172263861, -11.170794612, -11.169563156, -11.168770144, -11.1678632689999, -11.166235338, -11.1649278229999, -11.163914669, -11.1629351809999, -11.162252862, -11.162080492, -11.1609340219999, -11.159710439, -11.1586953789999, -11.157940872, -11.1570420159999, -11.153971321, -11.1531604459999, -11.1527277319999, -11.1517637879999, -11.1505650159999, -11.1477658709999, -11.1471500739999, -11.1470729159999, 
-11.1468587649999, -11.145699539, -11.1454400929999, -11.145093908, -11.141951789, -11.1398185679999, -11.1385857729999, -11.1364573939999, -11.1353012909999, -11.1327003739999, -11.1314283209999, -11.130261868, -11.1291613649999, -11.127606207, -11.125940595, -11.12404896, -11.1230240149999, -11.122043561, -11.1183886609999, -11.1163122529999, -11.11049259, -11.105505195, -11.1042600869999, -11.1021790019999, -11.1017644679999, -11.100931433, -11.096777761, -11.094283402, -11.092724303, -11.091582501, 
-11.0886751209999, -11.0868040359999, -11.0859729149999, -11.085763372, -11.0845171929999, -11.083995573, -11.0843067119999, -11.08461648, -11.0816027239999, -11.0800430629999, -11.0798330419999, -11.080183474, -11.0837747149999, -11.083756862, -11.080884267, -11.082540635, -11.0825659739999, -11.081347346, -11.0801634279999, -11.079260336, -11.078226482, -11.0775702909999, -11.0772235229999, -11.0767018589999, -11.0741885469999, -11.073758953, -11.0730553529999, -11.0701463059999, -11.069247939, 
-11.0683244729999, -11.067461863, -11.066819379, -11.0660853689999, -11.066196775, -11.066576177, -11.0674690039999, -11.067788499, -11.0681946639999, -11.068459086, -11.068108229, -11.0670944429999, -11.069020276, -11.0705107589999, -11.0710790879999, -11.071918141, -11.0723253989999, -11.072862247, -11.0736261209999, -11.074467429, -11.074623104, -11.0740125569999, -11.072636057, -11.0720224009999, -11.0713967219999, -11.073224049, -11.07392283, -11.0745371749999, -11.07474098, -11.074600817, -11.073659112, 
-11.0721897729999, -11.0714343219999, -11.0713797159999, -11.0710509109999, -11.0706430139999, -11.0688001479999, -11.066749157, -11.065962085, -11.0639745979999, -11.0623914009999, -11.061337589, -11.0608584459999, -11.060009965, -11.059286755, -11.0567988589999, -11.0555698009999, -11.0547001879999, -11.0536983439999, -11.0544681259999, -11.0553927679999, -11.056199056, -11.0573526539999, -11.057817816, -11.058736679, -11.0588744099999, -11.0598752229999, -11.0604057649999, -11.059600019, -11.0589875549999, 
-11.0569501039999, -11.0557167169999, -11.054685014, -11.054072096, -11.0515862369999, -11.0485987229999, -11.0467363259999, -11.0449123969999, -11.042735984, -11.041134697, -11.0384866379999, -11.037625258, -11.037482596, -11.0380735869999, -11.03843118, -11.0396628519999, -11.0400848479999, -11.0398426079999, -11.039779663, -11.039975994, -11.0398144989999, -11.038470034, -11.0377122, -11.0366822179999, -11.0359149439999, -11.036940373, -11.0362003359999, -11.0332641149999, -11.0316002459999, -11.032922401, 
-11.0343184969999, -11.032505279, -11.031075024, -11.0306929619999, -11.0324450169999, -11.033070549, -11.0331859289999, -11.0343592739999, -11.0360403049999, -11.0363761999999, -11.033327221, -11.0301846499999, -11.0292134189999, -11.029241362, -11.031696634, -11.0323121939999, -11.033865891, -11.03344415, -11.031067425, -11.031587015, -11.033067521, -11.033735109, -11.0339030579999, -11.0327359259999, -11.027946788, -11.028545019, -11.0308856789999, -11.0314896959999, -11.0290458759999, -11.0305563119999, 
-11.030610018, -10.999871094, -10.9779881009999, -10.9535818219999, -10.950241261, -10.9302375519999, -10.904630769, -10.8990598949999, -10.8782451349999, -10.960201451, -10.98639562, -10.9951898529999, -11.0005119689999)))"
1101401,Monte Negro,11,RO,"list(list(c(-63.427018877, -63.355495455, -63.151922003, -63.123081263, -63.113106343, -63.1136292239999, -63.114677323, -63.1151353449999, -63.116984556, -63.1175614269999, -63.1175634269999, -63.1173540809999, -63.1159908029999, -63.1140521469999, -63.1142654559999, -63.114578856, -63.1167282649999, -63.1170426149999, -63.1180916559999, -63.120946975, -63.1220246979999, -63.1225488279999, -63.121921543, -63.1208738229999, -63.1205325059999, -63.122734991, -63.126626181, -63.12832092, -63.129369636, 
-63.1297887279999, -63.1296321189999, -63.12871578, -63.128404061, -63.129688596, -63.132046924, -63.1326250909999, -63.133253866, -63.135481923, -63.137895096, -63.139573888, -63.1402290999999, -63.141280087, -63.14290589, -63.1449253659999, -63.1458169639999, -63.146020972, -63.144980091, -63.145216375, -63.1457393759999, -63.146947582, -63.148205453, -63.1481527629999, -63.1476567219999, -63.146293798, -63.146138954, -63.146192801, -63.147069836, -63.1470982659999, -63.1470465949999, -63.1465113629999, 
-63.1462881619999, -63.1463158299999, -63.1470861619999, -63.148844637, -63.149701833, -63.150479412, -63.151064579, -63.1518141879999, -63.153538983, -63.153706137, -63.154646421, -63.155488017, -63.1566787249999, -63.158508788, -63.15922926, -63.16128474, -63.162781955, -63.165181343, -63.1670387779999, -63.1708401279999, -63.172760582, -63.173231872, -63.1753174489999, -63.1751756399999, -63.174450414, -63.174317188, -63.1723706889999, -63.1723720259999, -63.173342534, -63.1774557089999, -63.179325881, 
-63.1811761329999, -63.18281456, -63.1834520839999, -63.185255269, -63.186150902, -63.189207642, -63.1903152419999, -63.191232631, -63.1917067419999, -63.1920609439999, -63.192675453, -63.1936156159999, -63.1944990579999, -63.1973200319999, -63.1999269469999, -63.2017035059999, -63.2042320069999, -63.2054777669999, -63.2067030079999, -63.207344468, -63.2078729839999, -63.209818882, -63.210259506, -63.210595841, -63.211704888, -63.2140912149999, -63.213480021, -63.2094036779999, -63.205819785, -63.2058130889999, 
-63.2078715169999, -63.209119756, -63.209979754, -63.212064792, -63.2137081709999, -63.214311825, -63.214399417, -63.2135972849999, -63.21145577, -63.2092654429999, -63.209424443, -63.2099866589999, -63.2112071599999, -63.2128796579999, -63.21315616, -63.213710339, -63.2139550159999, -63.2137556979999, -63.213706928, -63.215307003, -63.215623699, -63.2154292339999, -63.214315477, -63.210395261, -63.2082015999999, -63.208573535, -63.2134154009999, -63.218116761, -63.2202368909999, -63.2220373729999, 
-63.2234251039999, -63.224347887, -63.2248186389999, -63.224505492, -63.223309978, -63.2224835969999, -63.2211743709999, -63.2193716529999, -63.218063811, -63.217616585, -63.2189554899999, -63.2224826499999, -63.2266250949999, -63.22833948, -63.2295053169999, -63.2301262569999, -63.230513566, -63.2315101849999, -63.232839682, -63.234089534, -63.234090507, -63.2335413639999, -63.2320881149999, -63.231728684, -63.2319054079999, -63.2342078449999, -63.234815226, -63.2346200689999, -63.2331228269999, 
-63.2310134749999, -63.2307052789999, -63.231039779, -63.2329833789999, -63.233704078, -63.234761084, -63.2363131339999, -63.236452086, -63.2382322989999, -63.2382013649999, -63.238312615, -63.2386544359999, -63.2386220389999, -63.237762828, -63.236152622, -63.231536443, -63.2307332819999, -63.231117039, -63.231152642, -63.2307345089999, -63.2309297149999, -63.2322866379999, -63.233400189, -63.2371482829999, -63.2387870489999, -63.239589632, -63.241329818, -63.241404083, -63.243510407, -63.2444070769999, 
-63.2445968159999, -63.2434290829999, -63.2421525549999, -63.240461152, -63.2396243209999, -63.2393177049999, -63.239592751, -63.238312379, -63.23708769, -63.236450945, -63.237284873, -63.2374848649999, -63.237400462, -63.23790007, -63.2380442889999, -63.239681283, -63.2397310929999, -63.239232194, -63.2389258649999, -63.2390664109999, -63.241065655, -63.241596269, -63.241671934, -63.241455308, -63.242958301, -63.243342494, -63.243988881, -63.246235222, -63.250757283, -63.252622189, -63.2531190639999, 
-63.2524555999999, -63.2528979959999, -63.2548225129999, -63.256487743, -63.256986272, -63.258459041, -63.2593526989999, -63.2598389539999, -63.2598978059999, -63.259624484, -63.2596271459999, -63.258786343, -63.25740036, -63.257135472, -63.257426125, -63.259898376, -63.2613482369999, -63.2622317129999, -63.261869366, -63.2608768429999, -63.258595248, -63.2557040289999, -63.252263873, -63.2513200129999, -63.250702614, -63.2514570289999, -63.2508138869999, -63.2512610409999, -63.2523419449999, -63.2536772719999, 
-63.2548182299999, -63.257407844, -63.258786446, -63.259142495, -63.259320671, -63.2594579189999, -63.2587353339999, -63.2558187289999, -63.254376573, -63.251956045, -63.2462179779999, -63.24589682, -63.2458151169999, -63.244291189, -63.243459492, -63.2443197589999, -63.244926749, -63.246791384, -63.247069677, -63.246719409, -63.247617323, -63.2480348989999, -63.249591124, -63.2502015399999, -63.250572464, -63.25067948, -63.251649747, -63.253016478, -63.2539585159999, -63.2539525, -63.2532393049999, 
-63.2511768479999, -63.251848582, -63.251654645, -63.2509565679999, -63.2479849039999, -63.246945324, -63.24700715, -63.245173859, -63.243067775, -63.2405101859999, -63.23773672, -63.236486286, -63.2348734439999, -63.232842394, -63.231570023, -63.231984452, -63.232598096, -63.233538758, -63.234848132, -63.235875955, -63.2365640789999, -63.236371582, -63.2371193549999, -63.238432513, -63.24115161, -63.2417004179999, -63.240065006, -63.2397310209999, -63.2405618819999, -63.23984846, -63.233793216, 
-63.232732194, -63.2326248159999, -63.2340321369999, -63.235875698, -63.2339247879999, -63.233930471, -63.233513775, -63.23325978, -63.233237318, -63.2336796909999, -63.23472901, -63.2354048079999, -63.235260648, -63.231121223, -63.2295086319999, -63.2278162809999, -63.225147782, -63.22268158, -63.219377652, -63.218594079, -63.2174847629999, -63.216486849, -63.215479316, -63.214052571, -63.213619478, -63.2136418419999, -63.2136533819999, -63.214449306, -63.287575765, -63.384971396, -63.4542289769999, 
-63.4674700259999, -63.500537436, -63.5299589469999, -63.529127908, -63.529730179, -63.531484708, -63.5306276959999, -63.529099625, -63.5301493659999, -63.5328217599999, -63.533876573, -63.532928704, -63.5291749749999, -63.5259807209999, -63.521794964, -63.516485938, -63.510626056, -63.506649785, -63.5015950069999, -63.498679527, -63.496594511, -63.4947639199999, -63.491259417, -63.489094377, -63.487125921, -63.486986094, -63.489963194, -63.493148857, -63.497329029, -63.5013478939999, -63.5046246819999, 
-63.5071772029999, -63.51034386, -63.5134021369999, -63.513321317, -63.5097369499999, -63.503710429, -63.5005407479999, -63.4993143509999, -63.4972951369999, -63.496257424, -63.4957934289999, -63.4942872359999, -63.4862880859999, -63.487565606, -63.4911527899999, -63.491068716, -63.4866494239999, -63.4811503009999, -63.4745734569999, -63.4661425119999, -63.464062496, -63.4590964529999, -63.4567094299999, -63.45404418, -63.4492911569999, -63.444844355, -63.442815564, -63.442788773, -63.443411553, 
-63.4466507739999, -63.4458990959999, -63.445651752, -63.4527075, -63.459628977, -63.462675426, -63.4635399859999, -63.4666545349999, -63.46909305, -63.4691513279999, -63.470235847, -63.473348938, -63.473115902, -63.471627957, -63.4695974759999, -63.471510122, -63.4771226839999, -63.475739813, -63.474979761, -63.4736210149999, -63.471788279, -63.468070922, -63.4633451749999, -63.462455462, -63.463348569, -63.462285968, -63.460935591, -63.4659295649999, -63.46837455, -63.471901767, -63.4723435329999, 
-63.4731210449999, -63.4705405599999, -63.4689856259999, -63.4690684649999, -63.4693422699999, -63.4705684549999, -63.472987244, -63.477233588, -63.4810999609999, -63.485899025, -63.487683745, -63.4902657439999, -63.4943988139999, -63.499864287, -63.5005420839999, -63.504906403, -63.512119813, -63.5157885979999, -63.518479932, -63.5219234299999, -63.52430475, -63.525427876, -63.528455713, -63.538649356, -63.5411801419999, -63.544346492, -63.550098697, -63.5617086949999, -63.565220343, -63.5683468589999, 
-63.569097174, -63.570378519, -63.571792385, -63.5744329939999, -63.577872589, -63.5797627639999, -63.584016826, -63.5871504849999, -63.589344624, -63.5901799609999, -63.5889011749999, -63.5839837879999, -63.58262414, -63.5824703299999, -63.5824811369999, -63.5850721779999, -63.5852057009999, -63.5855963099999, -63.5827618659999, -63.5821826779999, -63.5820072889999, -63.582316567, -63.5838774959999, -63.585378816, -63.584646717, -63.5831513759999, -63.583479266, -63.583403678, -63.581813652, -63.580700518, 
-63.580209848, -63.5809331659999, -63.5825369139999, -63.5817314609999, -63.579840509, -63.576716445, -63.576396998, -63.5766227789999, -63.579432901, -63.5823210629999, -63.584623243, -63.586485375, -63.587400236, -63.586628018, -63.585595826, -63.585758281, -63.584985617, -63.585316336, -63.5852097709999, -63.5851261549999, -63.586592787, -63.588210007, -63.58920384, -63.5888478729999, -63.5896261339999, -63.5893121619999, -63.586119418, -63.5862108759999, -63.586036563, -63.586574353, -63.587180859, 
-63.586377329, -63.584406257, -63.583400149, -63.5851011339999, -63.585323085, -63.587459241, -63.5903152199999, -63.5920649689999, -63.592266474, -63.593481969, -63.593705308, -63.596092749, -63.595899956, -63.596972868, -63.500478562, -63.432587582, -63.427018877, -10.00051617, -10.0005194569999, -10.000442555, -10.0004225229999, -10.000414647, -10.0011634729999, -10.001997252, -10.0026781389999, -10.0054253259999, -10.0080273649999, -10.0101089309999, -10.011878173, -10.0138537889999, -10.015000734, 
-10.0184292129999, -10.0200967499999, -10.021863702, -10.0231104069999, -10.0248794729999, -10.0272454299999, -10.0278942589999, -10.0290387549999, -10.031483129, -10.0340327359999, -10.0361656039999, -10.0364756299999, -10.037902024, -10.041104262, -10.04214421, -10.043443387, -10.045004799, -10.0477107579999, -10.052078923, -10.053742249, -10.054523133, -10.0552497689999, -10.0566030579999, -10.0581637759999, -10.06081288, -10.0633086669999, -10.066170055, -10.067990593, -10.069966045, -10.0716305519999, 
-10.0727210719999, -10.0738303819999, -10.0764155759999, -10.077921541, -10.079432169, -10.0802611919999, -10.080782432, -10.081978261, -10.0833416639999, -10.0853201849999, -10.086935113, -10.0891160659999, -10.091069903, -10.0920044479999, -10.092914387, -10.0937982659999, -10.0941652879999, -10.0962906779999, -10.0974764719999, -10.09887459, -10.0998087439999, -10.1011515409999, -10.103716321, -10.10410937, -10.1057316709999, -10.1064077959999, -10.10775681, -10.1086538249999, -10.1095341009999, 
-10.111867198, -10.111909935, -10.112898623, -10.113866903, -10.114783562, -10.114973667, -10.113814119, -10.1146116769999, -10.115419629, -10.1178392649999, -10.120600707, -10.1236113709999, -10.1262251959999, -10.131593854, -10.133550998, -10.134957954, -10.138297887, -10.1392440489999, -10.139750363, -10.1389199449999, -10.1372480279999, -10.1336681019999, -10.133037751, -10.1333454779999, -10.1331987639999, -10.133612003, -10.134545737, -10.1367065139999, -10.1387448649999, -10.1409332, -10.142005658, 
-10.143474692, -10.1454658869999, -10.145692707, -10.143121706, -10.1427317149999, -10.1436892399999, -10.1450103809999, -10.1453262239999, -10.147880439, -10.148978467, -10.1507966189999, -10.151616185, -10.151397263, -10.1527093379999, -10.1540898419999, -10.1542508439999, -10.1552532059999, -10.156356399, -10.1572533839999, -10.159184734, -10.160923082, -10.1612445609999, -10.162200481, -10.1627044859999, -10.1636949759999, -10.1650915489999, -10.1670111069999, -10.167774843, -10.1685282739999, 
-10.1691258649999, -10.1709899379999, -10.1745853839999, -10.1755015759999, -10.1767327329999, -10.178016428, -10.1804642299999, -10.185529639, -10.187701091, -10.189466081, -10.1907296899999, -10.192784203, -10.194937142, -10.1960522239999, -10.1957128539999, -10.1956604749999, -10.195350405, -10.1953832819999, -10.196326184, -10.197638415, -10.199985027, -10.201495176, -10.2035265479999, -10.205410081, -10.2059467899999, -10.207034066, -10.2082477659999, -10.210171655, -10.213171104, -10.2160308109999, 
-10.218192639, -10.2186823979999, -10.2192732249999, -10.220184742, -10.22191556, -10.2235301869999, -10.2280766249999, -10.2312658899999, -10.2324894729999, -10.2339803339999, -10.2349034739999, -10.2360112259999, -10.2373745839999, -10.2399252029999, -10.2410255019999, -10.2433808399999, -10.2454565219999, -10.247803927, -10.251322671, -10.2533961259999, -10.25484655, -10.256134786, -10.2572751349999, -10.2582309809999, -10.259235437, -10.2629643019999, -10.265933074, -10.2665828319999, -10.268589036, 
-10.2703833699999, -10.271604342, -10.272097089, -10.2750679959999, -10.2766446699999, -10.278554168, -10.280331443, -10.2835478559999, -10.284288151, -10.284157081, -10.2838238569999, -10.2855082139999, -10.285645159, -10.2852652989999, -10.285079229, -10.2850712879999, -10.285082504, -10.2863531649999, -10.2888039149999, -10.291024998, -10.292184544, -10.2940828009999, -10.296127564, -10.298127017, -10.29971798, -10.3005918559999, -10.300905053, -10.3018947519999, -10.3032654339999, -10.304819223, 
-10.3092203429999, -10.311768674, -10.314747704, -10.316712827, -10.3189335539999, -10.320385608, -10.322111777, -10.3246523679999, -10.3277486269999, -10.3292966109999, -10.331616627, -10.3326034209999, -10.3355618219999, -10.3361073689999, -10.337025965, -10.3376223749999, -10.335476721, -10.3349407089999, -10.335373185, -10.336661991, -10.3377551259999, -10.3379694, -10.337136258, -10.335211779, -10.334944965, -10.3379248959999, -10.345908775, -10.3489489889999, -10.353419554, -10.3611626329999, 
-10.363000417, -10.364011509, -10.364721911, -10.3658068069999, -10.3690847359999, -10.369920509, -10.3707866779999, -10.3723688329999, -10.373093694, -10.3735078209999, -10.3728023529999, -10.373178836, -10.3736968869999, -10.3759838579999, -10.379276766, -10.3812492079999, -10.3828351689999, -10.3837957689999, -10.3844633209999, -10.386308158, -10.3886047089999, -10.391374237, -10.393395896, -10.394411631, -10.3951873949999, -10.396727166, -10.4009266629999, -10.401556348, -10.4012672189999, -10.400047279, 
-10.4009236599999, -10.4028185379999, -10.4034335619999, -10.4034233159999, -10.4056575529999, -10.4061305879999, -10.4064355909999, -10.4072538039999, -10.415020644, -10.416918832, -10.4175651529999, -10.417297457, -10.4169933419999, -10.41865111, -10.4204360889999, -10.421079118, -10.4215661319999, -10.422273365, -10.422961237, -10.4232504399999, -10.422719, -10.4247200549999, -10.4255713819999, -10.4257547659999, -10.425374325, -10.425626401, -10.4281334469999, -10.428579678, -10.4284254609999, 
-10.4302320739999, -10.433167549, -10.4347484069999, -10.437599868, -10.4391405059999, -10.4423493679999, -10.4465720529999, -10.4489830489999, -10.449303612, -10.4488115719999, -10.448959935, -10.4502808979999, -10.4511804539999, -10.452049553, -10.452236184, -10.451522487, -10.452307048, -10.4560836329999, -10.4574775759999, -10.46266087, -10.464138922, -10.464891029, -10.4651634409999, -10.466158825, -10.468029032, -10.4721750099999, -10.473617081, -10.474694972, -10.475154385, -10.477053394, 
-10.4784125489999, -10.4791492419999, -10.480013232, -10.4827198019999, -10.4831249659999, -10.4861643019999, -10.487889701, -10.4890564739999, -10.489943968, -10.487844169, -10.488263025, -10.488096996, -10.4883154369999, -10.490031279, -10.4908738409999, -10.49114335, -10.4919730409999, -10.492324328, -10.492466019, -10.492463776, -10.4922839759999, -10.4922034589999, -10.492129031, -10.492113171, -10.492070396, -10.4926060239999, -10.4913240349999, -10.4892526469999, -10.486258293, -10.4821497349999, 
-10.476429551, -10.47378272, -10.471213812, -10.4675164399999, -10.4649295259999, -10.4649680319999, -10.4646276449999, -10.460634064, -10.460344265, -10.4635683439999, -10.466237144, -10.4637547589999, -10.467045646, -10.469050955, -10.474639521, -10.473869726, -10.4697267569999, -10.462484309, -10.4584888169999, -10.456608224, -10.450054348, -10.444555803, -10.4458122869999, -10.4466174659999, -10.4440969449999, -10.439762657, -10.434934476, -10.430777788, -10.4301270869999, -10.4314526409999, 
-10.433214673, -10.4325821419999, -10.430167242, -10.4255751859999, -10.421126956, -10.414921458, -10.4081836759999, -10.4045055729999, -10.403524241, -10.4010364749999, -10.401424438, -10.403585296, -10.4041700229999, -10.399456599, -10.398294328, -10.397585626, -10.402317357, -10.404447153, -10.40326441, -10.4030188829999, -10.399989262, -10.3927763909999, -10.3917415479999, -10.386361985, -10.3832318409999, -10.3760272269999, -10.374893152, -10.375630242, -10.3734520749999, -10.369936817, -10.3648825069999, 
-10.361848212, -10.3577405509999, -10.3565102929999, -10.3529780379999, -10.351164812, -10.349901254, -10.345559674, -10.340239661, -10.33738214, -10.334545458, -10.3302821969999, -10.3263959769999, -10.322236927, -10.321031525, -10.321551186, -10.317792239, -10.314998426, -10.3115309909999, -10.3079379539999, -10.302713864, -10.2981329359999, -10.2893631239999, -10.2857719899999, -10.2819560659999, -10.2790233649999, -10.2746578889999, -10.2743145309999, -10.2731837589999, -10.270497431, -10.268051675, 
-10.2683488119999, -10.269372681, -10.270161606, -10.268742717, -10.267142842, -10.2657998699999, -10.2616971079999, -10.261187544, -10.2592782669999, -10.2586396659999, -10.256804874, -10.25523306, -10.252227618, -10.2496429129999, -10.2484279319999, -10.245601446, -10.238149302, -10.2391023669999, -10.2429899859999, -10.2450811399999, -10.2439601139999, -10.240897376, -10.233102097, -10.230404183, -10.2272090169999, -10.2222949489999, -10.2178183089999, -10.2140690119999, -10.2134975829999, -10.214373661, 
-10.2123179339999, -10.2087841539999, -10.205940278, -10.202871258, -10.1990706039999, -10.1954952089999, -10.191787639, -10.186209482, -10.1828142859999, -10.1826399949999, -10.1786954259999, -10.1748868639999, -10.172083889, -10.169258541, -10.1655483079999, -10.161898342, -10.160213186, -10.1577251489999, -10.153867107, -10.150772059, -10.1473120899999, -10.144825521, -10.142167256, -10.1409954969999, -10.1364702889999, -10.131836789, -10.126006416, -10.122026627, -10.11636805, -10.1157891819999, 
-10.112624783, -10.111330586, -10.1075794139999, -10.107004724, -10.1032830449999, -10.09917009, -10.095900575, -10.0931542449999, -10.0893939179999, -10.083382354, -10.078252001, -10.075014236, -10.072484297, -10.070523012, -10.0687457019999, -10.0632297189999, -10.0623092459999, -10.0587464129999, -10.0567834429999, -10.054010429, -10.0506724359999, -10.04637479, -10.0435282079999, -10.041273936, -10.0356665229999, -10.0335785439999, -10.0300567779999, -10.025288094, -10.0219713779999, -10.0192604609999, 
-10.0180530759999, -10.014559962, -10.0124306169999, -10.009414943, -10.007375107, -10.0041851309999, -10.002636297, -10.0003822579999, -10.000498512, -10.000515752, -10.00051617)))"
1101435,Nova União,11,RO,"list(list(c(-62.48611341, -62.4944682409999, -62.495276088, -62.5013222809999, -62.512152989, -62.5229836969999, -62.524224922, -62.5381844459999, -62.5430884609999, -62.549108896, -62.548867068, -62.6028400359999, -62.607815993, -62.616038233, -62.640530585, -62.7171484609999, -62.7070566, -62.6905297339999, -62.6643774739999, -62.6392959419999, -62.613162728, -62.5828833569999, -62.554540556, -62.525258753, -62.500562665, -62.3524352859999, -62.3545448579999, -62.3696303189999, -62.376652292, -62.3787054049999, 
-62.3833616039999, -62.390020718, -62.3997556459999, -62.407737359, -62.4541550279999, -62.470420523, -62.484688896, -62.48611341, -11.0206427699999, -11.026580563, -11.0263729279999, -11.0317336129999, -11.0403707979999, -11.049007984, -11.0501643709999, -11.067790286, -11.073435971, -11.0660172259999, -11.0658253609999, -11.0005119689999, -10.9951898529999, -10.98639562, -10.960201451, -10.8782451349999, -10.869382211, -10.85486585, -10.831884258, -10.8098358569999, -10.7868536279999, -10.7602115639999, 
-10.7352618909999, -10.7094727229999, -10.7354109799999, -10.8939343699999, -10.8965880149999, -10.915561963, -10.9247821129999, -10.927422503, -10.933407895, -10.9416300509999, -10.949727763, -10.956365385, -10.994952172, -11.008027962, -11.0194982699999, -11.0206427699999)))"
1101450,Parecis,11,RO,"list(list(c(-61.182002645, -61.180445224, -61.1788118949999, -61.1778686689999, -61.1770886859999, -61.1760897809999, -61.175479433, -61.17439906, -61.1730882559999, -61.172195679, -61.1714231659999, -61.168669472, -61.167452319, -61.1658341919999, -61.1647220879999, -61.1639747179999, -61.1631470339999, -61.162029095, -61.160503561, -61.1574739529999, -61.152866375, -61.1512014899999, -61.149756725, -61.149229458, -61.149614496, -61.1496984569999, -61.149442596, -61.1487791879999, -61.148520869, 
-61.147894948, -61.14745078, -61.1484475, -61.1460846249999, -61.1450760829999, -61.144473797, -61.1432611289999, -61.142505391, -61.142087853, -61.1421944599999, -61.142612335, -61.144466041, -61.1451486519999, -61.1458618579999, -61.1466954589999, -61.146589843, -61.1448824329999, -61.1446127729999, -61.144114242, -61.143304879, -61.1430451589999, -61.143030438, -61.143563341, -61.1444182819999, -61.145322959, -61.146671222, -61.148012013, -61.1490012379999, -61.149645642, -61.150729745, -61.1514633199999, 
-61.1531920209999, -61.1533391259999, -61.152953908, -61.1519226149999, -61.151087278, -61.152138731, -61.153286871, -61.153886744, -61.1541404229999, -61.1541139029999, -61.154392805, -61.1551918949999, -61.157113863, -61.1584452339999, -61.1608506749999, -61.161895197, -61.160313675, -61.159395769, -61.160371716, -61.161924747, -61.163983642, -61.164752139, -61.166155611, -61.167080955, -61.1658670529999, -61.1669160099999, -61.1675312269999, -61.168613469, -61.1703226399999, -61.17313809, -61.1791188659999, 
-61.180556736, -61.182033929, -61.1813354809999, -61.1803719409999, -61.1810347919999, -61.1806134719999, -61.180696168, -61.1796462569999, -61.178286549, -61.1778337279999, -61.1791962389999, -61.1807506139999, -61.1819504599999, -61.182672009, -61.1829737519999, -61.1837017059999, -61.1829718709999, -61.181725203, -61.1806734809999, -61.179252649, -61.1776985019999, -61.176923049, -61.174639401, -61.1766983969999, -61.179848145, -61.1828864189999, -61.184341671, -61.185978744, -61.187337239, -61.188136947, 
-61.1900340369999, -61.1907885909999, -61.1913391839999, -61.191591921, -61.191590728, -61.1899487869999, -61.188973539, -61.1885613159999, -61.1904756559999, -61.190615602, -61.191366516, -61.193507068, -61.19391932, -61.1933100679999, -61.1914744709999, -61.1914487799999, -61.19442153, -61.1943683839999, -61.1932840809999, -61.1935899169999, -61.195419914, -61.1958379649999, -61.1953707169999, -61.1962824979999, -61.197452117, -61.198280708, -61.197176053, -61.197360552, -61.1981468909999, -61.1968414529999, 
-61.195370635, -61.1940635779999, -61.1944824069999, -61.194227503, -61.1948375799999, -61.1950874729999, -61.1948923999999, -61.193534651, -61.193783629, -61.1937512229999, -61.194644547, -61.19394504, -61.1931166939999, -61.191781856, -61.191922714, -61.19061758, -61.189863551, -61.189087335, -61.1895827939999, -61.189360041, -61.189265513, -61.189059622, -61.1851723729999, -61.185342034, -61.186137166, -61.1860908249999, -61.1867220979999, -61.187916318, -61.1888667859999, -61.189670818, -61.1890312429999, 
-61.1876751249999, -61.1865074229999, -61.186203415, -61.186559498, -61.1872548429999, -61.1831424459999, -61.1802825759999, -61.180339838, -61.183237334, -61.184698506, -61.183982128, -61.1824178389999, -61.181092295, -61.179920414, -61.1802804639999, -61.18181157, -61.182731984, -61.1841445919999, -61.185395241, -61.184956303, -61.183611821, -61.18264262, -61.181503511, -61.180781423, -61.181009822, -61.1815866919999, -61.1828933709999, -61.183612864, -61.184394454, -61.185642941, -61.1861394979999, 
-61.186288932, -61.187561195, -61.188781477, -61.1926152409999, -61.195086036, -61.196118643, -61.195891099, -61.1930898889999, -61.193090646, -61.196228401, -61.198675565, -61.201344488, -61.200671993, -61.200925583, -61.2018117309999, -61.2060904089999, -61.206670996, -61.2062021479999, -61.2076950849999, -61.209446945, -61.2108629429999, -61.2117024439999, -61.212201318, -61.2133384899999, -61.214839065, -61.214534638, -61.2145845469999, -61.215143474, -61.215753492, -61.216616421, -61.2175893499999, 
-61.21825011, -61.218063391, -61.2176140569999, -61.2182593059999, -61.218648251, -61.218113655, -61.2180350429999, -61.218420985, -61.220757615, -61.222697962, -61.224011541, -61.225148555, -61.2260224489999, -61.2268963439999, -61.2288625579999, -61.22864417, -61.228425782, -61.2284190889999, -61.2291419119999, -61.230140483, -61.231813346, -61.233230041, -61.2347777049999, -61.2355618139999, -61.2361461529999, -61.237341741, -61.238606839, -61.2395038399999, -61.2416977089999, -61.243537523, -61.244287694, 
-61.245753039, -61.245980311, -61.2457536489999, -61.2466698279999, -61.247672035, -61.249640742, -61.250481251, -61.2530607509999, -61.2531701409999, -61.253627653, -61.2539495349999, -61.2551405949999, -61.2568658869999, -61.2585911789999, -61.260080259, -61.2605357209999, -61.2599243009999, -61.2584470579999, -61.25736872, -61.2581176289999, -61.2594187419999, -61.2642868789999, -61.265309394, -61.2661160199999, -61.267026829, -61.26819539, -61.269697337, -61.270702271, -61.27095229, -61.271644685, 
-61.272923069, -61.273811348, -61.274699626, -61.278031451, -61.2795861769999, -61.2804348159999, -61.2826696019999, -61.283315026, -61.283753104, -61.2840887189999, -61.2844243339999, -61.285114297, -61.2870386559999, -61.287823781, -61.2886697979999, -61.2890019699999, -61.288230233, -61.2883168179999, -61.2889256889999, -61.29111264, -61.291784933, -61.292343305, -61.2928124979999, -61.294063407, -61.2954243119999, -61.297641315, -61.3017553839999, -61.30334251, -61.304761851, -61.3069263509999, 
-61.3082720099999, -61.3088146459999, -61.309198049, -61.3101186709999, -61.310837642, -61.3142063889999, -61.3149762089999, -61.315587478, -61.316457391, -61.316898725, -61.316450872, -61.3160087669999, -61.315729259, -61.316116694, -61.31908042, -61.3200654469999, -61.322089378, -61.3232557989999, -61.324398822, -61.325315149, -61.3289843279999, -61.329563925, -61.329702947, -61.330341132, -61.3308076309999, -61.3309212549999, -61.3313443139999, -61.3322318019999, -61.333144266, -61.3331177419999, 
-61.335414595, -61.337066556, -61.3372321889999, -61.3385382509999, -61.3407774029999, -61.3418692159999, -61.3421741069999, -61.3420100889999, -61.3430160499999, -61.3449823969999, -61.3457830079999, -61.3471428989999, -61.347839366, -61.348537145, -61.34928327, -61.3501469829999, -61.351034402, -61.351199412, -61.350338162, -61.350566829, -61.3511474089999, -61.351839351, -61.3529127999999, -61.353927949, -61.3546188189999, -61.3552553879999, -61.3551415869999, -61.354119424, -61.354006822, -61.354395905, 
-61.355097896, -61.3550934659999, -61.354787644, -61.354873505, -61.3552585879999, -61.3565672519999, -61.360205633, -61.361512946, -61.366148151, -61.368203072, -61.369169254, -61.370195387, -61.370564318, -61.370643653, -61.37026159, -61.367866969, -61.366672969, -61.3662862389999, -61.366280128, -61.366673324, -61.366862943, -61.367363572, -61.3676438039999, -61.3681139449999, -61.3687810679999, -61.3699586629999, -61.373185511, -61.3769841019999, -61.3777297679999, -61.3782282119999, -61.378564935, 
-61.381728209, -61.381813094, -61.3813897419999, -61.380001121, -61.3798359899999, -61.380093759, -61.381480424, -61.381592788, -61.381344272, -61.3816720859999, -61.382201558, -61.386061583, -61.39211772, -61.4003920029999, -61.407141066, -61.4083983629999, -61.41184528, -61.4132528859999, -61.414009908, -61.419956078, -61.420980979, -61.421954676, -61.42714541, -61.432400764, -61.4354526, -61.4364825559999, -61.437177987, -61.437483615, -61.437478352, -61.437955071, -61.440313271, -61.4463991929999, 
-61.450674098, -61.4563713209999, -61.461846137, -61.468012143, -61.471148128, -61.476066347, -61.479124478, -61.4846385919999, -61.4955588759999, -61.5005473219999, -61.508368972, -61.5139253879999, -61.520142514, -61.526590783, -61.534762816, -61.547534621, -61.5531287329999, -61.5537365869999, -61.5587174919999, -61.563338239, -61.56614512, -61.568176231, -61.5716505279999, -61.5841046349999, -61.588392529, -61.5939263979999, -61.594447757, -61.5988431409999, -61.60464689, -61.6070398419999, -61.6119263519999, 
-61.619365891, -61.6257869329999, -61.6315327289999, -61.634761402, -61.6370655309999, -61.637980824, -61.63949182, -61.644902038, -61.65028116, -61.654460234, -61.6553948919999, -61.6587889459999, -61.664143619, -61.6683116339999, -61.6742898729999, -61.675784592, -61.677900119, -61.67824501, -61.6782459999999, -61.678619574, -61.661424384, -61.5715592419999, -61.530509689, -61.508370161, -61.5009474129999, -61.472696953, -61.472446826, -61.472701219, -61.473283435, -61.47234031, -61.4695099539999, 
-61.4676768939999, -61.466342918, -61.4647775339999, -61.4618416869999, -61.460620433, -61.4592244029999, -61.4582314639999, -61.456588511, -61.4557574109999, -61.454370339, -61.45328461, -61.45200916, -61.450198856, -61.447759268, -61.446311301, -61.445170639, -61.4436746569999, -61.4426171629999, -61.442313998, -61.442173597, -61.44139278, -61.440006825, -61.43895922, -61.4380333949999, -61.438089823, -61.437595933, -61.436537751, -61.4356514069999, -61.436267103, -61.43728701, -61.4365040799999, 
-61.4364223209999, -61.4371423539999, -61.436673832, -61.435095191, -61.4322713729999, -61.430672458, -61.429397144, -61.427694303, -61.4262543349999, -61.42558609, -61.425975741, -61.4253345279999, -61.4238888669999, -61.422082336, -61.4207262019999, -61.417894226, -61.4171473469999, -61.4163700189999, -61.4143555919999, -61.4135851309999, -61.4135340929999, -61.4132570989999, -61.412116615, -61.41211634, -61.411225701, -61.410504594, -61.408614184, -61.4079513659999, -61.4068671269999, -61.406045009, 
-61.4028691979999, -61.4014461499999, -61.40117166, -61.4006769339999, -61.39928035, -61.399091499, -61.398195065, -61.396711528, -61.393747863, -61.3901469739999, -61.3871743919999, -61.386113767, -61.38561964, -61.383316222, -61.382586835, -61.382450508, -61.381033819, -61.379675752, -61.37847147, -61.37711332, -61.3760585869999, -61.375139334, -61.373982551, -61.3678972399999, -61.3660327319999, -61.364817321, -61.363804809, -61.363668233, -61.362507421, -61.361782322, -61.360674842, -61.3590627509999, 
-61.3577013, -61.356032916, -61.3549162129999, -61.3535611719999, -61.351614674, -61.3509795309999, -61.350669865, -61.350558298, -61.349779114, -61.3485858909999, -61.349813289, -61.3496702949999, -61.3466427289999, -61.3437035389999, -61.342499999, -61.34177725, -61.3405349269999, -61.3398126629999, -61.338337525, -61.3374788299999, -61.336091938, -61.335837324, -61.335398173, -61.334114304, -61.3329104879999, -61.332669455, -61.331392704, -61.3203133639999, -61.189948863, -61.1901678529999, -61.182002645, 
-12.0005052099999, -12.0013167209999, -12.001761288, -12.002837175, -12.0042831659999, -12.010206105, -12.0114682859999, -12.0126383289999, -12.0134686989999, -12.014757817, -12.016105809, -12.022332898, -12.0236464509999, -12.0242530929999, -12.0251995749999, -12.026527197, -12.030982063, -12.0321934759999, -12.0324495199999, -12.0324907309999, -12.032992995, -12.033018279, -12.033548666, -12.0351067609999, -12.036874129, -12.0382703829999, -12.041501803, -12.0444007289999, -12.046985979, -12.04987768, 
-12.053246749, -12.061354138, -12.064054047, -12.0655831509999, -12.066496953, -12.0692286139999, -12.070418291, -12.0719906949999, -12.074958931, -12.076469661, -12.078899695, -12.0801720909999, -12.081902355, -12.084907667, -12.0868042159999, -12.092343566, -12.0939804259999, -12.095270387, -12.09665445, -12.097975118, -12.0997302389999, -12.101448938, -12.102873083, -12.1040257829999, -12.1049966049999, -12.106271878, -12.107629727, -12.109047546, -12.1104128249999, -12.111968369, -12.1142407129999, 
-12.115857025, -12.1172580899999, -12.1182457689999, -12.119550654, -12.120826085, -12.121765142, -12.123300743, -12.1255318349999, -12.128691887, -12.130182749, -12.1315714149999, -12.1336044379999, -12.1342443419999, -12.136037834, -12.137117685, -12.137465239, -12.1385003249999, -12.139524497, -12.139244983, -12.139903855, -12.140149785, -12.140871243, -12.1420286109999, -12.142650379, -12.1437561019999, -12.1450686269999, -12.146044235, -12.1461699139999, -12.1456020599999, -12.145002961, -12.1451903109999, 
-12.1457455119999, -12.147145655, -12.148155932, -12.150959706, -12.152343741, -12.153740817, -12.154684224, -12.155318794, -12.1566255649999, -12.157765289, -12.1581120459999, -12.159319663, -12.160547682, -12.161886148, -12.163248618, -12.1645068939999, -12.165652855, -12.167142916, -12.1697374579999, -12.1697766489999, -12.170946359, -12.1728711819999, -12.1748832499999, -12.175078404, -12.176046453, -12.176087849, -12.1764287919999, -12.177345033, -12.179962987, -12.182268948, -12.1836575889999, 
-12.1850155999999, -12.186507861, -12.1881951619999, -12.1910728109999, -12.192059258, -12.1934700089999, -12.196236777, -12.1976359249999, -12.19895463, -12.200872746, -12.2025493279999, -12.2038117189999, -12.206022223, -12.2073798859999, -12.2075074539999, -12.208936723, -12.2099700169999, -12.2114160069999, -12.2134695439999, -12.214984411, -12.2163974979999, -12.217440041, -12.218227283, -12.2196246779999, -12.220585835, -12.2219622589999, -12.223191124, -12.2238685149999, -12.224177745, -12.224795938, 
-12.226337706, -12.229440635, -12.2309146069999, -12.2323620339999, -12.233944872, -12.23679106, -12.2398602629999, -12.2416767129999, -12.247879318, -12.250857407, -12.252176715, -12.255155188, -12.2566135289999, -12.2576445899999, -12.2589924899999, -12.2622265979999, -12.2666087199999, -12.267342383, -12.2676526829999, -12.2683302629999, -12.273744612, -12.275516347, -12.27830661, -12.2811259599999, -12.282491663, -12.283358047, -12.2844910469999, -12.285985955, -12.287484386, -12.288335556, -12.289318233, 
-12.2906795829999, -12.2922705389999, -12.293488265, -12.295139162, -12.2957818019999, -12.297206451, -12.298042805, -12.298915676, -12.300262657, -12.3005646149999, -12.3011906249999, -12.3020558529999, -12.3034546599999, -12.3042942989999, -12.3053670489999, -12.305537528, -12.306175333, -12.3075788089999, -12.308252909, -12.3097375359999, -12.3107931019999, -12.312032549, -12.3136600549999, -12.3149813919999, -12.3159174929999, -12.317711669, -12.3191191889999, -12.320011008, -12.3227309229999, 
-12.3246961309999, -12.329276016, -12.330142502, -12.335122001, -12.337013832, -12.338110436, -12.339504801, -12.3427023199999, -12.3441041749999, -12.3451249719999, -12.3464519179999, -12.3475468479999, -12.348813772, -12.350376801, -12.3514951369999, -12.3529255719999, -12.3543031899999, -12.3556159289999, -12.355719411, -12.3555387649999, -12.3549191059999, -12.3562782259999, -12.3576929609999, -12.3586044899999, -12.3589509299999, -12.360287163, -12.361730744, -12.364954933, -12.3664950539999, 
-12.368033, -12.369289833, -12.370600649, -12.3720675029999, -12.3735179419999, -12.374899162, -12.3763257209999, -12.3775863569999, -12.379403061, -12.380720208, -12.3824543859999, -12.384726674, -12.38558945, -12.385955212, -12.386236821, -12.3865184309999, -12.3887908469999, -12.3894921199999, -12.390193393, -12.39204496, -12.39363046, -12.3950408479999, -12.3956858489999, -12.3966472189999, -12.3974211419999, -12.3987922899999, -12.4002575599999, -12.405250523, -12.4096286869999, -12.410920523, 
-12.413060129, -12.415964699, -12.4175323019999, -12.422582564, -12.424137103, -12.425579851, -12.427125969, -12.4283907049999, -12.4303306159999, -12.431800639, -12.4401665829999, -12.4417789639999, -12.4427099399999, -12.443363643, -12.444499436, -12.4458354569999, -12.447171479, -12.4497835439999, -12.451165922, -12.4526646749999, -12.4531446529999, -12.4540698649999, -12.4554489169999, -12.4560082989999, -12.4573393969999, -12.4583001139999, -12.4595689949999, -12.462389315, -12.463437637, -12.4632799719999, 
-12.464268036, -12.4656702, -12.467391665, -12.4689745219999, -12.470296344, -12.471618167, -12.4772451, -12.481420967, -12.4831470249999, -12.4876923839999, -12.489371936, -12.491171901, -12.4934506429999, -12.4957293839999, -12.4970927589999, -12.49941185, -12.49990494, -12.500435872, -12.502131864, -12.506719066, -12.5081255369999, -12.5094820809999, -12.5113803579999, -12.5127001829999, -12.514189968, -12.517443577, -12.5203477269999, -12.521898442, -12.523875639, -12.5252354829999, -12.525604565, 
-12.5263218239999, -12.5290082659999, -12.5317051009999, -12.5336070619999, -12.538334386, -12.543209599, -12.544867198, -12.5483930739999, -12.549602422, -12.5510305019999, -12.554012836, -12.5573638739999, -12.561979014, -12.563266013, -12.5651237639999, -12.5667705389999, -12.571216977, -12.5722194429999, -12.575080675, -12.5772464309999, -12.5782670049999, -12.579408573, -12.580556131, -12.5837695969999, -12.589931733, -12.594548684, -12.5967306709999, -12.6003533669999, -12.601336009, -12.602396631, 
-12.606616666, -12.6093270719999, -12.6119526489999, -12.613051613, -12.613691316, -12.6142855729999, -12.617302923, -12.620636857, -12.622664353, -12.626096251, -12.62601585, -12.625550329, -12.6249560339999, -12.623443858, -12.6216591049999, -12.615458209, -12.6117125919999, -12.609659512, -12.607887515, -12.606931067, -12.6012958389999, -12.6002470379999, -12.599333987, -12.5987408949999, -12.5983204249999, -12.59769698, -12.597002531, -12.5961803669999, -12.592915849, -12.5864147539999, -12.583446274, 
-12.5822441769999, -12.581327838, -12.5793074519999, -12.577242344, -12.57586728, -12.5747182359999, -12.5729976329999, -12.5699799029999, -12.5696930579999, -12.5695657799999, -12.56902525, -12.5683995749999, -12.5666211859999, -12.565328158, -12.564241307, -12.561154675, -12.555002505, -12.55158896, -12.549975591, -12.54882826, -12.54545222, -12.540556517, -12.5358165409999, -12.5348641849999, -12.53401881, -12.5332380559999, -12.532347414, -12.530856413, -12.5297580339999, -12.5291177879999, -12.5265912659999, 
-12.5257486349999, -12.5231325069999, -12.5222061259999, -12.521273848, -12.5193836669999, -12.5181141989999, -12.517085321, -12.514462874, -12.513531261, -12.5092451409999, -12.5028036309999, -12.5003947319999, -12.487306263, -12.4857151579999, -12.487033939, -12.4916845859999, -12.496962058, -12.5003765579999, -12.5026059859999, -12.5033935939999, -12.5076501579999, -12.508245604, -12.5085320549999, -12.508237527, -12.508846271, -12.508745618, -12.5083316609999, -12.507551005, -12.5066895329999, 
-12.501675161, -12.500362276, -12.4975240009999, -12.490926365, -12.4852996449999, -12.480237657, -12.4766618279999, -12.4738276509999, -12.469891687, -12.4643209449999, -12.4634673589999, -12.465003934, -12.46640413, -12.4662407329999, -12.4648313419999, -12.465342677, -12.4674392909999, -12.46925218, -12.467899636, -12.4660902829999, -12.4659324719999, -12.4658232359999, -12.464928097, -12.464905624, -12.4674032929999, -12.470245323, -12.4731870679999, -12.4723129989999, -12.4720123389999, -12.467751746, 
-12.466669166, -12.4656749039999, -12.4667979249999, -12.4608476149999, -12.459911248, -12.4641258729999, -12.464708368, -12.461669065, -12.4541182119999, -12.4517393429999, -12.4512913679999, -12.4484155499999, -12.4450556799999, -12.4436746649999, -12.4402909679999, -12.4395339859999, -12.438272231, -12.438533466, -12.434470378, -12.430609277, -12.4292214689999, -12.2642084499999, -12.178431381, -12.1781794129999, -12.0897025019999, -12.0896242909999, -12.0891986729999, -12.08899445, -12.0882252369999, 
-12.0879665869999, -12.0878692299999, -12.086512509, -12.08502573, -12.0835311099999, -12.082299599, -12.081269953, -12.0808774699999, -12.081050234, -12.0816570139999, -12.081754004, -12.0824771879999, -12.0821707879999, -12.081061611, -12.0785847499999, -12.0796913189999, -12.0797721509999, -12.0783649109999, -12.077800505, -12.0780262119999, -12.079579158, -12.0787582739999, -12.0797044169999, -12.0791063529999, -12.078084907, -12.076730374, -12.0749831099999, -12.0736663619999, -12.0733891639999, 
-12.074113041, -12.075450845, -12.076888187, -12.078559898, -12.0794661589999, -12.080637871, -12.0818316409999, -12.082988669, -12.0842114669999, -12.085569055, -12.087110787, -12.088405083, -12.088670339, -12.088668112, -12.089030765, -12.0900612049999, -12.090321649, -12.089955253, -12.0884237519999, -12.0869673739999, -12.085747326, -12.0856053169999, -12.0857706819999, -12.086173494, -12.086472738, -12.086346285, -12.086215253, -12.0842483439999, -12.0828710789999, -12.0800304899999, -12.078620432, 
-12.077617147, -12.075912704, -12.0716150029999, -12.07012516, -12.067250583, -12.065640765, -12.0641748299999, -12.0625180669999, -12.0585379839999, -12.055810636, -12.050517812, -12.0492013409999, -12.049598749, -12.051048056, -12.052192142, -12.0521684039999, -12.051577164, -12.051634218, -12.05135264, -12.0503030749999, -12.047267625, -12.0446546929999, -12.043219597, -12.0416343549999, -12.040864124, -12.0412586219999, -12.0402603079999, -12.0396473059999, -12.03870785, -12.0374822329999, -12.0367069229999, 
-12.036580189, -12.036295276, -12.0354577469999, -12.0341115879999, -12.0324446389999, -12.028296004, -12.0269763919999, -12.0257493119999, -12.02494901, -12.025251951, -12.025047029, -12.024187097, -12.0240520249999, -12.0220384249999, -12.0205782319999, -12.0193634449999, -12.018001731, -12.016345211, -12.0153714809999, -12.0108615849999, -12.009323042, -12.0087900769999, -12.0094776569999, -12.008763434, -12.0075898719999, -12.006428936, -12.0052723959999, -12.00504073, -12.0062294539999, -12.0062027389999, 
-12.004508242, -12.003323676, -12.0027272199999, -12.0017975989999, -12.0005674939999, -12.0005701759999, -12.0005905579999, -12.0008044039999, -12.0005080359999, -12.0005052099999)))"
1101468,Pimenteiras Do Oeste,11,RO,"list(list(c(-61.476066347, -61.471148128, -61.468012143, -61.461846137, -61.4563713209999, -61.450674098, -61.4463991929999, -61.440313271, -61.437955071, -61.437478352, -61.437483615, -61.437177987, -61.4364825559999, -61.4354526, -61.432400764, -61.42714541, -61.421954676, -61.420980979, -61.419956078, -61.414009908, -61.4132528859999, -61.41184528, -61.4083983629999, -61.407141066, -61.4003920029999, -61.39211772, -61.386061583, -61.382201558, -61.3816720859999, -61.381344272, -61.381592788, -61.381480424, 
-61.380093759, -61.3798359899999, -61.380001121, -61.3813897419999, -61.381813094, -61.381728209, -61.378564935, -61.3782282119999, -61.3777297679999, -61.3769841019999, -61.373185511, -61.3699586629999, -61.3687810679999, -61.3681139449999, -61.3676438039999, -61.367363572, -61.366862943, -61.366673324, -61.366280128, -61.3662862389999, -61.366672969, -61.367866969, -61.37026159, -61.370643653, -61.370564318, -61.370195387, -61.369169254, -61.368203072, -61.366148151, -61.361512946, -61.360205633, 
-61.3565672519999, -61.3552585879999, -61.354873505, -61.354787644, -61.3550934659999, -61.355097896, -61.354395905, -61.354006822, -61.354119424, -61.3551415869999, -61.3552553879999, -61.3546188189999, -61.353927949, -61.3529127999999, -61.351839351, -61.3511474089999, -61.350566829, -61.350338162, -61.351199412, -61.351034402, -61.3501469829999, -61.34928327, -61.348537145, -61.347839366, -61.3471428989999, -61.3457830079999, -61.3449823969999, -61.3430160499999, -61.3420100889999, -61.339030691, 
-61.338068634, -61.338731027, -61.3402846279999, -61.341315858, -61.344821996, -61.348728336, -61.3501982849999, -61.351339334, -61.353031631, -61.354510655, -61.355453488, -61.3573012299999, -61.358343974, -61.358809838, -61.358733967, -61.358978737, -61.359340437, -61.3604832709999, -61.360117452, -61.360450339, -61.3608920719999, -61.361651228, -61.3627621669999, -61.3635669729999, -61.364144572, -61.36440206, -61.3640617149999, -61.364924213, -61.366447537, -61.3664837009999, -61.36698434, -61.3679490229999, 
-61.3698930659999, -61.3719454019999, -61.37617578, -61.3782059089999, -61.3792288979999, -61.3798639789999, -61.3799597959999, -61.381725847, -61.383810996, -61.384674862, -61.385785028, -61.386205892, -61.3856490169999, -61.385870665, -61.3878390589999, -61.3903508059999, -61.392147156, -61.3928154439999, -61.393095975, -61.392898327, -61.3921146019999, -61.391115516, -61.387929716, -61.386816645, -61.384699328, -61.383809791, -61.3832883959999, -61.382705371, -61.382645047, -61.38325681, -61.384233457, 
-61.3851977959999, -61.3862597339999, -61.3872611369999, -61.3880642919999, -61.3884786099999, -61.38839536, -61.387231816, -61.386699416, -61.3859517939999, -61.385482165, -61.3855310259999, -61.3858691449999, -61.385975655, -61.3857555129999, -61.3850900469999, -61.384258371, -61.3832565419999, -61.382729638, -61.3817837039999, -61.380839796, -61.380114996, -61.379253876, -61.378842851, -61.378372424, -61.377423765, -61.376203111, -61.375473673, -61.373590204, -61.371897352, -61.371203265, -61.3709311049999, 
-61.3709481759999, -61.371644449, -61.372422406, -61.372896914, -61.374677637, -61.3754492719999, -61.382283135, -61.3832881179999, -61.385504939, -61.388590598, -61.390091259, -61.390976035, -61.392258824, -61.394221105, -61.396480583, -61.397394118, -61.400912859, -61.4016237719999, -61.402976596, -61.405446277, -61.407727565, -61.411880356, -61.413260749, -61.4153998569999, -61.4196882239999, -61.4207927899999, -61.42264811, -61.424589558, -61.4254507279999, -61.427150565, -61.4303368709999, -61.4304839319999, 
-61.430257419, -61.431309945, -61.432201868, -61.4335634389999, -61.434512845, -61.435693734, -61.438898609, -61.4420097719999, -61.4422285079999, -61.4420107769999, -61.4398643339999, -61.4400321589999, -61.4404004419999, -61.441372226, -61.441947081, -61.4423475149999, -61.4420137109999, -61.4424270769999, -61.442143383, -61.4440663249999, -61.4445643389999, -61.445228619, -61.445616774, -61.4460672329999, -61.446534773, -61.4475059009999, -61.4482873529999, -61.45077457, -61.4515330989999, -61.452279697, 
-61.454012322, -61.4547618089999, -61.4547557479999, -61.456562794, -61.457180209, -61.458148552, -61.4589836769999, -61.459922657, -61.459984861, -61.45970043, -61.459813471, -61.460951563, -61.460229165, -61.459786863, -61.4604549009999, -61.4605912809999, -61.461171597, -61.463285996, -61.4640928509999, -61.464592344, -61.465509911, -61.4661210959999, -61.4665344909999, -61.466617857, -61.467176079, -61.4673690009999, -61.467093903, -61.467145847, -61.468729146, -61.4693675189999, -61.4694526119999, 
-61.4693708909999, -61.4682007879999, -61.468176425, -61.467844719, -61.4662286289999, -61.4652607439999, -61.4645683479999, -61.463897543, -61.464091911, -61.4630351009999, -61.462734444, -61.4615042029999, -61.460652708, -61.4605599939999, -61.4607031, -61.4613725179999, -61.46189669, -61.4627066089999, -61.462618195, -61.463702559, -61.464925012, -61.4653192659999, -61.465507829, -61.4660912699999, -61.466505174, -61.4670882839999, -61.468385283, -61.4690327869999, -61.469312257, -61.469088749, 
-61.4691723309999, -61.469978786, -61.4699549729999, -61.470180854, -61.470060494, -61.470866034, -61.4724796259999, -61.4727017919999, -61.474487873, -61.4751799009999, -61.4758931829999, -61.478948082, -61.4797586939999, -61.480897846, -61.482872533, -61.484011964, -61.4867304429999, -61.487366871, -61.4885964419999, -61.488653873, -61.4883999149999, -61.488531203, -61.488337373, -61.4869057679999, -61.4861812759999, -61.486480142, -61.487505165, -61.488337972, -61.489403125, -61.4902579079999, 
-61.49083716, -61.491567216, -61.4918175939999, -61.491562573, -61.4919767619999, -61.492622613, -61.4936497049999, -61.494346803, -61.4947050549999, -61.495396192, -61.4959837099999, -61.4967318289999, -61.498707776, -61.499587669, -61.4997644679999, -61.499590208, -61.4997846589999, -61.4996464709999, -61.49987024, -61.501593264, -61.5021231419999, -61.502845661, -61.503368631, -61.5042892419999, -61.5052553299999, -61.5053409539999, -61.505704845, -61.50678908, -61.507283607, -61.50742387, -61.5071758289999, 
-61.5073407639999, -61.507281731, -61.5067646649999, -61.505898206, -61.5058382029999, -61.50631749, -61.505810878, -61.50595157, -61.506227536, -61.506786786, -61.507034637, -61.506673485, -61.5066196599999, -61.507122808, -61.509109423, -61.5098175509999, -61.5107865359999, -61.5119536459999, -61.5141711809999, -61.514903288, -61.5156163519999, -61.5157889719999, -61.515649967, -61.5108738289999, -61.5090629859999, -61.504038774, -61.502983333, -61.5022325419999, -61.500996261, -61.501489984, -61.501595658, 
-61.503157609, -61.503039094, -61.5032599109999, -61.5046305359999, -61.505179544, -61.5054719069999, -61.5047996179999, -61.5042933939999, -61.504893083, -61.507126864, -61.5137147149999, -61.518693251, -61.521052439, -61.5226667769999, -61.524300644, -61.525963695, -61.527962375, -61.5291857589999, -61.5317736229999, -61.536270222, -61.5377116, -61.5395819729999, -61.5398150179999, -61.542371146, -61.543048611, -61.5432479869999, -61.5445841009999, -61.544812523, -61.5452625949999, -61.545769712, 
-61.547027007, -61.548806057, -61.5503983249999, -61.556799923, -61.5569334179999, -61.559588385, -61.560422759, -61.5615964119999, -61.562622741, -61.5645379139999, -61.565421866, -61.5670482259999, -61.567507357, -61.568378041, -61.569822771, -61.570736408, -61.5722765089999, -61.5731169339999, -61.5745950139999, -61.5750960559999, -61.57565213, -61.5781479899999, -61.582592535, -61.5854219229999, -61.587009407, -61.5878446279999, -61.589169075, -61.589871015, -61.5902252699999, -61.5911152029999, 
-61.5925365509999, -61.593478284, -61.597376318, -61.598095574, -61.598810825, -61.600404224, -61.6077043919999, -61.6090085279999, -61.6105364169999, -61.611624986, -61.6122330439999, -61.613117165, -61.6159420509999, -61.6174236119999, -61.6184882539999, -61.6200244059999, -61.6205956009999, -61.6214896719999, -61.623286993, -61.6237356339999, -61.623986975, -61.6251202049999, -61.627119793, -61.62950388, -61.6307600649999, -61.633266319, -61.6340363249999, -61.635371092, -61.6372897109999, -61.639296945, 
-61.6403407479999, -61.641069031, -61.6403705649999, -61.639813994, -61.639877864, -61.6418725429999, -61.6415652439999, -61.6406768159999, -61.637597323, -61.636400345, -61.635208408, -61.634294444, -61.6336477019999, -61.63295905, -61.631292053, -61.630144473, -61.6288966089999, -61.6288995319999, -61.627790124, -61.627590953, -61.628097395, -61.628842376, -61.6304593199999, -61.63092999, -61.630676543, -61.6301214729999, -61.62825387, -61.625371911, -61.6245930209999, -61.624429306, -61.625814314, 
-61.626428068, -61.627619497, -61.6283148849999, -61.627619898, -61.6278779899999, -61.628378776, -61.629369471, -61.6298431489999, -61.6285638959999, -61.628704983, -61.6294828059999, -61.630087808, -61.630772468, -61.633536657, -61.635097119, -61.635699473, -61.635846663, -61.6360673569999, -61.638462163, -61.643033523, -61.64673231, -61.647290896, -61.648231891, -61.648789471, -61.650623526, -61.651229384, -61.6520895289999, -61.65270092, -61.653398936, -61.65373589, -61.6537374599999, -61.6540121099999, 
-61.6549846389999, -61.6584300069999, -61.660096202, -61.6615584699999, -61.665593885, -61.6669279009999, -61.668332945, -61.669542698, -61.670375208, -61.6742914129999, -61.6763181909999, -61.6779008639999, -61.6785916819999, -61.6804674519999, -61.6822054139999, -61.68642847, -61.6899310719999, -61.69154045, -61.694567732, -61.696812644, -61.697406115, -61.6995459319999, -61.700238681, -61.702847205, -61.7039244229999, -61.706538262, -61.708248631, -61.7095463029999, -61.7111811019999, -61.71212524, 
-61.714146773, -61.7172888579999, -61.7185428469999, -61.7198727999999, -61.72070833, -61.7212340749999, -61.7217031659999, -61.722204343, -61.7230681509999, -61.724509337, -61.725422704, -61.726325555, -61.728676858, -61.730568212, -61.731542669, -61.732568762, -61.7332615839999, -61.7344546599999, -61.73551882, -61.737126648, -61.7378755819999, -61.738707215, -61.7400129849999, -61.7412581699999, -61.7426273419999, -61.7434039169999, -61.744217367, -61.744624739, -61.7455195999999, -61.7463731369999, 
-61.746593651, -61.7465972749999, -61.7474626199999, -61.748650362, -61.749741761, -61.750926889, -61.75245762, -61.7553193899999, -61.7556754809999, -61.7576775589999, -61.7593984159999, -61.7603749829999, -61.7610364259999, -61.761427507, -61.7639347089999, -61.7641880399999, -61.765022759, -61.766041231, -61.766711148, -61.767895113, -61.7686555019999, -61.7696207129999, -61.770536795, -61.770982964, -61.7715916729999, -61.7720895409999, -61.773041481, -61.77351668, -61.773894905, -61.775540438, 
-61.7766753809999, -61.7772013869999, -61.777649831, -61.7785957989999, -61.77942922, -61.781455282, -61.781176748, -61.780598215, -61.780566018, -61.7809878029999, -61.7815347439999, -61.782903089, -61.7834576709999, -61.78473152, -61.7853457639999, -61.7858967009999, -61.7861209829999, -61.786181453, -61.7867304639999, -61.7877859829999, -61.788433573, -61.788569695, -61.7895440569999, -61.790260081, -61.790933001, -61.7918708139999, -61.7923189539999, -61.792979537, -61.793761135, -61.794959277, 
-61.7955455789999, -61.796206291, -61.7976240789999, -61.798399515, -61.7992104379999, -61.8000370659999, -61.80112288, -61.801674995, -61.802904863, -61.803902914, -61.8055158829999, -61.8063531059999, -61.807763418, -61.8089330379999, -61.8098421199999, -61.810541599, -61.8112128309999, -61.811844271, -61.8123215919999, -61.8125189849999, -61.812404662, -61.811318402, -61.8111504089999, -61.81207073, -61.8140403549999, -61.8158197609999, -61.8161544829999, -61.816512941, -61.8176837459999, -61.818176533, 
-61.818953401, -61.823739653, -61.824647408, -61.8269537729999, -61.8275391369999, -61.827649887, -61.8272938539999, -61.8257343919999, -61.8242928289999, -61.824234514, -61.825124551, -61.8262830779999, -61.8310368269999, -61.831510474, -61.831927712, -61.8327892279999, -61.833398414, -61.8345098329999, -61.836705559, -61.8369873139999, -61.837601029, -61.838342453, -61.839036446, -61.840014979, -61.8405682119999, -61.8421840749999, -61.8435759669999, -61.8437585739999, -61.8431201769999, -61.842091395, 
-61.841847566, -61.842851227, -61.8438368829999, -61.844587436, -61.845360418, -61.8469557649999, -61.847170104, -61.8475287519999, -61.848536998, -61.849433467, -61.850738595, -61.851627864, -61.852510012, -61.853205852, -61.8540124639999, -61.854174734, -61.853566355, -61.852395434, -61.850821324, -61.851484103, -61.852152532, -61.853482678, -61.854040499, -61.8546863189999, -61.855035059, -61.8554294889999, -61.855324565, -61.856291083, -61.8581567429999, -61.8614257809999, -61.862431891, -61.8633231699999, 
-61.8660197679999, -61.866348508, -61.86616911, -61.8653208979999, -61.864371788, -61.86415205, -61.864426346, -61.867261288, -61.867627666, -61.8683150909999, -61.8683228439999, -61.8689666389999, -61.869488017, -61.870155943, -61.8717885989999, -61.8722108609999, -61.872039438, -61.8709017369999, -61.871126075, -61.871734482, -61.873592827, -61.8744259069999, -61.8749265549999, -61.876228023, -61.87665492, -61.8771249859999, -61.8773996049999, -61.876984713, -61.877594556, -61.878050123, -61.878271808, 
-61.879566298, -61.8806834229999, -61.8811815859999, -61.8814521659999, -61.8810750709999, -61.8807608229999, -61.8810442689999, -61.882167957, -61.88312533, -61.883873133, -61.8843741429999, -61.885015148, -61.8852069059999, -61.8852006259999, -61.884928702, -61.8837600699999, -61.8833485979999, -61.8833872859999, -61.883758016, -61.8845962279999, -61.886461172, -61.886871657, -61.886989355, -61.8873451009999, -61.8883208929999, -61.8881814619999, -61.88865135, -61.889202357, -61.8899861119999, 
-61.89209061, -61.892374863, -61.8925105319999, -61.891953118, -61.8919523849999, -61.892351089, -61.893453517, -61.89504154, -61.8967348789999, -61.897071202, -61.8973472769999, -61.8979316539999, -61.898123984, -61.8987490609999, -61.8993690509999, -61.899980348, -61.899821533, -61.9004809359999, -61.901454023, -61.9021794379999, -61.903038043, -61.9044582879999, -61.9047293799999, -61.904490176, -61.903156599, -61.903291783, -61.9031269769999, -61.904042081, -61.903514399, -61.9033473099999, -61.9035714519999, 
-61.9051721649999, -61.9059845769999, -61.905691346, -61.9047992989999, -61.9047887949999, -61.905375447, -61.9063975619999, -61.9067115259999, -61.906759976, -61.907488892, -61.9078462329999, -61.9080425149999, -61.907734002, -61.9074413749999, -61.906973559, -61.9061155099999, -61.9056005799999, -61.9043462889999, -61.9036242949999, -61.902601597, -61.9020931099999, -61.9013429279999, -61.900243274, -61.8981268359999, -61.897421106, -61.895654431, -61.8944978239999, -61.893934585, -61.8937644659999, 
-61.892653239, -61.892178545, -61.8915091749999, -61.890261302, -61.8901203069999, -61.8892901949999, -61.8894320909999, -61.88985107, -61.8896476139999, -61.888315073, -61.8875704809999, -61.8840099019999, -61.8831781859999, -61.8813778419999, -61.8810935099999, -61.880917642, -61.880202699, -61.8787319239999, -61.878058099, -61.8769564669999, -61.8761771239999, -61.873930273, -61.871736494, -61.870930533, -61.869437183, -61.8681270699999, -61.86723773, -61.8656862159999, -61.86526152, -61.863791026, 
-61.862907453, -61.8629270829999, -61.8607622579999, -61.8598411099999, -61.8592698579999, -61.8564531229999, -61.855594991, -61.85482016, -61.853684223, -61.8513706999999, -61.849512819, -61.848822579, -61.847398528, -61.846431996, -61.845293122, -61.843983587, -61.843177924, -61.841517973, -61.840207331, -61.8386576809999, -61.837857479, -61.836177901, -61.834541524, -61.8332315809999, -61.829620591, -61.8274828669999, -61.826930533, -61.824759335, -61.8245151739999, -61.82312777, -61.82181373, 
-61.81992664, -61.819316891, -61.818513586, -61.818082266, -61.816655107, -61.816041027, -61.815449555, -61.815155918, -61.8139045679999, -61.813346329, -61.8129538999999, -61.811649889, -61.810095525, -61.8089057299999, -61.807454546, -61.8069040179999, -61.8020092679999, -61.800846918, -61.8008411839999, -61.800419711, -61.798959124, -61.797871753, -61.796319177, -61.795209781, -61.792513786, -61.786123631, -61.7858436239999, -61.784009123, -61.7824199, -61.7798231069999, -61.7777073019999, -61.777090175, 
-61.776039453, -61.7739609389999, -61.772179823, -61.771206894, -61.768817584, -61.7676496879999, -61.767340492, -61.766209874, -61.765681905, -61.7609614349999, -61.760514389, -61.758293237, -61.7574573649999, -61.7557343079999, -61.7543510979999, -61.7511511909999, -61.75042997, -61.74901546, -61.7479271339999, -61.7465992159999, -61.746039695, -61.743102011, -61.7420964669999, -61.740487957, -61.736956187, -61.735486391, -61.7339530079999, -61.7328744639999, -61.731567272, -61.7305972789999, -61.7302398159999, 
-61.728899641, -61.727842599, -61.726818321, -61.725569181, -61.722230299, -61.721512605, -61.720934718, -61.7197052859999, -61.718650414, -61.7181690129999, -61.7164265389999, -61.7145689559999, -61.713982202, -61.712204557, -61.711734817, -61.710656319, -61.7098175409999, -61.709841567, -61.7065652989999, -61.7054022629999, -61.702692736, -61.702287839, -61.700030737, -61.698333249, -61.696316649, -61.6949826139999, -61.694146761, -61.6931725489999, -61.6911514189999, -61.690205251, -61.688786963, 
-61.687959468, -61.6877390549999, -61.6867353619999, -61.685846181, -61.685096777, -61.684148006, -61.682424713, -61.6813197369999, -61.680011678, -61.678407228, -61.677820516, -61.6765922579999, -61.675733795, -61.675062771, -61.6739216329999, -61.6729608639999, -61.6710367429999, -61.669589855, -61.6687385879999, -61.667257427, -61.6665102279999, -61.666209635, -61.665360025, -61.6648766459999, -61.663485938, -61.662703095, -61.661610606, -61.660812252, -61.659524167, -61.6591723679999, -61.658370879, 
-61.656511671, -61.654760683, -61.653984892, -61.6536129659999, -61.6514295079999, -61.6508944559999, -61.649823936, -61.6485363579999, -61.648117675, -61.6459558009999, -61.6454042839999, -61.642929677, -61.6423367589999, -61.641845924, -61.6417327189999, -61.6412350359999, -61.640815675, -61.6396214069999, -61.6380950389999, -61.6346472109999, -61.633959212, -61.632766858, -61.6321554189999, -61.631428289, -61.630544595, -61.629605827, -61.629013809, -61.6274022739999, -61.6214240789999, -61.620791124, 
-61.619788988, -61.617588348, -61.616014529, -61.61224792, -61.6104791189999, -61.608700309, -61.6071802869999, -61.606395325, -61.6062609109999, -61.605214487, -61.604508734, -61.603669713, -61.600624216, -61.5993516509999, -61.5987090439999, -61.598007392, -61.597308157, -61.596369207, -61.595843296, -61.595615935, -61.594542377, -61.593396061, -61.591850029, -61.5905175959999, -61.587572147, -61.586595803, -61.5862556379999, -61.583815268, -61.581874489, -61.581257064, -61.5800629199999, -61.57763671, 
-61.576118498, -61.574986361, -61.574203409, -61.573763511, -61.572897144, -61.571312838, -61.5690978719999, -61.568484659, -61.566778642, -61.566013038, -61.5655680799999, -61.560842359, -61.559481125, -61.5580035679999, -61.5569239069999, -61.5550121089999, -61.5521771239999, -61.551705639, -61.5511754639999, -61.550310586, -61.549897504, -61.548485758, -61.5475398439999, -61.5460160599999, -61.5446489499999, -61.5434542089999, -61.542010515, -61.5402067099999, -61.538957215, -61.538054352, -61.536100222, 
-61.5321902899999, -61.5283739189999, -61.526620522, -61.5247901569999, -61.523864016, -61.5225696109999, -61.5220913959999, -61.520398217, -61.5195752799999, -61.518040626, -61.5153382979999, -61.5134580719999, -61.510208478, -61.506510684, -61.505651234, -61.504456535, -61.5028139889999, -61.501732827, -61.5009600879999, -61.5003175219999, -61.496597271, -61.496006812, -61.495237191, -61.493828094, -61.4935945659999, -61.4927591309999, -61.491627108, -61.4908132859999, -61.490068661, -61.489318393, 
-61.488818927, -61.4886061379999, -61.487722925, -61.48659681, -61.486374304, -61.4826237779999, -61.4786869759999, -61.474168422, -61.473390509, -61.470096245, -61.468950671, -61.466365511, -61.465540596, -61.464014786, -61.4613186139999, -61.4607018129999, -61.460060589, -61.4581789009999, -61.455284278, -61.452874559, -61.4520934919999, -61.4512650389999, -61.449311592, -61.446175414, -61.442346207, -61.438984249, -61.4369891329999, -61.434230839, -61.4311775479999, -61.430841023, -61.427234966, 
-61.4260343399999, -61.42492537, -61.422231063, -61.4209765269999, -61.418985634, -61.417758034, -61.4167272679999, -61.415050117, -61.41347404, -61.4126508339999, -61.4114826009999, -61.411289004, -61.4088150579999, -61.407501911, -61.401793316, -61.3985477299999, -61.394054943, -61.391469996, -61.3832693609999, -61.3809999379999, -61.3745226979999, -61.3685294109999, -61.3643738609999, -61.361410925, -61.361714223, -61.361413681, -61.360825163, -61.3613330359999, -61.362737893, -61.3640841919999, 
-61.364746837, -61.365989055, -61.3671815639999, -61.367287156, -61.366983609, -61.3666530249999, -61.366001164, -61.363742445, -61.362992024, -61.3624818199999, -61.361423708, -61.360654162, -61.360258071, -61.3601007789999, -61.3598625509999, -61.359474412, -61.358696363, -61.3570370539999, -61.354907179, -61.353669175, -61.3214010179999, -61.049610894, -61.0450932189999, -61.039263598, -61.0392578709999, -61.0389636629999, -61.03849654, -61.038240844, -61.0003621399999, -60.9503683929999, -60.9504420179999, 
-60.950526732, -60.950552422, -60.838476446, -60.8384879979999, -60.8382765459999, -60.837845388, -60.8375315039999, -60.8363881859999, -60.835077336, -60.8348199119999, -60.830142485, -60.8243697149999, -60.818951644, -60.8146456899999, -60.8094236549999, -60.8021203769999, -60.7983685499999, -60.797064694, -60.79613296, -60.793236782, -60.789118928, -60.783061703, -60.781862493, -60.781384939, -60.7795039279999, -60.777213461, -60.7755308579999, -60.7742589229999, -60.770335932, -60.7648383789999, 
-60.762725742, -60.761834249, -60.760430003, -60.7575604299999, -60.754640201, -60.7529514, -60.751006159, -60.748253037, -60.7465269269999, -60.744993883, -60.743780235, -60.7420239049999, -60.741554707, -60.7051819229999, -60.7075242669999, -60.7090350429999, -60.7183371959999, -60.718711377, -60.767841095, -60.768827135, -60.7706447829999, -60.775947735, -60.780646301, -60.783003663, -60.788407959, -60.791795293, -60.7928415979999, -60.79668381, -60.7994259859999, -60.801645083, -60.80460629, 
-60.8050590729999, -60.809453445, -60.813151937, -60.820926788, -60.8236909729999, -60.8255626309999, -60.826897157, -60.832809911, -60.837422344, -60.842945272, -60.84686349, -60.851248382, -60.8522797789999, -60.85637295, -60.858612782, -60.859984235, -60.8610279719999, -60.865150967, -60.8711172229999, -60.8896797749999, -60.893283661, -60.911639908, -60.918670882, -60.919338468, -60.918758024, -60.9189838819999, -60.9165064029999, -60.9186736409999, -60.923036714, -60.933890874, -60.935532641, 
-60.9403446039999, -60.944423971, -60.951037492, -60.9580382679999, -60.962455953, -60.9674202979999, -60.972144122, -60.978894151, -60.986031106, -60.986568891, -60.987037976, -60.991452059, -60.995645011, -61.0005360919999, -61.005622679, -61.007038967, -61.009372083, -61.0122829309999, -61.012420781, -61.008732391, -61.003897851, -61.002229372, -61.000923469, -60.998705592, -60.998117447, -60.9977013519999, -60.9984743639999, -60.9994465629999, -61.0002560789999, -61.003287089, -61.006755362, 
-61.007733574, -61.008507637, -61.009230574, -61.009367297, -61.009008689, -61.0070630089999, -61.0057022359999, -61.0042233519999, -61.0029235329999, -60.9997138689999, -60.998505998, -60.9968533779999, -60.996067179, -60.9947622069999, -60.9932540929999, -60.9913675499999, -60.98964638, -60.988702404, -60.988334897, -60.992505282, -60.9943956609999, -60.9969806289999, -61.001483525, -61.0071772169999, -61.012144012, -61.0149243989999, -61.0206223009999, -61.0255090039999, -61.0298704899999, -61.041147615, 
-61.0469844449999, -61.050950617, -61.052363589, -61.050978559, -61.047455187, -61.039300128, -61.0355986559999, -61.035509857, -61.0384807409999, -61.0411514549999, -61.0465918429999, -61.049447777, -61.054067693, -61.060372854, -61.063394791, -61.06359433, -61.0660695169999, -61.071149453, -61.075810974, -61.079172614, -61.0824815909999, -61.087758396, -61.09030728, -61.0946746659999, -61.097840611, -61.0956795549999, -61.0944774889999, -61.095002614, -61.103401619, -61.1042619489999, -61.101728933, 
-61.1009273819999, -61.10617944, -61.1125103819999, -61.120340889, -61.125956712, -61.1320396959999, -61.1339498039999, -61.1396194169999, -61.140620261, -61.1377569359999, -61.137624381, -61.1384555329999, -61.144143331, -61.147399028, -61.1457025489999, -61.144311992, -61.1469542759999, -61.153200711, -61.1549214389999, -61.156730302, -61.1603733089999, -61.171292218, -61.1780989499999, -61.1824834139999, -61.1805324489999, -61.1840686679999, -61.187819077, -61.183285541, -61.1828116769999, -61.1852636559999, 
-61.188651502, -61.1915948659999, -61.194288202, -61.198536929, -61.204287888, -61.2079282819999, -61.2125926419999, -61.2152565479999, -61.2217305419999, -61.2241481519999, -61.233532948, -61.233987008, -61.234978708, -61.2354019109999, -61.237226361, -61.241485065, -61.2437901159999, -61.243567722, -61.2420111119999, -61.241454781, -61.241869375, -61.2419299989999, -61.2432064939999, -61.248344054, -61.255284065, -61.262344296, -61.266811824, -61.269703856, -61.2723183079999, -61.2752087919999, 
-61.280369828, -61.285595561, -61.286151442, -61.2858780319999, -61.285898072, -61.287043385, -61.288316617, -61.291871919, -61.2963111029999, -61.302563548, -61.305338049, -61.3053963149999, -61.302813247, -61.301032609, -61.3011192519999, -61.3039570769999, -61.3062310179999, -61.3088983369999, -61.3135097409999, -61.328676284, -61.3363678059999, -61.339488251, -61.339926634, -61.340093326, -61.342205725, -61.346653068, -61.350515522, -61.355759475, -61.360758315, -61.365339822, -61.369761839, 
-61.374432401, -61.378989201, -61.3843986589999, -61.389788639, -61.3949817529999, -61.401374646, -61.4049617399999, -61.4049051769999, -61.4040715819999, -61.4024566, -61.40500797, -61.4095386959999, -61.413178333, -61.418508113, -61.424119719, -61.429567856, -61.4348219339999, -61.4428062859999, -61.455118253, -61.4601219549999, -61.465758292, -61.469923941, -61.47082148, -61.4750097839999, -61.4791076079999, -61.4891600949999, -61.491952159, -61.4954280149999, -61.5002655879999, -61.5032008199999, 
-61.5082566689999, -61.51384958, -61.5144880529999, -61.521736427, -61.525817998, -61.529709878, -61.5328976919999, -61.5340141069999, -61.5353417579999, -61.5430439669999, -61.5472626489999, -61.549648465, -61.5536477069999, -61.5563751769999, -61.5597105259999, -61.563206029, -61.56765329, -61.572430437, -61.576590997, -61.578929193, -61.5785936299999, -61.5762060399999, -61.573367127, -61.5730954469999, -61.57672823, -61.584267369, -61.5859344639999, -61.5842342989999, -61.585620983, -61.591372839, 
-61.599508186, -61.604598233, -61.606591677, -61.608013958, -61.6158785159999, -61.6189027179999, -61.618991102, -61.623181709, -61.6262103839999, -61.625681837, -61.62306412, -61.6228210869999, -61.6289866939999, -61.6369065909999, -61.645065495, -61.647400322, -61.6459301249999, -61.6514522149999, -61.6586534579999, -61.66340321, -61.668957149, -61.6687947499999, -61.6734447589999, -61.680372133, -61.6861811359999, -61.689629724, -61.6934324049999, -61.6958444809999, -61.694652667, -61.693844131, 
-61.699150425, -61.7043150389999, -61.7030449709999, -61.707263676, -61.7136758569999, -61.719735759, -61.725154656, -61.730175634, -61.7347105389999, -61.7305988129999, -61.73081597, -61.7367898539999, -61.7442926429999, -61.7477879539999, -61.751707659, -61.757793864, -61.755819724, -61.753680674, -61.7544885679999, -61.757347646, -61.764512535, -61.7662587499999, -61.766737874, -61.769232702, -61.7765941759999, -61.777987099, -61.7762880049999, -61.7781532939999, -61.78373511, -61.784867412, -61.7899873439999, 
-61.798183843, -61.802927481, -61.805803927, -61.817124027, -61.817628322, -61.812983828, -61.8112580029999, -61.818458982, -61.8211775679999, -61.8262614759999, -61.83365153, -61.837568469, -61.8410940909999, -61.843435166, -61.838742237, -61.8403442179999, -61.847153781, -61.8485138739999, -61.8495092489999, -61.852905936, -61.861150278, -61.866121227, -61.8672630659999, -61.8688526499999, -61.8693521539999, -61.8720959239999, -61.876102139, -61.8792684839999, -61.88320987, -61.883398346, -61.88226285, 
-61.881071515, -61.882649516, -61.883651097, -61.883342813, -61.885955111, -61.88742597, -61.889959607, -61.8929872829999, -61.899263374, -61.903823271, -61.9051475579999, -61.907597187, -61.9143466359999, -61.9182668129999, -61.9245379279999, -61.9288242639999, -61.930955907, -61.935953774, -61.9403771229999, -61.944039951, -61.9479889339999, -61.952127396, -61.9562888759999, -61.961792847, -61.967604523, -61.970622938, -61.968261396, -61.962345165, -61.9675145479999, -61.9743765939999, -61.9773188759999, 
-61.9742120339999, -61.9713760319999, -61.9765181229999, -61.980488225, -61.9872322949999, -61.994845709, -61.9977665229999, -61.9996284799999, -61.996434853, -61.994371085, -61.996733572, -62.000545715, -62.001153995, -62.0032060919999, -62.0072338289999, -62.0115166539999, -62.0141790969999, -62.015405272, -62.0147084219999, -62.013046852, -62.013683772, -62.017207828, -62.025066336, -62.0288145909999, -62.0327119239999, -62.0363438129999, -62.037515173, -62.039877791, -62.043266138, -62.0462357019999, 
-62.0529007489999, -62.0569087119999, -62.057650064, -62.0576848889999, -62.056072108, -62.056957783, -62.062184133, -62.0665913989999, -62.0690121119999, -62.0712651979999, -62.073432135, -62.074945218, -62.0791539429999, -62.0842936059999, -62.084965895, -62.085154292, -62.0869867539999, -62.090046103, -62.092789064, -62.093900864, -62.096210643, -62.098185635, -62.101126315, -62.106513333, -62.1094047069999, -62.113987084, -62.1156843479999, -62.1145133729999, -62.112043838, -62.109931697, -62.109429086, 
-62.1105148559999, -62.1091817599999, -62.109228715, -62.110014991, -62.1096852819999, -62.109070781, -62.1135174189999, -62.113518157, -62.114983081, -62.114543829, -62.1144277459999, -62.115096168, -62.1176865129999, -62.1178725169999, -62.117186131, -62.115208603, -62.1138737799999, -62.112906567, -62.1125953409999, -62.112288268, -62.111544603, -62.110180278, -62.108315906, -62.106567636, -62.105294483, -62.105016209, -62.104265993, -62.102933697, -62.1014582409999, -62.101019405, -62.0997901569999, 
-62.0952382469999, -62.093900347, -62.092460889, -62.090934564, -62.0876535229999, -62.086179245, -62.084848412, -62.08165434, -62.0799270799999, -62.0763776169999, -62.075266508, -62.074208841, -62.072764328, -62.071233208, -62.069792743, -62.0685452529999, -62.066934809, -62.065537981, -62.063927417, -62.0628759649999, -62.061352459, -62.0595946849999, -62.058180408, -62.0572875869999, -62.056817183, -62.056154216, -62.0560381349999, -62.0556258789999, -62.054432774, -62.0529059409999, -62.05204532, 
-62.0506797469999, -62.047713113, -62.0462966819999, -62.0448723719999, -62.0434098009999, -62.041906698, -62.040628109, -62.0402060749999, -62.0392640389999, -62.0375985609999, -62.036624569, -62.036648769, -62.0362394039999, -62.0350701739999, -62.035483555, -62.0366539759999, -62.035986884, -62.0349353259999, -62.0336748789999, -62.0310384149999, -62.0301799769999, -62.0295666969999, -62.028511682, -62.0267371369999, -62.0237435209999, -62.0224080039999, -62.020348512, -62.018012836, -62.015265094, 
-62.0129057939999, -62.012597102, -62.012794657, -62.012569334, -62.0120139229999, -62.011288557, -62.00943283, -62.0081796279999, -62.00404206, -62.001818684, -62.0003461649999, -61.9987381559999, -61.9965111469999, -61.994875716, -61.9938219919999, -61.993063601, -61.991620829, -61.9911230019999, -61.990795369, -61.990541108, -61.990120484, -61.98926448, -61.988683801, -61.9868710009999, -61.9858143039999, -61.985148811, -61.9840727599999, -61.983403406, -61.982205547, -61.9802093229999, -61.9791512729999, 
-61.9768161539999, -61.975072763, -61.972294548, -61.971537854, -61.970620672, -61.96990081, -61.967680633, -61.963601767, -61.961791826, -61.961347241, -61.9601232029999, -61.958878649, -61.9562877289999, -61.950346462, -61.9485998119999, -61.946993128, -61.943852578, -61.940986013, -61.939845421, -61.938575473, -61.934147361, -61.9326825769999, -61.9310969839999, -61.930008179, -61.9286818949999, -61.9270659689999, -61.9258715449999, -61.9252059999999, -61.9226027229999, -61.921705851, -61.9204030079999, 
-61.918648074, -61.917741454, -61.9164559489999, -61.9156261749999, -61.9155997549999, -61.9141300079999, -61.91361778, -61.913483332, -61.91406948, -61.914859484, -61.915342342, -61.915180264, -61.912897215, -61.912648973, -61.911233491, -61.9097054049999, -61.908202187, -61.9074324979999, -61.9059795169999, -61.9045901679999, -61.902931102, -61.9001000139999, -61.8993214349999, -61.899428505, -61.899702294, -61.900843275, -61.900845469, -61.9017628549999, -61.901621728, -61.90026358, -61.89912692, 
-61.8975083779999, -61.896402556, -61.894235522, -61.893674747, -61.893535443, -61.8938170099999, -61.893930798, -61.8944030049999, -61.894703067, -61.895265501, -61.89518396, -61.895315356, -61.8957044439999, -61.895847213, -61.8967106389999, -61.8958460709999, -61.8955100009999, -61.894146291, -61.893098634, -61.891903531, -61.8898485929999, -61.8877100839999, -61.884677519, -61.881398517, -61.8782671699999, -61.876400081, -61.8732945199999, -61.871904602, -61.87046177, -61.8693648389999, -61.868591189, 
-61.867478299, -61.865875057, -61.8644010989999, -61.8632365759999, -61.8613462879999, -61.8586401689999, -61.8569526349999, -61.855591869, -61.853062646, -61.8505345469999, -61.849567723, -61.846876564, -61.845563937, -61.843990109, -61.843177972, -61.841869958, -61.8405168369999, -61.8392650979999, -61.838570248, -61.833759088, -61.832626308, -61.831261334, -61.8299809959999, -61.828543883, -61.827823698, -61.826487333, -61.8253763, -61.823149136, -61.822145351, -61.820066932, -61.819097313, -61.817787107, 
-61.8167599459999, -61.8171255669999, -61.817150982, -61.8163717929999, -61.815237861, -61.8149097509999, -61.814909717, -61.8149095969999, -61.814907056, -61.8148904029999, -61.8148880839999, -61.814824464, -61.814824436, -61.814822625, -61.813154159, -61.811764059, -61.810560811, -61.8095617069999, -61.8091518879999, -61.806312811, -61.804958058, -61.803542163, -61.8021484779999, -61.8012047499999, -61.80134607, -61.7984021299999, -61.796928846, -61.79603788, -61.7931754739999, -61.7916213069999, 
-61.788288392, -61.7868970939999, -61.785099724, -61.784317052, -61.78306706, -61.78195128, -61.781207033, -61.7794522349999, -61.7774053219999, -61.776015849, -61.774542021, -61.7710730889999, -61.769707139, -61.766703608, -61.7654773789999, -61.7641002429999, -61.7628461679999, -61.761847394, -61.7609547709999, -61.7599851209999, -61.7589280979999, -61.7579008479999, -61.7570655599999, -61.7555607949999, -61.754511575, -61.750843217, -61.74925898, -61.748038586, -61.74595505, -61.7432053449999, 
-61.7390958179999, -61.7381225549999, -61.7376607789999, -61.737149293, -61.7366623459999, -61.734651363, -61.7337533459999, -61.7323722159999, -61.730818169, -61.729264829, -61.7281175589999, -61.7274476009999, -61.7261446539999, -61.7248417069999, -61.7232402089999, -61.721922819, -61.720537968, -61.7190095489999, -61.7162057249999, -61.7137335469999, -61.712737853, -61.7114499959999, -61.710347345, -61.708647951, -61.7036152329999, -61.700813017, -61.6998422059999, -61.697373354, -61.6944254999999, 
-61.690451884, -61.688923281, -61.687288138, -61.6865398749999, -61.68537447, -61.6841439719999, -61.683016108, -61.681785237, -61.6807611419999, -61.679262893, -61.6775078189999, -61.6762092049999, -61.6732554239999, -61.671620247, -61.666870832, -61.664703335, -61.66264644, -61.6535160189999, -61.652175501, -61.650855112, -61.645179048, -61.643202937, -61.6409780289999, -61.63711965, -61.635231421, -61.633482604, -61.6321737869999, -61.6309223529999, -61.629729453, -61.6264803549999, -61.624846978, 
-61.623706049, -61.6222591549999, -61.6205635609999, -61.618955644, -61.6176757089999, -61.6157328669999, -61.614591082, -61.613512135, -61.612317391, -61.609975719, -61.607367027, -61.6044945999999, -61.603684328, -61.6028740559999, -61.599993452, -61.598476826, -61.5965364819999, -61.594817074, -61.5935101809999, -61.5919010049999, -61.5901514879999, -61.588343175, -61.5859290189999, -61.583209613, -61.581784156, -61.580207478, -61.5767043389999, -61.5735901259999, -61.56717356, -61.5638400099999, 
-61.5624799079999, -61.561148327, -61.5601170419999, -61.559173921, -61.5586788299999, -61.5575346649999, -61.5564515769999, -61.5545888509999, -61.553450729, -61.551400547, -61.5491033009999, -61.5480364479999, -61.545464421, -61.5436539409999, -61.543100253, -61.541959407, -61.5395231309999, -61.5386158539999, -61.53783937, -61.5375982519999, -61.537621937, -61.5379556709999, -61.5390358039999, -61.540183727, -61.541562528, -61.541790656, -61.5415100039999, -61.5390056129999, -61.537232821, -61.536812353, 
-61.535837272, -61.535427243, -61.534205506, -61.533007445, -61.531036743, -61.5294199539999, -61.528947891, -61.5263390789999, -61.526004829, -61.525288726, -61.5258399719999, -61.5273170119999, -61.528844361, -61.530425023, -61.5312542989999, -61.5314526279999, -61.532004985, -61.53239518, -61.532454729, -61.531809655, -61.531699994, -61.5327808069999, -61.53311515, -61.532840446, -61.5313649579999, -61.5299501039999, -61.528703209, -61.5282030399999, -61.527920508, -61.5279564839999, -61.527312834, 
-61.526035626, -61.525173607, -61.5247618859999, -61.524649558, -61.5259252349999, -61.5283396409999, -61.531171951, -61.5333165949999, -61.534069334, -61.5337862869999, -61.533118413, -61.532478351, -61.5325961789999, -61.5323677, -61.531621071, -61.5309505429999, -61.529920245, -61.529394352, -61.5286759809999, -61.528291493, -61.527871133, -61.5277301139999, -61.5291761359999, -61.5310366349999, -61.5327551269999, -61.532892632, -61.533174164, -61.533229973, -61.5335075369999, -61.534226208, -61.5354161699999, 
-61.5381496699999, -61.539372369, -61.540395056, -61.541152025, -61.5428411479999, -61.543621387, -61.5448417109999, -61.545815997, -61.548153282, -61.5493980299999, -61.5506687819999, -61.5511763789999, -61.551869148, -61.552142353, -61.5522595029999, -61.552925659, -61.554086323, -61.554177011, -61.554136222, -61.5536466509999, -61.5532334199999, -61.553791158, -61.554977443, -61.5560340549999, -61.5565314689999, -61.560644808, -61.5655877919999, -61.56614512, -61.563338239, -61.5587174919999, 
-61.5537365869999, -61.5531287329999, -61.547534621, -61.534762816, -61.526590783, -61.520142514, -61.5139253879999, -61.508368972, -61.5005473219999, -61.4955588759999, -61.4846385919999, -61.479124478, -61.476066347, -12.4643209449999, -12.469891687, -12.4738276509999, -12.4766618279999, -12.480237657, -12.4852996449999, -12.490926365, -12.4975240009999, -12.500362276, -12.501675161, -12.5066895329999, -12.507551005, -12.5083316609999, -12.508745618, -12.508846271, -12.508237527, -12.5085320549999, 
-12.508245604, -12.5076501579999, -12.5033935939999, -12.5026059859999, -12.5003765579999, -12.496962058, -12.4916845859999, -12.487033939, -12.4857151579999, -12.487306263, -12.5003947319999, -12.5028036309999, -12.5092451409999, -12.513531261, -12.514462874, -12.517085321, -12.5181141989999, -12.5193836669999, -12.521273848, -12.5222061259999, -12.5231325069999, -12.5257486349999, -12.5265912659999, -12.5291177879999, -12.5297580339999, -12.530856413, -12.532347414, -12.5332380559999, -12.53401881, 
-12.5348641849999, -12.5358165409999, -12.540556517, -12.54545222, -12.54882826, -12.549975591, -12.55158896, -12.555002505, -12.561154675, -12.564241307, -12.565328158, -12.5666211859999, -12.5683995749999, -12.56902525, -12.5695657799999, -12.5696930579999, -12.5699799029999, -12.5729976329999, -12.5747182359999, -12.57586728, -12.577242344, -12.5793074519999, -12.581327838, -12.5822441769999, -12.583446274, -12.5864147539999, -12.592915849, -12.5961803669999, -12.597002531, -12.59769698, -12.5983204249999, 
-12.5987408949999, -12.599333987, -12.6002470379999, -12.6012958389999, -12.606931067, -12.607887515, -12.609659512, -12.6117125919999, -12.615458209, -12.6216591049999, -12.623443858, -12.6249560339999, -12.625550329, -12.62601585, -12.626096251, -12.6263309999999, -12.6265618229999, -12.628083406, -12.629535793, -12.630207479, -12.6319618, -12.6350482449999, -12.636533317, -12.63810812, -12.6422643549999, -12.643997648, -12.644761372, -12.6456743589999, -12.646645274, -12.647505485, -12.6489960209999, 
-12.650172721, -12.651220606, -12.653138886, -12.65549599, -12.657428399, -12.6583762829999, -12.659090259, -12.6593567449999, -12.6598011979999, -12.660637677, -12.661582529, -12.664532869, -12.6663053609999, -12.6677438789999, -12.669921259, -12.670705999, -12.6706256539999, -12.6697297609999, -12.6692355109999, -12.6669255729999, -12.6663332149999, -12.666422595, -12.667365084, -12.668385213, -12.6690103649999, -12.6732772439999, -12.673881453, -12.6743721079999, -12.6752298509999, -12.676035591, 
-12.6769786699999, -12.6781633699999, -12.6800767919999, -12.681615173, -12.68268227, -12.6838121009999, -12.6849039939999, -12.685572468, -12.6857068059999, -12.684245341, -12.684164797, -12.684548856, -12.6852534289999, -12.6860761449999, -12.6881727329999, -12.68933263, -12.6900702689999, -12.6906542949999, -12.6909407979999, -12.691003904, -12.691583641, -12.692314183, -12.6932295009999, -12.6944232139999, -12.698222476, -12.701457955, -12.703910786, -12.704866667, -12.705914989, -12.706774095, 
-12.707904259, -12.708887343, -12.7097921179999, -12.710302251, -12.71005988, -12.7090435959999, -12.7088544, -12.708925321, -12.7071832999999, -12.7067423359999, -12.7048615539999, -12.703663358, -12.703284009, -12.7050232039999, -12.705660581, -12.706523576, -12.7077347969999, -12.708607155, -12.7096724369999, -12.710579017, -12.7128951769999, -12.715105002, -12.715871557, -12.717877841, -12.7184397019999, -12.72189431, -12.722243335, -12.7224520829999, -12.7224456819999, -12.723051003, -12.723700274, 
-12.7251746599999, -12.725213629, -12.7248298739999, -12.7248844119999, -12.726461845, -12.727117675, -12.7277368609999, -12.7286220039999, -12.7289220409999, -12.730283409, -12.730393995, -12.730146184, -12.730785958, -12.730567759, -12.729782353, -12.729737332, -12.7304570599999, -12.733487651, -12.7429187129999, -12.743818867, -12.74709143, -12.7490553919999, -12.7499087589999, -12.750786698, -12.751746095, -12.7534041199999, -12.759670346, -12.7670648759999, -12.769176707, -12.7723924579999, 
-12.785301057, -12.788497068, -12.7906773769999, -12.7935754719999, -12.794384663, -12.795403267, -12.796238806, -12.798102072, -12.799105753, -12.799383774, -12.8003045429999, -12.800957812, -12.8019336839999, -12.8040838389999, -12.8049390689999, -12.8050921349999, -12.805624586, -12.8080333149999, -12.80881846, -12.810540443, -12.811359215, -12.812055788, -12.813097415, -12.8137831, -12.814686996, -12.8149934709999, -12.814628225, -12.8149077099999, -12.8160442839999, -12.8179539749999, -12.819002109, 
-12.8204968279999, -12.8212150359999, -12.82214962, -12.8228941919999, -12.823796349, -12.8246591, -12.8310778549999, -12.8315296509999, -12.832493329, -12.832762595, -12.833732089, -12.8349305089999, -12.8359076979999, -12.836644556, -12.837617757, -12.8395271779999, -12.8405940549999, -12.8430771769999, -12.8437498649999, -12.84475301, -12.845724982, -12.848528862, -12.849570081, -12.8505033639999, -12.851635251, -12.8519397389999, -12.852831174, -12.854759852, -12.855687267, -12.8574043819999, 
-12.858452513, -12.860164659, -12.8618750919999, -12.8635318229999, -12.8669517289999, -12.867767064, -12.8698970469999, -12.8717480539999, -12.8728350499999, -12.8745536069999, -12.8760179809999, -12.8768769449999, -12.8797743619999, -12.8805167409999, -12.882684785, -12.8836011869999, -12.8850275239999, -12.8860936889999, -12.887429502, -12.8897958629999, -12.8907443279999, -12.8937085389999, -12.8947335979999, -12.8958475659999, -12.8967569539999, -12.8987613749999, -12.901586072, -12.90251266, 
-12.9036101889999, -12.904280359, -12.9060012059999, -12.9058140739999, -12.906349, -12.908067593, -12.910382264, -12.9120774949999, -12.9129062049999, -12.9151036539999, -12.916728106, -12.917722116, -12.918753685, -12.919843366, -12.920727916, -12.922638832, -12.9255351579999, -12.9267097739999, -12.928396534, -12.929052745, -12.9291560799999, -12.929714782, -12.9308921629999, -12.9339919399999, -12.937143045, -12.938260761, -12.940111073, -12.9408945599999, -12.941386426, -12.9421567829999, -12.94303367, 
-12.946090554, -12.9469259139999, -12.947552181, -12.94801604, -12.948455554, -12.949429089, -12.951298838, -12.9522458559999, -12.953199679, -12.9541709739999, -12.955664532, -12.9564207759999, -12.958338449, -12.959201621, -12.9594910379999, -12.959453558, -12.9604287829999, -12.961458839, -12.9616700139999, -12.9624451829999, -12.9634278099999, -12.964375799, -12.965564914, -12.9666958559999, -12.9675286609999, -12.968180412, -12.9692485989999, -12.970159639, -12.972011978, -12.9729775529999, 
-12.973903377, -12.9747134589999, -12.975593444, -12.9764289719999, -12.9774261229999, -12.97821, -12.978742407, -12.9795042579999, -12.9828579609999, -12.9846183899999, -12.986869807, -12.9878435109999, -12.9898339769999, -12.990968126, -12.9930798999999, -12.9968234899999, -12.9978710289999, -12.999727346, -13.001451941, -13.0031875409999, -13.004329819, -13.0050126039999, -13.005885005, -13.0096585589999, -13.010588512, -13.011852265, -13.0138705529999, -13.015129366, -13.0174763659999, -13.01845271, 
-13.0200709919999, -13.0212359589999, -13.0239783659999, -13.030001232, -13.0331595849999, -13.0358290689999, -13.036779048, -13.038097977, -13.0387074849999, -13.039101011, -13.03905228, -13.0384690949999, -13.039475711, -13.039407194, -13.0384033839999, -13.0379087469999, -13.036617855, -13.0351498229999, -13.03427678, -13.0336301039999, -13.0322270659999, -13.0318328939999, -13.030525847, -13.0297146299999, -13.029288343, -13.0286952449999, -13.0281173619999, -13.027958345, -13.0298214399999, 
-13.0300528989999, -13.030098754, -13.029880711, -13.029110486, -13.028518988, -13.0271409889999, -13.0264407179999, -13.025656782, -13.0249459059999, -13.0247230379999, -13.0255339969999, -13.0256316149999, -13.024835451, -13.0237268079999, -13.023181569, -13.0236392449999, -13.0239121279999, -13.023875776, -13.0241543459999, -13.024834986, -13.027215193, -13.030589176, -13.031735749, -13.033628132, -13.0348629559999, -13.0354355309999, -13.036616231, -13.0371217169999, -13.0388487279999, -13.040247061, 
-13.043029648, -13.0432068609999, -13.0430717509999, -13.042807754, -13.042485128, -13.042441412, -13.0429410089999, -13.043668086, -13.044484439, -13.04587528, -13.0468414289999, -13.0477488249999, -13.048932925, -13.050021903, -13.051472646, -13.0527460649999, -13.0532785559999, -13.0541647489999, -13.054967335, -13.055238344, -13.0556498189999, -13.057054455, -13.057233217, -13.057831715, -13.058416275, -13.05959562, -13.0617672739999, -13.062591513, -13.062926802, -13.06621841, -13.067347398, 
-13.068387616, -13.0704649919999, -13.0709547069999, -13.0720549329999, -13.0737917499999, -13.0767716579999, -13.078784346, -13.080840961, -13.08161708, -13.0839232589999, -13.084882668, -13.085730307, -13.086777245, -13.087641193, -13.088462277, -13.0891394199999, -13.089681585, -13.091358714, -13.091904956, -13.0930259319999, -13.0931184969999, -13.093885616, -13.0945279929999, -13.098828467, -13.1001474919999, -13.1014110049999, -13.1038754319999, -13.108482592, -13.111481746, -13.112517109, 
-13.1137900609999, -13.1160036119999, -13.120540072, -13.121816452, -13.1245824119999, -13.131082921, -13.1349455989999, -13.142210183, -13.145328741, -13.147072145, -13.1511200639999, -13.1517771279999, -13.15370978, -13.155956578, -13.1593965179999, -13.161624447, -13.1633900349999, -13.1638398399999, -13.163704937, -13.164843756, -13.1654370409999, -13.165570504, -13.1660251069999, -13.167387964, -13.1685607789999, -13.1697013049999, -13.170877673, -13.1735159479999, -13.17423775, -13.175461436, 
-13.1797256439999, -13.1807710489999, -13.1823155659999, -13.182899267, -13.182989338, -13.1842656, -13.1856212169999, -13.18752888, -13.188073236, -13.189055797, -13.1897053, -13.1904019159999, -13.192077481, -13.192657202, -13.193069156, -13.1937536369999, -13.1940766629999, -13.1940317219999, -13.1943419169999, -13.1975725729999, -13.1984549639999, -13.199713786, -13.2010631979999, -13.2012378399999, -13.2010106029999, -13.201330277, -13.2034126939999, -13.2052320579999, -13.207586596, -13.208810073, 
-13.208641628, -13.208338103, -13.207410477, -13.2072349979999, -13.207406394, -13.2082356099999, -13.209127236, -13.209540412, -13.20873663, -13.2090027359999, -13.208587136, -13.2071497279999, -13.2064682239999, -13.2072438389999, -13.2073293939999, -13.206832937, -13.20687414, -13.208651224, -13.2082346299999, -13.2075957189999, -13.2065299299999, -13.2062493349999, -13.207102619, -13.2081025609999, -13.208786642, -13.208778955, -13.209329069, -13.210054237, -13.21059306, -13.2098895, -13.208273501, 
-13.2086512, -13.208605225, -13.2092005839999, -13.209107405, -13.207569818, -13.207436511, -13.206798439, -13.206061366, -13.2041938899999, -13.2028983989999, -13.202273109, -13.2014707639999, -13.2009614199999, -13.2011304279999, -13.20248793, -13.2027734389999, -13.202359812, -13.202403963, -13.2028217349999, -13.205447084, -13.2057198599999, -13.2054401899999, -13.205029646, -13.202993158, -13.2024953819999, -13.2027749619999, -13.203090806, -13.2038114919999, -13.2042141869999, -13.203546323, 
-13.2012602959999, -13.2003973449999, -13.199823121, -13.199420691, -13.1990144449999, -13.198828539, -13.199510738, -13.1992170259999, -13.197512156, -13.197063355, -13.1969741379999, -13.1973797379999, -13.1980609989999, -13.198519559, -13.198334446, -13.198700386, -13.199467211, -13.199921001, -13.199827691, -13.1994246179999, -13.2002371739999, -13.200108014, -13.199405009, -13.199023753, -13.1989696679999, -13.1993813569999, -13.199550558, -13.1980206089999, -13.197475488, -13.197521822, -13.1984649839999, 
-13.198882189, -13.198569699, -13.1986132259999, -13.1984208259999, -13.1989287529999, -13.19878692, -13.199335913, -13.1995156879999, -13.1993985629999, -13.1990188569999, -13.1983908079999, -13.198163751, -13.1984280909999, -13.198799499, -13.199294176, -13.200509364, -13.2019235659999, -13.202273106, -13.2019257759999, -13.20128749, -13.201421676, -13.2019226589999, -13.2050514229999, -13.205509788, -13.2051832879999, -13.2013372129999, -13.2008328479999, -13.2006545049999, -13.2009773799999, 
-13.2017260659999, -13.20251131, -13.2039640639999, -13.2056400259999, -13.2064126659999, -13.2068240109999, -13.2062815529999, -13.204735514, -13.204193199, -13.2027840339999, -13.2023348289999, -13.202335175, -13.20305887, -13.2040920539999, -13.20573904, -13.206455407, -13.206549422, -13.2062872369999, -13.205457996, -13.2054689829999, -13.206465028, -13.207959049, -13.208500259, -13.2096311019999, -13.2109073609999, -13.211678442, -13.21384305, -13.215102008, -13.215421586, -13.2155199839999, 
-13.214927404, -13.2149907979999, -13.21526492, -13.217024198, -13.2172021809999, -13.216884612, -13.215892223, -13.214535253, -13.2143876979999, -13.2150721259999, -13.2155251999999, -13.2164400249999, -13.217485806, -13.2196561819999, -13.2208325849999, -13.221467439, -13.2220982739999, -13.2219638709999, -13.2213804269999, -13.2209162749999, -13.2198071869999, -13.2182400569999, -13.2176118949999, -13.217932416, -13.220869459, -13.2220138289999, -13.2226024069999, -13.221867679, -13.222100545, 
-13.222806015, -13.223781947, -13.2243199849999, -13.225148582, -13.226040088, -13.2272173599999, -13.2276722459999, -13.2308949039999, -13.2325931179999, -13.2337484829999, -13.2341143769999, -13.234244553, -13.2342054399999, -13.2347034159999, -13.235111976, -13.235556328, -13.2365568889999, -13.236787465, -13.236875878, -13.238687768, -13.239039934, -13.2376933909999, -13.2376489709999, -13.2379689049999, -13.2386963399999, -13.239597224, -13.2414983699999, -13.2425966969999, -13.2427718569999, 
-13.2426363559999, -13.241498883, -13.241231792, -13.2427749309999, -13.244129959, -13.2444891159999, -13.2449464949999, -13.2451522969999, -13.244498302, -13.2442145999999, -13.244348935, -13.2449862589999, -13.245491249, -13.246209336, -13.246620976, -13.246395952, -13.24711659, -13.247598485, -13.248071109, -13.248298182, -13.2480743569999, -13.24843462, -13.2489329119999, -13.2493701349999, -13.2489996639999, -13.248115759, -13.2475743719999, -13.24634577, -13.246259915, -13.246847879, -13.2470730829999, 
-13.2478405819999, -13.2488426319999, -13.2493893589999, -13.2497275629999, -13.249020691, -13.249566195, -13.249544729, -13.248927667, -13.2489290559999, -13.2510056049999, -13.251242581, -13.25147255, -13.252057577, -13.2532845609999, -13.254875747, -13.2560483719999, -13.2562766039999, -13.2561844219999, -13.2557305579999, -13.2558267439999, -13.256555102, -13.2576316309999, -13.2600887939999, -13.2611233529999, -13.262670803, -13.2640676609999, -13.2648752359999, -13.2659262539999, -13.266061863, 
-13.266424914, -13.2667924759999, -13.2674279429999, -13.268273612, -13.2688304829999, -13.2687855569999, -13.2683338039999, -13.26864768, -13.269881165, -13.2703776479999, -13.270832683, -13.2720974649999, -13.274758833, -13.2755260289999, -13.275676648, -13.275950403, -13.2759017189999, -13.2753765869999, -13.27427046, -13.273683521, -13.2736624109999, -13.2733637339999, -13.273362587, -13.2737224959999, -13.274052486, -13.275486965, -13.2771706729999, -13.278305582, -13.279036759, -13.2809807809999, 
-13.282482224, -13.283562146, -13.284882113, -13.2856572129999, -13.286820052, -13.2872369259999, -13.287599577, -13.2914507099999, -13.293177504, -13.293307939, -13.292905586, -13.2926282009999, -13.2928609529999, -13.2931753089999, -13.293843942, -13.294716448, -13.2954875839999, -13.2955512939999, -13.2952364669999, -13.294752205, -13.2928932759999, -13.292440734, -13.292045995, -13.2917234169999, -13.291584327, -13.2918069789999, -13.291854533, -13.292083555, -13.292351792, -13.292353768, -13.2929877429999, 
-13.2931714779999, -13.292982788, -13.2926785109999, -13.289269162, -13.2886877279999, -13.288682757, -13.289274122, -13.2928503889999, -13.2947581239999, -13.295113566, -13.29678933, -13.2972527139999, -13.298154293, -13.298518811, -13.299331322, -13.3005096629999, -13.301097393, -13.3011187669999, -13.3005588069999, -13.299874229, -13.298783165, -13.2975637979999, -13.2961134759999, -13.2959366899999, -13.2957025589999, -13.295747274, -13.296106993, -13.2954322069999, -13.2951137229999, -13.295521729, 
-13.2952534729999, -13.295196383, -13.2953646009999, -13.295432288, -13.2956024859999, -13.29601581, -13.2964738439999, -13.297470201, -13.298743046, -13.2992300859999, -13.299137139, -13.298065772, -13.2978205269999, -13.2982322249999, -13.2985985779999, -13.2991428289999, -13.298918224, -13.2987400119999, -13.298612093, -13.2972392739999, -13.2973933479999, -13.2967771879999, -13.295010885, -13.2924294969999, -13.2932420219999, -13.293464768, -13.2935562879999, -13.2933785919999, -13.292330503, 
-13.290789988, -13.2894541439999, -13.288619105, -13.2879810359999, -13.2877490029999, -13.2871222469999, -13.284532945, -13.2826310019999, -13.281682023, -13.2809443539999, -13.28031396, -13.2761911769999, -13.2752606809999, -13.2675471179999, -13.265626956, -13.262549279, -13.261731256, -13.2623665369999, -13.262360486, -13.261139043, -13.260679654, -13.261538178, -13.262492789, -13.264260459, -13.2644583929999, -13.2641311859999, -13.265393131, -13.2656534309999, -13.2664687999999, -13.266520078, 
-13.2664069899999, -13.2660685819999, -13.2661501599999, -13.2656964639999, -13.2647976269999, -13.2645226929999, -13.2644347189999, -13.2647959399999, -13.264610394, -13.2647281659999, -13.2643885329999, -13.2637020599999, -13.26299119, -13.26120463, -13.260794153, -13.261214319, -13.2647795439999, -13.2651926139999, -13.266962544, -13.2675875209999, -13.26805392, -13.2686740039999, -13.26926387, -13.2696768439999, -13.2701265209999, -13.2703080379999, -13.2707560979999, -13.270981487, -13.2717118349999, 
-13.2719350199999, -13.272891294, -13.273965888, -13.274787724, -13.275511617, -13.2764661869999, -13.2762405579999, -13.2769081019999, -13.2779559739999, -13.2779066709999, -13.2791724149999, -13.280120615, -13.281206326, -13.2829356249999, -13.283876677, -13.284885018, -13.2860147679999, -13.286050307, -13.286465797, -13.288424136, -13.289633759, -13.293490428, -13.294394487, -13.2946001679999, -13.2942158429999, -13.294208587, -13.2943969049999, -13.296320543, -13.297152753, -13.297848886, -13.297649008, 
-13.2978771269999, -13.2978292439999, -13.2972436339999, -13.297243381, -13.296423541, -13.295792194, -13.29642462, -13.2970037219999, -13.298501535, -13.2976897319999, -13.2976465149999, -13.297898144, -13.299084328, -13.300037456, -13.300085796, -13.3003990529999, -13.3005149819999, -13.300130034, -13.299087441, -13.2970185119999, -13.294702785, -13.293935138, -13.2930130199999, -13.292598459, -13.293913474, -13.29440832, -13.2946321209999, -13.2951246869999, -13.2952270309999, -13.295899869, -13.2962308969999, 
-13.2968421489999, -13.297301691, -13.2981071729999, -13.2983860439999, -13.298317185, -13.297806857, -13.297174761, -13.295163064, -13.2937887989999, -13.2934783829999, -13.2945601449999, -13.2954685469999, -13.2959227159999, -13.296796726, -13.297139602, -13.2974137889999, -13.296931037, -13.296953509, -13.2971312859999, -13.2979295979999, -13.2999546549999, -13.300635348, -13.300795316, -13.3011715339999, -13.3011513279999, -13.301431909, -13.303013034, -13.302657903, -13.300534471, -13.300020795, 
-13.3001268209999, -13.299743444, -13.3008680719999, -13.300877365, -13.3000122659999, -13.2972150329999, -13.296024061, -13.295546312, -13.29560621, -13.295977938, -13.296057337, -13.2958539039999, -13.2937848, -13.2934253249999, -13.2929599769999, -13.292332346, -13.2922459209999, -13.289570924, -13.2892056589999, -13.2891074909999, -13.289245129, -13.29070953, -13.2898046569999, -13.2894884869999, -13.2887399519999, -13.2867886829999, -13.2847873389999, -13.283330178, -13.2829283909999, -13.283153475, 
-13.283785618, -13.283606383, -13.2829025989999, -13.2813349059999, -13.281235282, -13.280970306, -13.2811918239999, -13.2807774189999, -13.280819427, -13.2805470619999, -13.2805020669999, -13.2806772109999, -13.281213846, -13.281900562, -13.283304556, -13.283533174, -13.2843324659999, -13.285170444, -13.2857529159999, -13.2874948679999, -13.2882695389999, -13.2882139609999, -13.288603216, -13.2878556539999, -13.2866306179999, -13.2861239989999, -13.2836142189999, -13.2853653039999, -13.284900878, 
-13.2838066189999, -13.280628498, -13.2793732589999, -13.2770116649999, -13.275959347, -13.2739379569999, -13.2727532259999, -13.272104159, -13.2711750879999, -13.2700815789999, -13.268502605, -13.265540356, -13.2622405079999, -13.2588603989999, -13.2573451059999, -13.2564539239999, -13.256403882, -13.256991199, -13.256692586, -13.256471663, -13.2571764699999, -13.2577841189999, -13.2586096329999, -13.258635611, -13.259129657, -13.2600544039999, -13.2608219449999, -13.261959341, -13.262077979, -13.26251824, 
-13.2631211929999, -13.2636597379999, -13.263664831, -13.262405804, -13.261042572, -13.2580256229999, -13.252539357, -13.251222275, -13.245461189, -13.243837101, -13.2427360609999, -13.241015984, -13.2404080379999, -13.2390201849999, -13.2378103669999, -13.236394807, -13.2349709429999, -13.2341685499999, -13.233749072, -13.233548554, -13.2333136959999, -13.232549666, -13.2324098149999, -13.2339475269999, -13.234492092, -13.2352456029999, -13.2353252239999, -13.2341026539999, -13.2335666179999, -13.2315478309999, 
-13.23038976, -13.228861356, -13.228372749, -13.233161524, -13.235039033, -13.237100636, -13.239827125, -13.244529638, -13.250925052, -13.2591891839999, -13.2666175149999, -13.288687974, -13.2945096569999, -13.2969498349999, -13.303424676, -13.3077410919999, -13.316364648, -13.32096118, -13.3328470429999, -13.3387696039999, -13.3409442229999, -13.342918771, -13.3436976119999, -13.3448816419999, -13.349422048, -13.3544707679999, -13.359148335, -13.3624164679999, -13.3637056039999, -13.363522066, -13.361814033, 
-13.3617832339999, -13.36174349, -13.3609131879999, -13.3167076509999, -13.2452319649999, -13.2452317839999, -13.245144796, -13.2480335489999, -13.2799031389999, -13.315595004, -13.3263741289999, -13.325760997, -13.329048755, -13.3293103829999, -13.331961543, -13.3314732779999, -13.330224037, -13.329450793, -13.3297522709999, -13.330518662, -13.32980355, -13.3288947, -13.3278339, -13.3259791859999, -13.3269821079999, -13.3268753899999, -13.3264448149999, -13.3265082259999, -13.3261927359999, -13.32537973, 
-13.3259717649999, -13.3266395469999, -13.326600127, -13.3277171509999, -13.330008248, -13.33003313, -13.3304459269999, -13.329138807, -13.326068716, -13.324149378, -13.3231067369999, -13.3221522119999, -13.3210316199999, -13.320643517, -13.320642336, -13.321114124, -13.3227812929999, -13.3243261139999, -13.3253106929999, -13.3255295769999, -13.3251600239999, -13.3249226799999, -13.3247381519999, -13.343601316, -13.351728479, -13.3905754579999, -13.392137657, -13.3931092679999, -13.3931288329999, 
-13.3969420119999, -13.403360568, -13.4132307629999, -13.4166098169999, -13.4228840489999, -13.4271362809999, -13.428989125, -13.437198209, -13.441062397, -13.4466758779999, -13.4507597089999, -13.4513841469999, -13.4555387129999, -13.4600370069999, -13.4671961909999, -13.471506486, -13.473931314, -13.474787163, -13.48315808, -13.4920174379999, -13.5048395869999, -13.5160658579999, -13.521315717, -13.5237000249999, -13.5295593479999, -13.53356501, -13.5349457679999, -13.5371733699999, -13.541672724, 
-13.5466586799999, -13.5567060409999, -13.5575744889999, -13.5554551569999, -13.553807094, -13.551940638, -13.5494592469999, -13.54832604, -13.5466843329999, -13.543373088, -13.5408563829999, -13.5407094749999, -13.541863755, -13.5452469099999, -13.5488869879999, -13.551884053, -13.5488979639999, -13.5406405259999, -13.5368944639999, -13.5369675779999, -13.540177415, -13.538704525, -13.5421994619999, -13.548139456, -13.549301754, -13.551051925, -13.551741948, -13.5502805389999, -13.5474658369999, 
-13.538872185, -13.531005932, -13.528182859, -13.5233373849999, -13.525213579, -13.528851382, -13.5309895639999, -13.530332875, -13.5291550409999, -13.527604298, -13.5244690239999, -13.522862684, -13.5220743289999, -13.5202115, -13.5184182139999, -13.516137424, -13.5128522259999, -13.510564172, -13.5078865759999, -13.506404305, -13.50396139, -13.5029657209999, -13.5021959849999, -13.5012928749999, -13.499953363, -13.4998539559999, -13.501322877, -13.5027489339999, -13.5045727609999, -13.505171227, 
-13.5047745419999, -13.503744742, -13.5017685899999, -13.5003241859999, -13.4968865879999, -13.495837605, -13.494905855, -13.494940915, -13.492475565, -13.4894565869999, -13.4875361589999, -13.488340433, -13.4905300059999, -13.489905939, -13.4850563399999, -13.4846782409999, -13.4887979919999, -13.492563347, -13.4953860119999, -13.495259877, -13.496970404, -13.4970726279999, -13.501024549, -13.505856324, -13.5077103149999, -13.5092553159999, -13.5098668579999, -13.5114435479999, -13.5118507729999, 
-13.5078250499999, -13.50207292, -13.500747716, -13.5000112289999, -13.499531458, -13.497938052, -13.495161101, -13.4920937569999, -13.4921389589999, -13.492215677, -13.495833373, -13.499888849, -13.503658861, -13.5060939389999, -13.5157538989999, -13.520377905, -13.5249736069999, -13.528470257, -13.531663446, -13.52829633, -13.5215483989999, -13.5199014939999, -13.5233731009999, -13.527323434, -13.5289842339999, -13.524755001, -13.5176729769999, -13.513580841, -13.512357203, -13.513434084, -13.51905072, 
-13.5231928059999, -13.5286008589999, -13.5319629329999, -13.527306699, -13.519664177, -13.517117548, -13.515056545, -13.5106086909999, -13.514748648, -13.5143016809999, -13.508767224, -13.507896529, -13.516871124, -13.5218829, -13.527658675, -13.5305148189999, -13.532223193, -13.5357383569999, -13.5364486189999, -13.533332248, -13.526991247, -13.5254341519999, -13.5268723209999, -13.5285964889999, -13.5301549619999, -13.5294206689999, -13.5250232769999, -13.521072192, -13.520252194, -13.5192447759999, 
-13.5169658629999, -13.516000093, -13.5128117349999, -13.5099902689999, -13.506229747, -13.5043700339999, -13.5023783789999, -13.501116625, -13.499024882, -13.4962740939999, -13.496345077, -13.4974525119999, -13.4994769539999, -13.5012881709999, -13.5042999609999, -13.5060563719999, -13.505629468, -13.5021136479999, -13.4982218809999, -13.4937402269999, -13.4910933089999, -13.488045149, -13.482857586, -13.480089082, -13.4778254179999, -13.478938139, -13.4820157739999, -13.4863132179999, -13.49011177, 
-13.494165336, -13.498210743, -13.5018069249999, -13.5030979449999, -13.5040464379999, -13.5044738009999, -13.5035766419999, -13.505569685, -13.5081161279999, -13.5116135219999, -13.5158007369999, -13.5183763799999, -13.5202460629999, -13.5211573569999, -13.5215536659999, -13.5208946799999, -13.5211468109999, -13.520992585, -13.5211055689999, -13.5204986439999, -13.519433357, -13.519769052, -13.521563818, -13.5241952929999, -13.528340778, -13.5322011149999, -13.534522319, -13.5378712969999, -13.5396992339999, 
-13.5376811739999, -13.5378881689999, -13.539598315, -13.542340673, -13.5454079349999, -13.5464299579999, -13.5475075639999, -13.549676865, -13.5515202029999, -13.554109834, -13.555250239, -13.554309529, -13.553493633, -13.553769357, -13.547416736, -13.546441215, -13.547925527, -13.548623838, -13.5482323649999, -13.5479382369999, -13.5435477219999, -13.5425752179999, -13.5354731659999, -13.534452662, -13.534507812, -13.533020589, -13.5303592589999, -13.5278898469999, -13.5253717049999, -13.52433971, 
-13.522923911, -13.5196642619999, -13.5182122099999, -13.519931238, -13.5214238739999, -13.5211919429999, -13.518572488, -13.513972426, -13.5099014739999, -13.505446171, -13.500099917, -13.494620022, -13.494095428, -13.488622611, -13.4906208799999, -13.4935914089999, -13.4962449919999, -13.5006256569999, -13.5030717179999, -13.5017152399999, -13.504557468, -13.5094020239999, -13.5116917449999, -13.5114000889999, -13.505651212, -13.4991837639999, -13.4967151319999, -13.499852131, -13.504974185, -13.509238317, 
-13.5146181319999, -13.5154982279999, -13.5094839369999, -13.5068151959999, -13.5108075689999, -13.5165202049999, -13.5187113209999, -13.514708996, -13.51063658, -13.5098224779999, -13.5050571039999, -13.5053069409999, -13.5067132269999, -13.5091736739999, -13.505462504, -13.499923105, -13.500442381, -13.503060928, -13.5080797439999, -13.510993558, -13.511834078, -13.515116733, -13.5169686589999, -13.518029057, -13.519681911, -13.5223135169999, -13.5187421799999, -13.5186230759999, -13.524038649, 
-13.5265441569999, -13.5274432809999, -13.5259589739999, -13.520894838, -13.520415057, -13.5241988209999, -13.5291104909999, -13.531569904, -13.5370496809999, -13.540574717, -13.5392076349999, -13.533237028, -13.525028353, -13.519311807, -13.5177576049999, -13.522180037, -13.527916895, -13.5329872379999, -13.53692182, -13.5370930689999, -13.5378655499999, -13.5344210339999, -13.5311010629999, -13.529554551, -13.527436575, -13.5306641179999, -13.5359003879999, -13.540231476, -13.539352234, -13.5338179229999, 
-13.5371472329999, -13.539292378, -13.5434660709999, -13.5489138669999, -13.5413655149999, -13.534708055, -13.5269666959999, -13.527490162, -13.5317404429999, -13.536111392, -13.5384903349999, -13.5354003619999, -13.531712244, -13.5295972429999, -13.5282220809999, -13.5251850989999, -13.513368041, -13.5073456969999, -13.5019482679999, -13.497299315, -13.4923998229999, -13.4879269499999, -13.4796000309999, -13.4724991029999, -13.4639157889999, -13.45682695, -13.451108301, -13.4407744729999, -13.435502912, 
-13.4309276639999, -13.4268349989999, -13.4283405629999, -13.4312685749999, -13.434140043, -13.4337318959999, -13.4318873079999, -13.429502509, -13.425573568, -13.417415569, -13.4101702159999, -13.407854646, -13.412185282, -13.415386688, -13.4106333839999, -13.408253205, -13.4087541509999, -13.4079191099999, -13.4061749409999, -13.402458343, -13.391145356, -13.386825059, -13.389577519, -13.3880786369999, -13.381848551, -13.374248727, -13.3683325639999, -13.3654943159999, -13.366655367, -13.365368776, 
-13.3632325749999, -13.3650398179999, -13.367889771, -13.37080381, -13.374387466, -13.3709697109999, -13.3686756229999, -13.3654124969999, -13.362651068, -13.3583951429999, -13.352350534, -13.3478616459999, -13.3410012789999, -13.3340913479999, -13.3304605079999, -13.3272840839999, -13.3275773419999, -13.3319926029999, -13.333635414, -13.3301535109999, -13.3269970189999, -13.3247286739999, -13.319148072, -13.3162505559999, -13.3142664129999, -13.3117752529999, -13.304915209, -13.3001039349999, -13.2949206069999, 
-13.2882003039999, -13.289345216, -13.2937337959999, -13.295858938, -13.2961375019999, -13.2935519179999, -13.2921838019999, -13.292046034, -13.2903075449999, -13.2852686539999, -13.28208331, -13.2816574469999, -13.2822778279999, -13.2817166529999, -13.278536326, -13.2758127879999, -13.2727136969999, -13.270084075, -13.2679990669999, -13.2650574489999, -13.260999203, -13.258465214, -13.2565474919999, -13.2542263519999, -13.2501345369999, -13.2458576339999, -13.2404584519999, -13.2345253399999, -13.2342166, 
-13.2290794849999, -13.2244146209999, -13.219039364, -13.211689318, -13.208241357, -13.2038838639999, -13.195108983, -13.188277688, -13.1847801339999, -13.177149151, -13.172518355, -13.1685186659999, -13.163680632, -13.164617335, -13.165758413, -13.1672560829999, -13.170466394, -13.1742314529999, -13.1788177159999, -13.181544742, -13.181983817, -13.1814423129999, -13.18003564, -13.178813947, -13.1781300449999, -13.175686739, -13.174139947, -13.1726922309999, -13.171739868, -13.170688767, -13.166201699, 
-13.1635797639999, -13.1602188489999, -13.1593098749999, -13.158133031, -13.15645167, -13.1566569139999, -13.1562309, -13.155250491, -13.153987103, -13.1535303939999, -13.1541146939999, -13.1549299929999, -13.156000882, -13.155886159, -13.1554763019999, -13.1531137609999, -13.151980899, -13.1513939709999, -13.1512318019999, -13.1503458039999, -13.1489839929999, -13.1475866549999, -13.144540549, -13.1415957139999, -13.14028167, -13.1390742809999, -13.138691621, -13.1374640389999, -13.136905236, -13.1367383089999, 
-13.1369076509999, -13.137399765, -13.137597401, -13.1376000769999, -13.13823101, -13.139685653, -13.1408159499999, -13.140679395, -13.1396792219999, -13.138192096, -13.136680764, -13.1356068779999, -13.134168627, -13.132967666, -13.1314750569999, -13.1300480959999, -13.1291176719999, -13.1277567239999, -13.126618519, -13.12363601, -13.120998648, -13.118591356, -13.114027434, -13.1126574909999, -13.109485655, -13.1046028989999, -13.0998393879999, -13.092859699, -13.0909992649999, -13.089414449, -13.0864287709999, 
-13.083022269, -13.081396843, -13.0788546039999, -13.0774505559999, -13.0699158939999, -13.063936052, -13.0626192719999, -13.0616471139999, -13.058935917, -13.0563454389999, -13.0551394039999, -13.053909084, -13.050712312, -13.049266121, -13.0479482279999, -13.0449901419999, -13.043676879, -13.0422774669999, -13.04054885, -13.037825647, -13.0368364499999, -13.035564689, -13.0340034959999, -13.032411056, -13.03107578, -13.028349991, -13.0273159699999, -13.0242886289999, -13.0217333489999, -13.016252548, 
-13.0145193019999, -13.0115803459999, -13.0103316309999, -13.0078552379999, -13.004303562, -13.0018459519999, -13.0004642549999, -12.998243298, -12.996531925, -12.994534329, -12.9918739169999, -12.9914420759999, -12.990427089, -12.988942389, -12.986853412, -12.9855885569999, -12.9850946929999, -12.9859384019999, -12.985667262, -12.984586963, -12.9833823019999, -12.9828846989999, -12.9819217729999, -12.980613626, -12.979406892, -12.9769753549999, -12.973426742, -12.9727939279999, -12.972442693, -12.971394633, 
-12.970465528, -12.969281606, -12.9612320849999, -12.9549672859999, -12.9519625939999, -12.9483389219999, -12.9452814619999, -12.943882069, -12.942421121, -12.9409750949999, -12.9391689569999, -12.937679806, -12.9360742809999, -12.935627301, -12.934684869, -12.9334103109999, -12.9320738139999, -12.9320760939999, -12.931858828, -12.9307616959999, -12.929378912, -12.9278387149999, -12.926293519, -12.9233090139999, -12.9216590459999, -12.918863187, -12.9173161019999, -12.9143079429999, -12.9130263779999, 
-12.9122781369999, -12.911388162, -12.9088011589999, -12.907391174, -12.9058986699999, -12.9043048469999, -12.9000525079999, -12.898335586, -12.8953404429999, -12.893532105, -12.890361969, -12.888682133, -12.887281383, -12.885698897, -12.882940564, -12.8800178829999, -12.8769870959999, -12.874134862, -12.873063799, -12.87225703, -12.870195212, -12.8660897809999, -12.8622744249999, -12.8594127449999, -12.860371735, -12.8605572619999, -12.8596360109999, -12.860665022, -12.8604184449999, -12.85909234, 
-12.8578758169999, -12.8570395259999, -12.856702673, -12.8570502989999, -12.857801906, -12.8598656989999, -12.861102263, -12.861135342, -12.8622145299999, -12.8608286559999, -12.858976637, -12.8600978939999, -12.857716465, -12.85827254, -12.857725832, -12.856541678, -12.8557110109999, -12.855383602, -12.854613093, -12.8533169809999, -12.852400813, -12.851305849, -12.850656047, -12.849527779, -12.8494904899999, -12.848265871, -12.8474090249999, -12.846329494, -12.842584024, -12.8396772309999, -12.837242234, 
-12.835876115, -12.834937731, -12.833676371, -12.8323631879999, -12.8307785809999, -12.8294292269999, -12.8285564249999, -12.8273721109999, -12.827371986, -12.8273715529999, -12.827362383, -12.827302274, -12.8272939019999, -12.8270622999999, -12.8270621989999, -12.8270556059999, -12.826448618, -12.8270901209999, -12.8263286819999, -12.8250476059999, -12.8236900169999, -12.8221529169999, -12.8219130979999, -12.8222872969999, -12.8212965429999, -12.820015566, -12.8185682339999, -12.8193548269999, -12.8191551899999, 
-12.8180590769999, -12.8166560089999, -12.8164327099999, -12.817157106, -12.816866252, -12.8168840119999, -12.815651982, -12.8164147319999, -12.815496342, -12.8140157539999, -12.814217777, -12.812091356, -12.811529647, -12.81187759, -12.811567667, -12.811050946, -12.8105023299999, -12.809614845, -12.8090033869999, -12.8082583349999, -12.8071552969999, -12.8054888619999, -12.8041635309999, -12.803082787, -12.8012319969999, -12.800079319, -12.796931803, -12.795832859, -12.7930711079999, -12.792461957, 
-12.7917283379999, -12.78959085, -12.787542648, -12.784957505, -12.7841973379999, -12.7838366669999, -12.7834371709999, -12.7831145559999, -12.781782226, -12.780559487, -12.7802598429999, -12.780662702, -12.780787613, -12.779728969, -12.7782189549999, -12.777371457, -12.7765239579999, -12.7763687079999, -12.775711217, -12.775921726, -12.7750515809999, -12.771305518, -12.7671615719999, -12.7660526819999, -12.7652122409999, -12.764069671, -12.7633289779999, -12.762407623, -12.7605152689999, -12.7591912869999, 
-12.7573519929999, -12.7556349699999, -12.752781915, -12.7528062739999, -12.752568303, -12.7513785699999, -12.750316514, -12.749537857, -12.7481635769999, -12.7455181729999, -12.744283441, -12.7440916569999, -12.74363289, -12.743005861, -12.7410196229999, -12.7408684819999, -12.7382962409999, -12.737570348, -12.7365713659999, -12.734674152, -12.73366169, -12.7330718649999, -12.7319253069999, -12.7311569339999, -12.730691565, -12.7295465729999, -12.7294929599999, -12.7286534289999, -12.7277412289999, 
-12.7265924419999, -12.725827554, -12.724935747, -12.724256931, -12.7231049299999, -12.722132023, -12.7218037639999, -12.720989658, -12.720084586, -12.7176847119999, -12.7167469789999, -12.715477448, -12.714677507, -12.7125202569999, -12.709626263, -12.705764943, -12.7055440569999, -12.7053231709999, -12.7055287759999, -12.705851649, -12.7058968929999, -12.7054444219999, -12.7048636469999, -12.7046474599999, -12.7038953839999, -12.703333282, -12.701759729, -12.7006360099999, -12.7002163459999, -12.699203689, 
-12.6978958069999, -12.6963158849999, -12.694289388, -12.6939719499999, -12.6934552369999, -12.6923171009999, -12.691117561, -12.6882025689999, -12.685455185, -12.683584378, -12.6826230229999, -12.681459431, -12.680318442, -12.6778004729999, -12.675676864, -12.674452206, -12.67275062, -12.669798867, -12.668422508, -12.666810636, -12.66421273, -12.662961079, -12.661366729, -12.660000388, -12.6586194349999, -12.6571033169999, -12.654417349, -12.652967165, -12.6501669939999, -12.6485363649999, -12.6471711439999, 
-12.643158888, -12.6407816809999, -12.6392947969999, -12.6330798829999, -12.631664443, -12.6302017829999, -12.6292299369999, -12.627034839, -12.624066554, -12.6226994519999, -12.6169596679999, -12.613731229, -12.6125485059999, -12.611284628, -12.611038861, -12.611345958, -12.6112111839999, -12.610040884, -12.608643378, -12.6070108579999, -12.6046537099999, -12.601979343, -12.6007686419999, -12.5991662889999, -12.5964974709999, -12.594965231, -12.5935109919999, -12.590888461, -12.5903629219999, -12.589536714, 
-12.588241216, -12.586769235, -12.585169977, -12.5839412559999, -12.583429771, -12.582288744, -12.580836492, -12.577566858, -12.574915074, -12.5728270959999, -12.571429726, -12.569468548, -12.568200902, -12.5651064999999, -12.5637080509999, -12.5603975729999, -12.558761973, -12.555358407, -12.554034777, -12.5522596859999, -12.550709852, -12.5493782659999, -12.5463739599999, -12.543138828, -12.5413217679999, -12.537469976, -12.5334009799999, -12.5302559289999, -12.5257784909999, -12.5210284039999, 
-12.5193523959999, -12.517763377, -12.517181668, -12.516891748, -12.516760933, -12.51704014, -12.516927233, -12.5163633789999, -12.5154625159999, -12.5124738659999, -12.511771462, -12.5097814989999, -12.5087589069999, -12.507733394, -12.5069274909999, -12.504491302, -12.5029319289999, -12.501693859, -12.5009956949999, -12.4999332709999, -12.498855582, -12.4957390899999, -12.493455022, -12.492499234, -12.4888429919999, -12.4832591159999, -12.480546843, -12.478654761, -12.477333979, -12.476971298, 
-12.472293098, -12.468234878, -12.4674032929999, -12.464905624, -12.464928097, -12.4658232359999, -12.4659324719999, -12.4660902829999, -12.467899636, -12.46925218, -12.4674392909999, -12.465342677, -12.4648313419999, -12.4662407329999, -12.46640413, -12.465003934, -12.4634673589999, -12.4643209449999)))"
1101476,Primavera De Rondônia,11,RO,"list(list(c(-61.269328962, -61.269703668, -61.1998657609999, -61.1939058329999, -61.193333325, -61.193093884, -61.1930867259999, -61.1925016809999, -61.191046952, -61.1909478979999, -61.191233148, -61.1925910699999, -61.1933112799999, -61.194583439, -61.1962252489999, -61.197777559, -61.2037312069999, -61.20616494, -61.208229525, -61.209722948, -61.2128361489999, -61.2142778909999, -61.2162224539999, -61.218922978, -61.2197833639999, -61.2202565699999, -61.220254509, -61.219864323, -61.2201206909999, 
-61.221030251, -61.223475551, -61.225117852, -61.227002798, -61.2295292689999, -61.231947624, -61.2350370989999, -61.236499564, -61.2383952429999, -61.2389790249999, -61.239342298, -61.239914241, -61.24075597, -61.2409124989999, -61.2410026909999, -61.242395088, -61.242731148, -61.242642409, -61.24197643, -61.241696464, -61.242061141, -61.24181265, -61.24106512, -61.240501429, -61.2406688069999, -61.2412568829999, -61.243225825, -61.2443966389999, -61.2429751179999, -61.242532546, -61.2421444979999, 
-61.241803891, -61.2407852819999, -61.2386667329999, -61.236642417, -61.234617934, -61.2321155249999, -61.230253255, -61.228565152, -61.2260311609999, -61.227144794, -61.226806528, -61.2260064959999, -61.2242552379999, -61.224480472, -61.2244496859999, -61.2244247199999, -61.223306949, -61.224398714, -61.224196804, -61.223920165, -61.222950807, -61.222869088, -61.22202861, -61.2211995079999, -61.2183901739999, -61.2188880689999, -61.219701261, -61.2201164229999, -61.220395132, -61.2197254719999, 
-61.218007589, -61.216639162, -61.2145837899999, -61.2134787959999, -61.2123670159999, -61.209425166, -61.209530212, -61.209807241, -61.2095826189999, -61.208641082, -61.207922514, -61.2081149309999, -61.2094191409999, -61.208808842, -61.2075871919999, -61.2083063429999, -61.209779443, -61.210644526, -61.210531862, -61.208727423, -61.206419524, -61.2029777249999, -61.2012256069999, -61.1997034659999, -61.1983676689999, -61.197197334, -61.1949815719999, -61.19170187, -61.1901678529999, -61.189948863, 
-61.3203133639999, -61.331392704, -61.332669455, -61.3329104879999, -61.334114304, -61.335398173, -61.335837324, -61.336091938, -61.3374788299999, -61.338337525, -61.3398126629999, -61.3405349269999, -61.34177725, -61.342499999, -61.3437035389999, -61.3466427289999, -61.3496702949999, -61.349813289, -61.3485858909999, -61.349779114, -61.350558298, -61.350669865, -61.3509795309999, -61.351614674, -61.3535611719999, -61.3549162129999, -61.356032916, -61.3577013, -61.3590627509999, -61.360674842, -61.361782322, 
-61.362507421, -61.363668233, -61.363804809, -61.364817321, -61.3660327319999, -61.3678972399999, -61.373982551, -61.375139334, -61.3760585869999, -61.37711332, -61.37847147, -61.379675752, -61.381033819, -61.382450508, -61.382586835, -61.383316222, -61.38561964, -61.386113767, -61.3871743919999, -61.3901469739999, -61.393747863, -61.396711528, -61.398195065, -61.399091499, -61.39928035, -61.4006769339999, -61.40117166, -61.4014461499999, -61.4028691979999, -61.406045009, -61.4068671269999, -61.4079513659999, 
-61.408614184, -61.410504594, -61.411225701, -61.41211634, -61.412116615, -61.4132570989999, -61.4135340929999, -61.4135851309999, -61.4143555919999, -61.4163700189999, -61.4171473469999, -61.416895368, -61.417476719, -61.417400207, -61.4173982469999, -61.4162886539999, -61.4156174299999, -61.415057775, -61.414760786, -61.4128653649999, -61.4108367409999, -61.41005785, -61.4097225209999, -61.4096974979999, -61.4092307269999, -61.4090267989999, -61.407591856, -61.4073662669999, -61.4065320969999, 
-61.4045028359999, -61.4029539899999, -61.3999648219999, -61.3983888349999, -61.3971135989999, -61.3953079919999, -61.39358688, -61.391483611, -61.3892859699999, -61.3864725759999, -61.383474645, -61.3820037389999, -61.3801472179999, -61.3792854759999, -61.3784742729999, -61.37853687, -61.3795305599999, -61.3806973699999, -61.380694372, -61.3790635119999, -61.378099868, -61.378045339, -61.377727839, -61.37708266, -61.3746975509999, -61.372311197, -61.371204001, -61.369980351, -61.3690609279999, -61.368368104, 
-61.3650577139999, -61.364229948, -61.3636740109999, -61.391367706, -61.3914274409999, -61.3914873539999, -61.39154702, -61.3916700039999, -61.39173299, -61.3918611139999, -61.414836529, -61.4155434569999, -61.416567028, -61.416838682, -61.417277961, -61.4180338359999, -61.418753731, -61.419700737, -61.421252527, -61.4219758579999, -61.423721677, -61.424477929, -61.4248277129999, -61.264419612, -61.266268746, -61.266645546, -61.2671830509999, -61.2672597929999, -61.2679524559999, -61.2682638369999, 
-61.269328962, -11.7428260869999, -11.747190196, -11.7466182919999, -11.746674927, -11.746680265, -11.7477039779999, -11.7487667559999, -11.7514585279999, -11.7544439879999, -11.7578586459999, -11.761122787, -11.765608451, -11.767004825, -11.7714701569999, -11.773888061, -11.774988023, -11.7776127, -11.778862772, -11.780525034, -11.7820705949999, -11.786511816, -11.7893024569999, -11.7939021939999, -11.799496028, -11.8028594159999, -11.8058439699999, -11.8089401169999, -11.8115183719999, -11.8145272349999, 
-11.8181478029999, -11.82350735, -11.826607699, -11.8288125519999, -11.8310101239999, -11.8325184929999, -11.835104655, -11.837329941, -11.8413201569999, -11.843953547, -11.8472727409999, -11.8502196049999, -11.853160513, -11.854667734, -11.855542188, -11.8605860159999, -11.86256069, -11.863368792, -11.8649130549999, -11.8671995179999, -11.8698016329999, -11.871854877, -11.8738203029999, -11.8761050159999, -11.8786053609999, -11.8806624649999, -11.88326952, -11.8858313519999, -11.889037084, -11.8910055399999, 
-11.894057547, -11.899548335, -11.90195325, -11.9031199789999, -11.9047231259999, -11.905906296, -11.9063828089999, -11.906484052, -11.9068850729999, -11.9079016919999, -11.9111767289999, -11.912200309, -11.91219195, -11.9129822599999, -11.914547006, -11.9160491649999, -11.9172864389999, -11.919765732, -11.924251943, -11.927398041, -11.9290464629999, -11.9313048279999, -11.9330999519999, -11.9363018219999, -11.938654449, -11.9445521219999, -11.9463163369999, -11.94788405, -11.9503683049999, -11.954623961, 
-11.9564107669999, -11.957359199, -11.958462943, -11.960533692, -11.9621494359999, -11.964234718, -11.968231561, -11.9708296749999, -11.972333007, -11.9762417219999, -11.9804756659999, -11.9814632489999, -11.9828233549999, -11.985265214, -11.9867992759999, -11.9885544679999, -11.9899980449999, -11.9904369599999, -11.9912216599999, -11.992471985, -11.993075403, -11.993296796, -11.9927106909999, -11.9937955689999, -11.995961402, -11.9983298, -11.99904982, -11.9990426369999, -11.9994054069999, -12.0005080359999, 
-12.0008044039999, -12.0005905579999, -12.0005701759999, -12.0005674939999, -12.0017975989999, -12.0027272199999, -12.003323676, -12.004508242, -12.0062027389999, -12.0062294539999, -12.00504073, -12.0052723959999, -12.006428936, -12.0075898719999, -12.008763434, -12.0094776569999, -12.0087900769999, -12.009323042, -12.0108615849999, -12.0153714809999, -12.016345211, -12.018001731, -12.0193634449999, -12.0205782319999, -12.0220384249999, -12.0240520249999, -12.024187097, -12.025047029, -12.025251951, 
-12.02494901, -12.0257493119999, -12.0269763919999, -12.028296004, -12.0324446389999, -12.0341115879999, -12.0354577469999, -12.036295276, -12.036580189, -12.0367069229999, -12.0374822329999, -12.03870785, -12.0396473059999, -12.0402603079999, -12.0412586219999, -12.040864124, -12.0416343549999, -12.043219597, -12.0446546929999, -12.047267625, -12.0503030749999, -12.05135264, -12.051634218, -12.051577164, -12.0521684039999, -12.052192142, -12.051048056, -12.049598749, -12.0492013409999, -12.050517812, 
-12.055810636, -12.0585379839999, -12.0625180669999, -12.0641748299999, -12.065640765, -12.067250583, -12.07012516, -12.0716150029999, -12.075912704, -12.077617147, -12.078620432, -12.0800304899999, -12.0828710789999, -12.0842483439999, -12.086215253, -12.086346285, -12.002042824, -12.0004684359999, -11.943764281, -11.9416113789999, -11.939657003, -11.9390564839999, -11.938001818, -11.936880177, -11.935404717, -11.932783559, -11.9314672659999, -11.930318796, -11.9293685469999, -11.92875368, -11.9277085269999, 
-11.9272525989999, -11.926389216, -11.9264109899999, -11.925780369, -11.924547809, -11.9226934229999, -11.9231597299999, -11.9239465329999, -11.924344355, -11.9252486269999, -11.925878466, -11.9257742209999, -11.9273402769999, -11.9278623849999, -11.9271291299999, -11.922647808, -11.921079597, -11.9175507219999, -11.9147491389999, -11.913163208, -11.911832053, -11.910673038, -11.908473467, -11.9067670199999, -11.9062463029999, -11.903241068, -11.902136391, -11.8991390229999, -11.8981611119999, -11.8973204769999, 
-11.8948913099999, -11.8924040049999, -11.8919446649999, -11.8907133509999, -11.890017048, -11.889152217, -11.8888747869999, -11.870590152, -11.8524203629999, -11.834656092, -11.798469038, -11.7805782469999, -11.74407809, -11.743993259, -11.74325292, -11.740943548, -11.738519883, -11.7378259129999, -11.7372341289999, -11.737079239, -11.736428708, -11.734072562, -11.7334654699999, -11.7324561789999, -11.731503774, -11.7299392939999, -11.729899164, -11.732831686, -11.7347011959999, -11.7353193559999, 
-11.7361779609999, -11.738820168, -11.7411310079999, -11.7428260869999)))"
1101484,São Felipe D'oeste,11,RO,"list(list(c(-61.534584587, -61.5006129, -61.414836529, -61.3918611139999, -61.39173299, -61.3916700039999, -61.39154702, -61.3914873539999, -61.3914274409999, -61.391367706, -61.3636740109999, -61.364229948, -61.3650577139999, -61.368368104, -61.3690609279999, -61.369980351, -61.371204001, -61.372311197, -61.3746975509999, -61.37708266, -61.377727839, -61.378045339, -61.378099868, -61.3790635119999, -61.380694372, -61.3806973699999, -61.3795305599999, -61.37853687, -61.3784742729999, -61.3792854759999, 
-61.3801472179999, -61.3820037389999, -61.383474645, -61.3864725759999, -61.3892859699999, -61.391483611, -61.39358688, -61.3953079919999, -61.3971135989999, -61.3983888349999, -61.3999648219999, -61.4029539899999, -61.4045028359999, -61.4065320969999, -61.4073662669999, -61.407591856, -61.4090267989999, -61.4092307269999, -61.4096974979999, -61.4097225209999, -61.41005785, -61.4108367409999, -61.4128653649999, -61.414760786, -61.415057775, -61.4156174299999, -61.4162886539999, -61.4173982469999, 
-61.417400207, -61.417476719, -61.416895368, -61.4171473469999, -61.417894226, -61.4207262019999, -61.422082336, -61.4238888669999, -61.4253345279999, -61.425975741, -61.42558609, -61.4262543349999, -61.427694303, -61.429397144, -61.430672458, -61.4322713729999, -61.435095191, -61.436673832, -61.4371423539999, -61.4364223209999, -61.4365040799999, -61.43728701, -61.436267103, -61.4356514069999, -61.436537751, -61.437595933, -61.438089823, -61.4380333949999, -61.43895922, -61.440006825, -61.44139278, 
-61.442173597, -61.442313998, -61.4426171629999, -61.4436746569999, -61.445170639, -61.446311301, -61.447759268, -61.450198856, -61.45200916, -61.45328461, -61.454370339, -61.4557574109999, -61.456588511, -61.4582314639999, -61.4592244029999, -61.460620433, -61.4618416869999, -61.4647775339999, -61.466342918, -61.4676768939999, -61.4695099539999, -61.47234031, -61.473283435, -61.472701219, -61.472446826, -61.472696953, -61.5009474129999, -61.508370161, -61.530509689, -61.531364444, -61.53094746, 
-61.531014382, -61.531162969, -61.529908475, -61.530180554, -61.530183203, -61.530450732, -61.530643978, -61.530687798, -61.532198313, -61.564297669, -61.561925667, -61.559144397, -61.557456873, -61.553704656, -61.553328559, -61.5531732409999, -61.550891946, -61.545925089, -61.5435860089999, -61.5413092949999, -61.540475557, -61.5400609229999, -61.538119454, -61.5378634829999, -61.539672716, -61.537534357, -61.536173263, -61.536370637, -61.532726415, -61.533450333, -61.537276676, -61.5381726829999, 
-61.5341237999999, -61.531337129, -61.530557047, -61.528948804, -61.5253137029999, -61.525486459, -61.5255897869999, -61.527363462, -61.528751765, -61.527366731, -61.5284231109999, -61.5263138619999, -61.524091991, -61.521864326, -61.5221740869999, -61.521389479, -61.5218635839999, -61.5239517879999, -61.5255863479999, -61.5300000949999, -61.5386741379999, -61.54051095, -61.539614979, -61.539660359, -61.540919462, -61.540599731, -61.539994771, -61.540060372, -61.53873046, -61.537731116, -61.5364271939999, 
-61.535115071, -61.534584587, -11.7431695129999, -11.7441988969999, -11.743993259, -11.74407809, -11.7805782469999, -11.798469038, -11.834656092, -11.8524203629999, -11.870590152, -11.8888747869999, -11.889152217, -11.890017048, -11.8907133509999, -11.8919446649999, -11.8924040049999, -11.8948913099999, -11.8973204769999, -11.8981611119999, -11.8991390229999, -11.902136391, -11.903241068, -11.9062463029999, -11.9067670199999, -11.908473467, -11.910673038, -11.911832053, -11.913163208, -11.9147491389999, 
-11.9175507219999, -11.921079597, -11.922647808, -11.9271291299999, -11.9278623849999, -11.9273402769999, -11.9257742209999, -11.925878466, -11.9252486269999, -11.924344355, -11.9239465329999, -11.9231597299999, -11.9226934229999, -11.924547809, -11.925780369, -11.9264109899999, -11.926389216, -11.9272525989999, -11.9277085269999, -11.92875368, -11.9293685469999, -11.930318796, -11.9314672659999, -11.932783559, -11.935404717, -11.936880177, -11.938001818, -11.9390564839999, -11.939657003, -11.9416113789999, 
-11.943764281, -12.0004684359999, -12.002042824, -12.086346285, -12.086472738, -12.086173494, -12.0857706819999, -12.0856053169999, -12.085747326, -12.0869673739999, -12.0884237519999, -12.089955253, -12.090321649, -12.0900612049999, -12.089030765, -12.088668112, -12.088670339, -12.088405083, -12.087110787, -12.085569055, -12.0842114669999, -12.082988669, -12.0818316409999, -12.080637871, -12.0794661589999, -12.078559898, -12.076888187, -12.075450845, -12.074113041, -12.0733891639999, -12.0736663619999, 
-12.0749831099999, -12.076730374, -12.078084907, -12.0791063529999, -12.0797044169999, -12.0787582739999, -12.079579158, -12.0780262119999, -12.077800505, -12.0783649109999, -12.0797721509999, -12.0796913189999, -12.0785847499999, -12.081061611, -12.0821707879999, -12.0824771879999, -12.081754004, -12.0816570139999, -12.081050234, -12.0808774699999, -12.081269953, -12.082299599, -12.0835311099999, -12.08502573, -12.086512509, -12.0878692299999, -12.0879665869999, -12.0882252369999, -12.08899445, 
-12.027410351, -12.000333784, -11.9855805409999, -11.9532818069999, -11.9284516809999, -11.9062635109999, -11.9060607529999, -11.8843660209999, -11.88016186, -11.856169989, -11.856178561, -11.856365507, -11.848817305, -11.8508271099999, -11.8508906089999, -11.8459749569999, -11.84133407, -11.8394333599999, -11.832716449, -11.8269429019999, -11.82564321, -11.821973322, -11.818063594, -11.816973208, -11.815472808, -11.8105371, -11.808866226, -11.8042060439999, -11.805783497, -11.801239423, -11.7962859809999, 
-11.7935316019999, -11.790542388, -11.7883404459999, -11.7882683029999, -11.7867612099999, -11.787803187, -11.786592486, -11.7867138299999, -11.784006179, -11.7823828539999, -11.7796816759999, -11.778192387, -11.773161483, -11.7708459429999, -11.767251002, -11.7671549089999, -11.76392442, -11.7615225969999, -11.759308139, -11.758218611, -11.758363102, -11.755440547, -11.7533331769999, -11.7536809509999, -11.751749494, -11.7481838649999, -11.7480311129999, -11.747996343, -11.7470101379999, -11.7469031159999, 
-11.746684366, -11.74570667, -11.746447605, -11.7453795289999, -11.746059587, -11.7431695129999)))"
1101492,São Francisco Do Guaporé,11,RO,"list(list(c(-63.375473695, -63.376036679, -63.3767324889999, -63.377019655, -63.3781275229999, -63.379267778, -63.379773005, -63.38004968, -63.3805540929999, -63.380965405, -63.3815406, -63.381517091, -63.3816689459999, -63.383338094, -63.383979776, -63.3843970369999, -63.384888922, -63.385305531, -63.385534728, -63.3851193209999, -63.383948691, -63.3841230149999, -63.3843762119999, -63.384719688, -63.384720308, -63.3837656669999, -63.38353154, -63.3838043659999, -63.383786631, -63.38223234, -63.381633356, 
-63.3812160969999, -63.381099876, -63.3808009629999, -63.379559517, -63.3790726169999, -63.378855166, -63.3789760949999, -63.3788899559999, -63.3786225259999, -63.378099378, -63.378042455, -63.377701983, -63.373178754, -63.370780402, -63.36776449, -63.367446262, -63.367574395, -63.3674900039999, -63.367214909, -63.366703759, -63.366236429, -63.365791262, -63.3646509039999, -63.3643370249999, -63.364361768, -63.365102833, -63.365216759, -63.363693793, -63.3637166229999, -63.3636049619999, -63.3634280559999, 
-63.3629568229999, -63.361254848, -63.360463537, -63.359968897, -63.359401924, -63.3590558659999, -63.358584331, -63.3582871299999, -63.358039648, -63.3575451579999, -63.355760718, -63.3551153729999, -63.35429758, -63.3532312709999, -63.3521913219999, -63.350802555, -63.3498486709999, -63.349541147, -63.3491810899999, -63.346124769, -63.3456471909999, -63.34483962, -63.344434726, -63.3435775929999, -63.343111565, -63.341791801, -63.3412408989999, -63.3406174449999, -63.337868609, -63.3367051819999, 
-63.335603488, -63.334817867, -63.332429392, -63.331427305, -63.3304919679999, -63.329126721, -63.327644135, -63.326669635, -63.3236675199999, -63.322965735, -63.32230263, -63.3215603929999, -63.320507632, -63.3197279359999, -63.319612499, -63.31972954, -63.319300863, -63.317701644, -63.3171105059999, -63.316269472, -63.3157192099999, -63.3149604119999, -63.3133383269999, -63.312788825, -63.3116830599999, -63.311050494, -63.3104283179999, -63.3097208729999, -63.309150579, -63.308306, -63.307492893, 
-63.3070287949999, -63.3065748429999, -63.306213799, -63.3052566509999, -63.303745092, -63.3026374469999, -63.3020834229999, -63.300975431, -63.300068433, -63.298909968, -63.2977532959999, -63.296443187, -63.2943783919999, -63.292516795, -63.2917150549999, -63.290480822, -63.2897336159999, -63.2888023839999, -63.287222362, -63.286345238, -63.2851423369999, -63.2799283269999, -63.278456164, -63.27746979, -63.277052553, -63.27681749, -63.2767361579999, -63.277165827, -63.276957726, -63.2765762149999, 
-63.275294847, -63.274722897, -63.274295511, -63.274351396, -63.274243036, -63.2735615459999, -63.2730540569999, -63.272709005, -63.2719546129999, -63.2718291319999, -63.2715836089999, -63.2703016349999, -63.270867796, -63.268990449, -63.269152806, -63.2693538039999, -63.269879722, -63.2715963509999, -63.271715119, -63.2710743279999, -63.269713994, -63.269186141, -63.269185834, -63.2695976949999, -63.271211237, -63.271238317, -63.270045529, -63.26899364, -63.2681958059999, -63.268070676, -63.268879039, 
-63.2693914959999, -63.2705742169999, -63.270990608, -63.270822207, -63.2702450199999, -63.269179597, -63.268679455, -63.267769829, -63.2671325859999, -63.26693705, -63.2664921509999, -63.266631519, -63.26635075, -63.2661727249999, -63.2660065909999, -63.263958562, -63.2626852819999, -63.2617272609999, -63.2604604239999, -63.2591289339999, -63.255882527, -63.255189301, -63.2552657139999, -63.255517592, -63.2579331799999, -63.258238554, -63.2581264529999, -63.2552442899999, -63.255128417, -63.255549076, 
-63.256319528, -63.25646113, -63.256912024, -63.2577949559999, -63.2583447409999, -63.2592718929999, -63.2602510279999, -63.262480495, -63.262904994, -63.262432998, -63.2620985519999, -63.2619564189999, -63.2619886949999, -63.263097408, -63.2633822569999, -63.2627156129999, -63.2629610929999, -63.263962311, -63.2646241109999, -63.2643225039999, -63.264355124, -63.264741922, -63.266298435, -63.267444741, -63.2681655179999, -63.2696830689999, -63.270239821, -63.2713247259999, -63.2720184619999, -63.272351645, 
-63.273318778, -63.274185737, -63.275642821, -63.276074017, -63.277795552, -63.2812379479999, -63.2826283359999, -63.2849369529999, -63.28601756, -63.286708145, -63.287208382, -63.287462369, -63.287372124, -63.2877916829999, -63.288236219, -63.2882455549999, -63.2877647489999, -63.287015723, -63.285101955, -63.2855426079999, -63.2859034439999, -63.28585025, -63.28552161, -63.285684292, -63.286708857, -63.28718893, -63.2872106979999, -63.28840497, -63.2884732169999, -63.288599387, -63.287955766, -63.2878127759999, 
-63.2894115619999, -63.2899844449999, -63.2905331059999, -63.2920780669999, -63.292881436, -63.293128051, -63.293324616, -63.2930479249999, -63.2917931429999, -63.2916019739999, -63.2919329489999, -63.292575142, -63.294157348, -63.2945165359999, -63.2935765789999, -63.293241678, -63.292933564, -63.292766618, -63.2931116999999, -63.2944352089999, -63.295407911, -63.296043632, -63.2966570669999, -63.2964361109999, -63.295680639, -63.295325216, -63.2952134219999, -63.295762907, -63.2963543209999, -63.29921544, 
-63.300744148, -63.3012387689999, -63.30187992, -63.302931959, -63.3035724139999, -63.304737839, -63.3056270379999, -63.3061541389999, -63.307966392, -63.308516005, -63.3089365189999, -63.307159535, -63.305935085, -63.30457627, -63.304549474, -63.3050129439999, -63.3054367919999, -63.305433189, -63.305739234, -63.306879169, -63.3080180389999, -63.308652333, -63.308961659, -63.309250544, -63.3103513029999, -63.310680202, -63.310357844, -63.3103821659999, -63.3106818149999, -63.3110467419999, -63.3118214789999, 
-63.3130215209999, -63.3137442719999, -63.314518995, -63.315075003, -63.3159403659999, -63.317119899, -63.318080683, -63.319181997, -63.320428098, -63.3230431499999, -63.3237447159999, -63.323603775, -63.322687723, -63.323296424, -63.3230200439999, -63.322293778, -63.321632573, -63.321626046, -63.321047738, -63.319552114, -63.3186272629999, -63.31847563, -63.318792098, -63.320126432, -63.3205996249999, -63.3209062299999, -63.3213220119999, -63.321939568, -63.323103359, -63.3235478189999, -63.3244574589999, 
-63.327964169, -63.328826757, -63.3293244209999, -63.329298369, -63.3286031089999, -63.3283274009999, -63.3282947859999, -63.328044132, -63.328129019, -63.327962239, -63.3281823529999, -63.3286160919999, -63.32899014, -63.3290803799999, -63.3300916059999, -63.331106071, -63.331768304, -63.3322753779999, -63.3327926959999, -63.33482311, -63.3352548889999, -63.336706538, -63.337489592, -63.3377940229999, -63.3374300179999, -63.336378865, -63.335714582, -63.334989884, -63.3336826469999, -63.332284886, 
-63.3302171, -63.329358021, -63.328463059, -63.3295733569999, -63.3308121419999, -63.332577335, -63.3331577699999, -63.334378582, -63.3337868799999, -63.3321596129999, -63.330014433, -63.328492114, -63.3268769009999, -63.324984965, -63.323658466, -63.321987722, -63.321125195, -63.3210786, -63.322045832, -63.323211577, -63.323378248, -63.322846542, -63.3222985369999, -63.3211866339999, -63.320211891, -63.3192382859999, -63.318465688, -63.317907755, -63.317575473, -63.316718545, -63.3147170009999, 
-63.312827949, -63.311772096, -63.311160381, -63.3101019219999, -63.309040393, -63.309683812, -63.30806992, -63.307929992, -63.308074954, -63.306742188, -63.305846591, -63.304514441, -63.303628966, -63.3040423749999, -63.30371166, -63.30113175, -63.299471114, -63.298073793, -63.296987486, -63.295681008, -63.294572166, -63.2927424809999, -63.291824726, -63.289797532, -63.289380414, -63.289710325, -63.2906823219999, -63.2913774319999, -63.2915749439999, -63.2911579159999, -63.290451089, -63.2898269849999, 
-63.2892974739999, -63.288245054, -63.2885195289999, -63.2875519359999, -63.285527136, -63.2836857279999, -63.282460462, -63.281187309, -63.2800134909999, -63.279512404, -63.279213027, -63.2787710269999, -63.2780498869999, -63.277102453, -63.2760444149999, -63.27493504, -63.272793895, -63.2718315929999, -63.270764844, -63.270070832, -63.2675448959999, -63.2667987409999, -63.2667937769999, -63.267851873, -63.267987303, -63.2677106299999, -63.267374658, -63.265125865, -63.262689118, -63.26171334, -63.2608523319999, 
-63.2597933869999, -63.259823301, -63.260431609, -63.2605463689999, -63.2596839889999, -63.2582653129999, -63.257373559, -63.2560772199999, -63.254652902, -63.2533183259999, -63.252071745, -63.251659658, -63.250632493, -63.249709277, -63.249019987, -63.247987473, -63.2470766949999, -63.2449402989999, -63.242823344, -63.2418249409999, -63.240989742, -63.240546247, -63.241322298, -63.240965877, -63.240404645, -63.240984969, -63.240422855, -63.2399133849999, -63.238246031, -63.2374680009999, -63.237184413, 
-63.237877644, -63.239133618, -63.239959745, -63.2394902349999, -63.238680909, -63.238632953, -63.2388013459999, -63.236630005, -63.235769557, -63.235350102, -63.234294671, -63.2333208599999, -63.2301931219999, -63.2298291379999, -63.229827825, -63.230157484, -63.230881639, -63.2305733399999, -63.2306323539999, -63.2311807569999, -63.23296126, -63.233738482, -63.2341330329999, -63.234267625, -63.2351076949999, -63.233459223, -63.233130523, -63.233319598, -63.2339923409999, -63.234882499, -63.2356583599999, 
-63.235937978, -63.2359330099999, -63.2356303479999, -63.233844752, -63.232932464, -63.2313053729999, -63.2296342209999, -63.226595302, -63.224295266, -63.220239433, -63.218883931, -63.218021777, -63.2175186649999, -63.214042857, -63.20982911, -63.20915646, -63.2089067639999, -63.2094596529999, -63.209461419, -63.208769696, -63.2080113369999, -63.2069356909999, -63.205626736, -63.203678595, -63.202546012, -63.2017941089999, -63.199967875, -63.199041468, -63.1984880139999, -63.196598853, -63.1954898349999, 
-63.1944622989999, -63.194158194, -63.194179216, -63.1940471149999, -63.193627157, -63.191936774, -63.190960164, -63.189932915, -63.1871305769999, -63.186072079, -63.18504884, -63.183439999, -63.1829041299999, -63.1821043799999, -63.181124368, -63.180208227, -63.178883051, -63.1777120519999, -63.1766518339999, -63.1759884229999, -63.175272831, -63.1735774179999, -63.172883622, -63.1720734059999, -63.171131482, -63.1699617459999, -63.169741334, -63.170072841, -63.169794251, -63.1671784409999, -63.166098934, 
-63.1641304309999, -63.1629360219999, -63.1618241239999, -63.160075925, -63.1589578079999, -63.158409778, -63.158461781, -63.157707941, -63.1572148229999, -63.1549860949999, -63.153907821, -63.153905434, -63.1547090859999, -63.1548473889999, -63.154711667, -63.1541602789999, -63.1534016579999, -63.1513836359999, -63.150181842, -63.149271348, -63.148381139, -63.1474592579999, -63.146294617, -63.145492613, -63.1443729219999, -63.143548005, -63.143434175, -63.14554562, -63.1458479529999, -63.1449611789999, 
-63.1437943579999, -63.1428761509999, -63.141319628, -63.13973825, -63.138158131, -63.1374008899999, -63.1358032259999, -63.135211613, -63.135073971, -63.136960201, -63.137568624, -63.137437623, -63.1371538799999, -63.134512819, -63.133293437, -63.1323512749999, -63.128881628, -63.124630295, -63.1200473679999, -63.1186811429999, -63.1165937329999, -63.1143226089999, -63.112211758, -63.1112462289999, -63.105951421, -63.1047388649999, -63.103629366, -63.0978814499999, -63.096572777, -63.089713245, 
-63.0872695029999, -63.0854233969999, -63.083028825, -63.0794772099999, -63.073849493, -63.068761735, -63.06063126, -63.0596761209999, -63.057065094, -63.0551321039999, -63.0518208809999, -63.048547293, -63.045884625, -63.042546555, -63.0397941049999, -63.038904671, -63.0376063179999, -63.036268233, -63.034012707, -63.0329615309999, -63.031520041, -63.0302960799999, -63.028293316, -63.02690543, -63.0237544609999, -63.0227764099999, -63.0198217, -63.016814968, -63.0138225159999, -63.0120761949999, 
-63.010264971, -63.007569566, -63.006375339, -62.9980470579999, -62.9943481649999, -62.988297612, -62.984663804, -62.97943083, -62.9740122979999, -62.9698208029999, -62.965209019, -62.959601135, -62.9587181359999, -62.9582499749999, -62.957320329, -62.9539187399999, -62.9538885369999, -62.9538856409999, -62.9538830559999, -62.9489017759999, -62.947516274, -62.9425134939999, -62.938962868, -62.936269584, -62.9311231469999, -62.9258504159999, -62.9202421919999, -62.9152421109999, -62.9115440839999, 
-62.9047356609999, -62.8935872499999, -62.8860145979999, -62.880935398, -62.871020635, -62.862374647, -62.85562645, -62.8520428849999, -62.846763336, -62.841264891, -62.8379033319999, -62.833936718, -62.8289874209999, -62.820265943, -62.813935725, -62.8105173659999, -62.8070931729999, -62.80204616, -62.7988533749999, -62.7933241419999, -62.7887357819999, -62.783151279, -62.7784818929999, -62.773399565, -62.7681245789999, -62.766303316, -62.765517783, -62.7658015869999, -62.764120007, -62.7640091969999, 
-62.763574744, -62.763793886, -62.761488804, -62.7598427419999, -62.758855782, -62.758418976, -62.75842138, -62.757436328, -62.754911994, -62.751949052, -62.748657037, -62.7471172579999, -62.745799621, -62.743054677, -62.739974784, -62.7363558379999, -62.735039394, -62.7333897199999, -62.731856164, -62.731534161, -62.731644934, -62.73131945, -62.710187041, -62.699920205, -62.6687842779999, -62.6478583559999, -62.6447600669999, -62.64389276, -62.64389154, -62.642522874, -62.641968854, -62.6414636819999, 
-62.6404631389999, -62.6390679299999, -62.63692871, -62.633513651, -62.6320452839999, -62.630012638, -62.6290414799999, -62.6287616439999, -62.626599923, -62.626878113, -62.624317907, -62.6231219209999, -62.622289004, -62.6205679059999, -62.619710878, -62.616256332, -62.6127358919999, -62.611454962, -62.6119317429999, -62.6109048469999, -62.6093525809999, -62.6082334879999, -62.6084367059999, -62.605567885, -62.604181306, -62.6039559719999, -62.6028795479999, -62.601015411, -62.5997696889999, -62.5986524479999, 
-62.597290652, -62.595350829, -62.592902384, -62.590959243, -62.587877948, -62.584684977, -62.582734805, -62.582322859, -62.582512227, -62.5805999789999, -62.5802652719999, -62.5778423359999, -62.577684462, -62.576347536, -62.570593701, -62.567683581, -62.5655407259999, -62.5631260169999, -62.560067811, -62.558260961, -62.5561801869999, -62.553122368, -62.551126909, -62.5494856669999, -62.547209548, -62.5446222819999, -62.541624414, -62.539207092, -62.535653348, -62.5327898279999, -62.5308194569999, 
-62.5265935239999, -62.5240141509999, -62.5215922359999, -62.5204912439999, -62.519124815, -62.518102015, -62.517014423, -62.5159622639999, -62.514652084, -62.5135394179999, -62.510848844, -62.509155885, -62.5076028559999, -62.5056588749999, -62.502372914, -62.5017914059999, -62.5005432909999, -62.499872935, -62.4983198679999, -62.4949834759999, -62.4894314969999, -62.485929312, -62.4855148669999, -62.481458398, -62.479656228, -62.4771532889999, -62.4752339189999, -62.4703159199999, -62.4682063539999, 
-62.46282029, -62.4604869879999, -62.456490193, -62.446646675, -62.444127405, -62.441908369, -62.438599368, -62.43418159, -62.431155609, -62.428347549, -62.425010163, -62.4224611689999, -62.419371057, -62.417600949, -62.416011154, -62.4126205699999, -62.406849577, -62.403928682, -62.401181352, -62.396821305, -62.394683751, -62.390239132, -62.3845954419999, -62.380625963, -62.377429787, -62.373459887, -62.368815145, -62.3636231449999, -62.359265733, -62.3553189599999, -62.349620369, -62.3476800709999, 
-62.343294402, -62.3386779859999, -62.333592565, -62.330039763, -62.328854867, -62.32723442, -62.3234791609999, -62.3202086199999, -62.316906837, -62.312568939, -62.3067282089999, -62.303204782, -62.3004837029999, -62.295707142, -62.291429874, -62.2839577459999, -62.283904713, -62.2615647589999, -62.258318972, -62.255209246, -62.255289594, -62.254899353, -62.251869066, -62.2509279559999, -62.2526002289999, -62.2527883339999, -62.2557359459999, -62.252038137, -62.2527581439999, -62.255184415, -62.2522929209999, 
-62.2532628009999, -62.2520944829999, -62.2561556879999, -62.261205322, -62.2642354719999, -62.2623430249999, -62.2589026079999, -62.262122192, -62.260820087, -62.259294695, -62.258821387, -62.263571521, -62.267429282, -62.2699319829999, -62.271263721, -62.271929299, -62.2750934139999, -62.274209168, -62.272042062, -62.2684037779999, -62.2687334089999, -62.270595921, -62.269735137, -62.26973634, -62.2701009089999, -62.269208927, -62.268317136, -62.2679818989999, -62.267681744, -62.2678238189999, 
-62.2683458249999, -62.269372373, -62.2746286079999, -62.2765941469999, -62.280203476, -62.2837386149999, -62.285683228, -62.2867672369999, -62.2877610789999, -62.2886209759999, -62.2894894579999, -62.290828374, -62.29209281, -62.292737024, -62.294231591, -62.2962661839999, -62.298734672, -62.3014028379999, -62.303595284, -62.3060453459999, -62.310514469, -62.3115056679999, -62.312736669, -62.3176288979999, -62.321949876, -62.3239289059999, -62.326627193, -62.33098202, -62.3330180969999, -62.3355413859999, 
-62.3372945999999, -62.341401333, -62.343812354, -62.346150951, -62.346988536, -62.3487919579999, -62.35026386, -62.351068677, -62.352013035, -62.353706549, -62.354664826, -62.356766433, -62.3601834469999, -62.36173776, -62.3623500269999, -62.362684788, -62.363315299, -62.366211095, -62.367127711, -62.3677684849999, -62.3684571189999, -62.37282823, -62.374624528, -62.3754485509999, -62.376731325, -62.378100349, -62.381795161, -62.3843484469999, -62.385983115, -62.3864561139999, -62.386732754, -62.386820915, 
-62.387025807, -62.3875660159999, -62.3889588839999, -62.389350991, -62.389430446, -62.389711639, -62.3901844769999, -62.3909823319999, -62.391929354, -62.393991848, -62.396816233, -62.397770048, -62.3999038119999, -62.401038691, -62.4017926829999, -62.403379798, -62.404922523, -62.405846832, -62.4078215319999, -62.408238396, -62.4085996539999, -62.408871763, -62.4090957189999, -62.4096530029999, -62.410516822, -62.4125146319999, -62.4152689749999, -62.416121975, -62.416737777, -62.417899555, -62.419126436, 
-62.4195165529999, -62.4197058219999, -62.420066672, -62.4219019109999, -62.424266256, -62.4268227429999, -62.428485682, -62.4322165619999, -62.433988428, -62.4350096859999, -62.4370945769999, -62.439719047, -62.4421504709999, -62.443543511, -62.4444617759999, -62.447932882, -62.452260646, -62.4532994779999, -62.4537364959999, -62.454075741, -62.454705862, -62.4570672259999, -62.4576002329999, -62.4579850919999, -62.458372404, -62.4599898829999, -62.461594486, -62.462266475, -62.462788124, -62.4642139489999, 
-62.466158057, -62.4681287829999, -62.469098679, -62.4721316759999, -62.473102188, -62.474099026, -62.475267113, -62.476237625, -62.478938132, -62.4809001479999, -62.4858218599999, -62.488821377, -62.489936753, -62.4947936869999, -62.4979046699999, -62.4995168829999, -62.500346934, -62.500546996, -62.5021478629999, -62.5046556069999, -62.506513366, -62.5100056259999, -62.5152044229999, -62.5177698299999, -62.517404081, -62.5187415039999, -62.51962617, -62.5192962919999, -62.5202947359999, -62.521935287, 
-62.5284838269999, -62.534177937, -62.5403756679999, -62.547625726, -62.5488243839999, -62.553849128, -62.55776299, -62.560266167, -62.565403694, -62.578069202, -62.578482714, -62.58204324, -62.590988362, -62.5939346459999, -62.5949325349999, -62.5987925539999, -62.6037945, -62.607467126, -62.61321335, -62.6143376139999, -62.6155159909999, -62.6167691089999, -62.6173813, -62.617707432, -62.622824018, -62.6285476589999, -62.634737226, -62.6388495589999, -62.64491127, -62.6458833459999, -62.648409392, 
-62.6481588909999, -62.649234193, -62.6526288019999, -62.659269789, -62.6652633129999, -62.673576757, -62.677846832, -62.6832974209999, -62.6865756579999, -62.694076657, -62.697658091, -62.700103715, -62.70110012, -62.7034384129999, -62.7083206259999, -62.7120115509999, -62.716573655, -62.723101448, -62.724520554, -62.7304290769999, -62.728876557, -62.7323775999999, -62.734271509, -62.7379036179999, -62.741324053, -62.7372950989999, -62.736212555, -62.7379602779999, -62.7343555429999, -62.7388773209999, 
-62.7447392869999, -62.740990281, -62.745572238, -62.750134005, -62.749210158, -62.754156189, -62.7524932129999, -62.752044105, -62.7595193889999, -62.7621851119999, -62.7579861649999, -62.7624654059999, -62.76651742, -62.767381387, -62.7739015669999, -62.7765735509999, -62.7777654849999, -62.7797661179999, -62.781791819, -62.7865396289999, -62.7885170689999, -62.7888188059999, -62.788048746, -62.7884406949999, -62.7949952399999, -62.8011298449999, -62.79771045, -62.802741031, -62.808627879, -62.810099093, 
-62.813625675, -62.8176850779999, -62.821576456, -62.82557144, -62.831218551, -62.836656869, -62.842627239, -62.8460207219999, -62.851104042, -62.858718074, -62.8610499069999, -62.8615227069999, -62.863957128, -62.8658237329999, -62.872015322, -62.877629433, -62.877968104, -62.881182533, -62.8846862349999, -62.88952204, -62.892156443, -62.893711502, -62.8966058469999, -62.90032108, -62.9059657079999, -62.909076074, -62.910294373, -62.911237817, -62.91510219, -62.9164070879999, -62.921354293, -62.926597203, 
-62.931929849, -62.937847526, -62.941826104, -62.942991547, -62.9474940909999, -62.9505740909999, -62.951131085, -62.951600413, -62.9567182719999, -62.959433691, -62.9632138999999, -62.965521611, -62.968714999, -62.9709094129999, -62.97626321, -62.979043416, -62.9820445749999, -62.9832421739999, -62.9834322739999, -62.9916373629999, -63.001022309, -63.005351701, -63.0061827119999, -63.0070982199999, -63.00781132, -63.009231512, -63.012208716, -63.013377815, -63.013547312, -63.013046102, -63.0126301909999, 
-63.0118550189999, -63.0104905709999, -63.0097690549999, -63.009238583, -63.0087947219999, -63.008517363, -63.008967442, -63.009519949, -63.0103266839999, -63.012634939, -63.015771741, -63.018749295, -63.0205144839999, -63.021320518, -63.0216021029999, -63.0216281259999, -63.0214925389999, -63.019910613, -63.0197989859999, -63.0201563619999, -63.02135893, -63.022296101, -63.0229686289999, -63.025570461, -63.0263778339999, -63.0290217589999, -63.032154802, -63.0330115, -63.033825983, -63.03510721, 
-63.0356825039999, -63.0358286479999, -63.0358539659999, -63.036126897, -63.0365479389999, -63.0401866619999, -63.040521131, -63.0406591509999, -63.040135988, -63.0401317979999, -63.040631663, -63.041905974, -63.043048566, -63.043765985, -63.0450151309999, -63.045766057, -63.0472175369999, -63.0478985439999, -63.0487968479999, -63.049463284, -63.050383364, -63.0517855029999, -63.0537443319999, -63.054578502, -63.0562464349999, -63.057577415, -63.058328875, -63.060267176, -63.0625126289999, -63.068135769, 
-63.07015187, -63.072894719, -63.073960627, -63.074792247, -63.0760725589999, -63.077189017, -63.078245936, -63.0789912409999, -63.080217916, -63.0812580569999, -63.082438731, -63.082883668, -63.0828511879999, -63.08257277, -63.0825430359999, -63.0819905239999, -63.0805422839999, -63.079022045, -63.077578907, -63.076624161, -63.0733540269999, -63.0717691219999, -63.070824519, -63.0696852939999, -63.068468814, -63.064782037, -63.062104969, -63.061543614, -63.061182069, -63.0608875249999, -63.060853408, 
-63.060990367, -63.061380328, -63.062644099, -63.064719412, -63.066767943, -63.0677412509999, -63.068745446, -63.071297573, -63.073902709, -63.075709105, -63.077658245, -63.078660235, -63.07997811, -63.0832097729999, -63.087716082, -63.0885779649999, -63.091779719, -63.0936330669999, -63.0946569989999, -63.09573879, -63.09659626, -63.0970517279999, -63.097767448, -63.0985998129999, -63.098883552, -63.098411184, -63.0964526449999, -63.095712825, -63.0947739709999, -63.0933538899999, -63.092793174, 
-63.0920139139999, -63.091493183, -63.091180704, -63.0929369639999, -63.0934645539999, -63.0942439409999, -63.096125994, -63.09705825, -63.0992372739999, -63.1027336239999, -63.1038036969999, -63.106365868, -63.1123223079999, -63.114548019, -63.115490531, -63.1185306599999, -63.120266998, -63.1217703409999, -63.122213351, -63.123301554, -63.125440759, -63.125707988, -63.12632344, -63.1271900309999, -63.128296419, -63.129210754, -63.1339004399999, -63.1358913709999, -63.136896741, -63.1395490199999, 
-63.1401552599999, -63.140188884, -63.1389956359999, -63.1381865979999, -63.137324132, -63.1374668519999, -63.1385781229999, -63.1436870269999, -63.144588303, -63.1456255679999, -63.146717096, -63.147633411, -63.150293666, -63.1518802369999, -63.1529086789999, -63.1535167909999, -63.153489608, -63.15374172, -63.1551332769999, -63.15599226, -63.156824467, -63.15838439, -63.1594389639999, -63.1616962889999, -63.162533871, -63.1636252479999, -63.164478988, -63.1667373969999, -63.1670494059999, -63.167491454, 
-63.167683335, -63.1675206989999, -63.166781731, -63.166244767, -63.1646246619999, -63.162897816, -63.161825584, -63.161774999, -63.1621028229999, -63.1636670519999, -63.167382781, -63.1684396529999, -63.170379176, -63.1734730159999, -63.174050954, -63.174830818, -63.17526723, -63.17668388, -63.178030393, -63.179515505, -63.1803473749999, -63.183272953, -63.185822548, -63.188061676, -63.190081895, -63.1930248949999, -63.1948956639999, -63.196517715, -63.196988608, -63.1971322559999, -63.1974939389999, 
-63.1974906969999, -63.196934747, -63.194930896, -63.194248189, -63.193469041, -63.1919212669999, -63.1903499989999, -63.189905877, -63.189848441, -63.190272955, -63.1928609259999, -63.196160073, -63.198353919, -63.202390623, -63.203630344, -63.2062088919999, -63.2072039179999, -63.208048665, -63.209432979, -63.2103965909999, -63.211545664, -63.2126508489999, -63.215783601, -63.2182395319999, -63.220006743, -63.220635567, -63.222521054, -63.2233486339999, -63.224911462, -63.226379939, -63.22739286, 
-63.2296427419999, -63.231994848, -63.233297362, -63.234441359, -63.236919367, -63.238878228, -63.2406306239999, -63.242705469, -63.2437640839999, -63.2447162159999, -63.245489311, -63.24587894, -63.2460180429999, -63.24588685, -63.2453526519999, -63.2444135309999, -63.242214042, -63.241245873, -63.240577582, -63.2402127779999, -63.240209502, -63.240019963, -63.2397053389999, -63.2382184959999, -63.237052048, -63.2360442419999, -63.23229792, -63.231685007, -63.231577582, -63.2322721419999, -63.234236182, 
-63.2358502559999, -63.237995427, -63.239021044, -63.241084914, -63.2440761169999, -63.247547427, -63.2509143779999, -63.252715782, -63.253960155, -63.254793948, -63.2563008319999, -63.257298465, -63.2622797229999, -63.2634507829999, -63.265897889, -63.267129118, -63.2681990419999, -63.2718537339999, -63.2731894549999, -63.2779017659999, -63.2799747239999, -63.282019999, -63.286313705, -63.2911043899999, -63.292349851, -63.295544451, -63.301271495, -63.3054603949999, -63.310964429, -63.312823029, 
-63.3145174299999, -63.316778135, -63.3184075179999, -63.3226056839999, -63.3235450659999, -63.3263584779999, -63.3273839249999, -63.32860266, -63.3298514149999, -63.3316337, -63.333048866, -63.334407971, -63.335340632, -63.3369961729999, -63.339805975, -63.3431350989999, -63.345610233, -63.347125895, -63.3502986139999, -63.3543108819999, -63.357609227, -63.3618253879999, -63.363764564, -63.364520088, -63.365552697, -63.3678280239999, -63.3693524719999, -63.3706050759999, -63.3742408589999, -63.3751618649999, 
-63.3774399249999, -63.3788611719999, -63.38426887, -63.385215037, -63.386018324, -63.386615206, -63.3885393089999, -63.3895549069999, -63.3905239539999, -63.3935716489999, -63.3969606919999, -63.397323097, -63.400947871, -63.402296022, -63.403402943, -63.403884846, -63.4046559219999, -63.4061641989999, -63.4066859879999, -63.407023674, -63.407440733, -63.4077455979999, -63.408576263, -63.409299086, -63.4099308789999, -63.411130347, -63.412099893, -63.414068846, -63.4175449419999, -63.4187323929999, 
-63.42213002, -63.427572735, -63.428528042, -63.430352006, -63.433604349, -63.437068323, -63.438134208, -63.4391054919999, -63.440384142, -63.4412229719999, -63.441521686, -63.4415192179999, -63.441324721, -63.440553012, -63.4395464139999, -63.436081034, -63.431796847, -63.428045946, -63.4270502809999, -63.4261828479999, -63.4259126829999, -63.4260776529999, -63.4266810999999, -63.427381623, -63.42793574, -63.4293840409999, -63.433077157, -63.4340501089999, -63.4358519309999, -63.4373021019999, -63.4379084349999, 
-63.4379906899999, -63.4383079879999, -63.438106314, -63.4379360349999, -63.437192648, -63.4346611509999, -63.43429694, -63.4346871849999, -63.435690514, -63.438296453, -63.4392942209999, -63.441303536, -63.4425156969999, -63.447887728, -63.4488942829999, -63.4514519259999, -63.4568947769999, -63.4596341479999, -63.462267599, -63.4653525529999, -63.470712636, -63.4739970879999, -63.4759763639999, -63.47854675, -63.482193705, -63.483827724, -63.489463658, -63.4904398749999, -63.4942569029999, -63.4975883029999, 
-63.4997414589999, -63.501738477, -63.502631502, -63.505536404, -63.507866647, -63.508661418, -63.5118532469999, -63.512376598, -63.5144401699999, -63.516442595, -63.520077385, -63.5219362129999, -63.524739586, -63.527285628, -63.53149072, -63.531883228, -63.53335308, -63.5368270739999, -63.538520372, -63.539929639, -63.5404904169999, -63.541884597, -63.5431639219999, -63.5443853659999, -63.545107232, -63.545636147, -63.546936029, -63.5474930339999, -63.550490896, -63.5529319309999, -63.555148416, 
-63.5592472959999, -63.5604097169999, -63.561404219, -63.564938368, -63.569246809, -63.5718226719999, -63.5739695359999, -63.5761649809999, -63.577828336, -63.580359324, -63.580964611, -63.581940703, -63.5825751469999, -63.58490949, -63.5854627319999, -63.5886059699999, -63.589857191, -63.5908851069999, -63.592739464, -63.593630554, -63.594556535, -63.605662447, -63.61113405, -63.6139760439999, -63.61544216, -63.61731736, -63.618751409, -63.619631269, -63.620128592, -63.620685513, -63.6211596429999, 
-63.622114497, -63.624134652, -63.630271718, -63.632137278, -63.6331342249999, -63.6342675919999, -63.637951059, -63.6402692399999, -63.642576413, -63.6478791439999, -63.6518787349999, -63.654798754, -63.6567887119999, -63.659380427, -63.666996423, -63.6704182889999, -63.6730590219999, -63.6753963749999, -63.676187363, -63.677267084, -63.679361409, -63.6805193159999, -63.6813093329999, -63.6832204769999, -63.6843264, -63.684757935, -63.681226306, -63.678856662, -63.6769546139999, -63.675519201, -63.671334574, 
-63.668948134, -63.6660751489999, -63.663466364, -63.6613043349999, -63.660696762, -63.6572974979999, -63.655029559, -63.652864785, -63.6517518059999, -63.650577876, -63.648184214, -63.6463608659999, -63.6450010129999, -63.644615105, -63.644430291, -63.64406344, -63.6439600189999, -63.643594545, -63.642783729, -63.642154996, -63.641507262, -63.6367909909999, -63.633372126, -63.6317940539999, -63.630236211, -63.6291222099999, -63.6283117679999, -63.627924823, -63.627739244, -63.627856306, -63.627305899, 
-63.6271805629999, -63.626914115, -63.6262832879999, -63.625420165, -63.624911708, -63.6239612419999, -63.624072251, -63.624259097, -63.624581715, -63.626003358, -63.6283763549999, -63.628755648, -63.630216746, -63.630933036, -63.631379661, -63.63269027, -63.633458609, -63.6336569359999, -63.6336272849999, -63.633823722, -63.6346690619999, -63.6356888099999, -63.636834505, -63.64188446, -63.644247131, -63.6447434089999, -63.644940772, -63.6448849919999, -63.6446808859999, -63.644703362, -63.644951436, 
-63.645421325, -63.6457685269999, -63.646961539, -63.648752444, -63.649497959, -63.650565193, -63.6508609329999, -63.651378712, -63.6513609949999, -63.650804547, -63.6505143709999, -63.649769891, -63.6492385409999, -63.6483499979999, -63.648157253, -63.648210342, -63.7142493549999, -63.718783558, -63.722469513, -63.7236235789999, -63.725941796, -63.7280399949999, -63.72835099, -63.7281311409999, -63.7290745669999, -63.7284394859999, -63.7298037859999, -63.732330157, -63.739072515, -63.7433729479999, 
-63.745451785, -63.745021997, -63.7458583089999, -63.746483482, -63.7462696019999, -63.748259922, -63.749934551, -63.747801989, -63.7467392419999, -63.746312028, -63.747249502, -63.747982987, -63.750085128, -63.7536688539999, -63.759885416, -63.7658878019999, -63.7681999969999, -63.770295859, -63.7714461939999, -63.7720678349999, -63.7738391549999, -63.775306847, -63.778250697, -63.7861317379999, -63.7888706119999, -63.7891079429999, -63.7891052319999, -63.798888155, -63.817785638, -63.847568438, 
-63.851027286, -63.851352228, -63.8574191939999, -63.88178285, -63.9052210449999, -63.9070491539999, -63.9221655429999, -63.937197762, -63.969055699, -63.9849581729999, -63.9953146879999, -64.0309501659999, -64.0511200459999, -64.051543831, -64.085575363, -64.0852685259999, -64.082440809, -64.078982802, -64.075534482, -64.06987402, -64.067040177, -64.0629484939999, -64.059809117, -64.0588533069999, -64.058525256, -64.0575726609999, -64.0584961199999, -64.0565991829999, -64.052516527, -64.0512638129999, 
-64.047503216, -64.0449800229999, -64.044048576, -64.0431077759999, -64.041529188, -64.037443897, -64.0346074099999, -64.0333354679999, -64.029860977, -64.025450592, -64.024495711, -64.025750488, -64.025116564, -64.023219627, -64.01944844, -64.016929122, -64.0153458629999, -64.012826741, -64.010298106, -64.009655391, -64.0061846839999, -64.0036507789999, -64.001119255, -63.996712858, -63.993575462, -63.9948237899999, -63.993861474, -63.994786232, -63.995392801, -64.000368243, -63.9977986259999, -63.997149606, 
-63.991143058, -63.9826571259999, -63.970082655, -63.9644228729999, -63.9622082529999, -63.959680757, -63.9592735989999, -63.957220013, -63.956523635, -63.956510798, -63.953424597, -63.9500028259999, -63.946584416, -63.93906924, -63.9359934669999, -63.9231858489999, -63.9204511909999, -63.908853004, -63.9057834499999, -63.900151304, -63.8922880839999, -63.888011743, -63.885948747, -63.882173129, -63.8733029039999, -63.871246428, -63.868339869, -63.8667933979999, -63.863717403, -63.862682885, -63.860623784, 
-63.858399116, -63.857703774, -63.8581963449999, -63.8595476069999, -63.861409636, -63.8619089109999, -63.863258144, -63.862220931, -63.8611858559999, -63.8581093229999, -63.853149683, -63.8500680379999, -63.8481891699999, -63.845290358, -63.8406925249999, -63.837628346, -63.83421685, -63.8313127069999, -63.8251726709999, -63.823802674, -63.8236266259999, -63.822592696, -63.8203687719999, -63.819160795, -63.817958422, -63.8181232709999, -63.818968693, -63.8184485519999, -63.819120996, -63.8208152919999, 
-63.8204672949999, -63.818472371, -63.8121040939999, -63.7965971239999, -63.7880117159999, -63.7880692479999, -63.58109461, -63.3666415, -63.3673011399999, -63.368861382, -63.3694016869999, -63.373043642, -63.3746801599999, -63.3749320049999, -63.375473695, -11.8509063889999, -11.8509888899999, -11.850928637, -11.8511880309999, -11.853467264, -11.854339897, -11.8554377859999, -11.855792169, -11.8560399809999, -11.8566239109999, -11.858019533, -11.85885611, -11.8592654719999, -11.862132576, -11.862206215, 
-11.861870195, -11.8622068009999, -11.8628369729999, -11.8641037029999, -11.864812919, -11.8658576229999, -11.8667314699999, -11.8673893169999, -11.867975448, -11.868419225, -11.8694693639999, -11.8700029849999, -11.8712825769999, -11.8716733789999, -11.873921881, -11.87442103, -11.874943691, -11.877030776, -11.877603139, -11.8785394709999, -11.8790135209999, -11.879604647, -11.8813517899999, -11.8821020259999, -11.883001081, -11.883808508, -11.8856972169999, -11.8862629139999, -11.8891580009999, 
-11.891779838, -11.894231722, -11.894670789, -11.8953229399999, -11.895990986, -11.8962428979999, -11.8962016089999, -11.8962856869999, -11.896852151, -11.8974735479999, -11.897958912, -11.8984894369999, -11.900321693, -11.9013600889999, -11.9029504489999, -11.903505148, -11.903702591, -11.904563889, -11.905226769, -11.906687274, -11.907549969, -11.9089182069999, -11.9110907459999, -11.911336064, -11.911458688, -11.911655966, -11.912069511, -11.9124849039999, -11.912463037, -11.9126592249999, -11.9124895659999, 
-11.9127834939999, -11.9134685959999, -11.915064415, -11.9159547759999, -11.918167979, -11.9187531099999, -11.92217183, -11.9228117219999, -11.924455501, -11.9248063449999, -11.925254172, -11.9257499079999, -11.9292662569999, -11.930256855, -11.9308488489999, -11.9308058719999, -11.93174778, -11.933041323, -11.933778844, -11.9355816319999, -11.9365414799999, -11.9367739589999, -11.936659711, -11.9367386339999, -11.937353736, -11.939663349, -11.9400096289999, -11.940012585, -11.939665353, -11.9400892089999, 
-11.940706862, -11.9414349519999, -11.9421652559999, -11.9426267379999, -11.942973813, -11.943332545, -11.9444094839999, -11.9445418129999, -11.944327291, -11.9441445849999, -11.9444322879999, -11.9458510269999, -11.9465272799999, -11.9466521319999, -11.9466216879999, -11.9462795179999, -11.9459481029999, -11.9459702309999, -11.9458041009999, -11.94539917, -11.944917962, -11.944224918, -11.943730405, -11.9436817579999, -11.9440785589999, -11.9441799669999, -11.943982743, -11.944032203, -11.944480843, 
-11.9452756809999, -11.9459218919999, -11.9468142279999, -11.9475942469999, -11.949100251, -11.949676634, -11.950618085, -11.9527007739999, -11.95347969, -11.953974491, -11.9555791559999, -11.956178303, -11.956986686, -11.9576228659999, -11.958267395, -11.9589211979999, -11.9613456369999, -11.9617856359999, -11.9621250039999, -11.9626366549999, -11.962967946, -11.9633891999999, -11.9643734859999, -11.9648021939999, -11.965421105, -11.966558658, -11.9669432859999, -11.9674993739999, -11.9680179659999, 
-11.9683850549999, -11.9686394819999, -11.9708915799999, -11.97565928, -11.977494924, -11.978263683, -11.9785430589999, -11.978584352, -11.978992248, -11.9796196799999, -11.9795738969999, -11.9800127409999, -11.9807514519999, -11.981053309, -11.981195322, -11.9817151869999, -11.983654943, -11.9842967059999, -11.985486652, -11.986041864, -11.987106087, -11.9874207289999, -11.988577212, -11.9905304849999, -11.9914828109999, -11.991823243, -11.992099247, -11.9919825059999, -11.9930742939999, -11.9947922719999, 
-11.996343962, -11.997591175, -11.998676367, -11.99903391, -11.99986687, -12.000644954, -12.005949009, -12.007660133, -12.00857489, -12.010473395, -12.0118291349999, -12.014408744, -12.01591602, -12.017093524, -12.017630177, -12.0174430689999, -12.0177189199999, -12.018491683, -12.0220697109999, -12.024065485, -12.025552404, -12.026284673, -12.028817798, -12.0299017469999, -12.031256494, -12.032569443, -12.034112989, -12.034473938, -12.034427669, -12.0347460429999, -12.0367766869999, -12.0372298099999, 
-12.037876718, -12.038571503, -12.039543629, -12.0403408909999, -12.0429603249999, -12.0432032759999, -12.0438028529999, -12.0446583089999, -12.0470174439999, -12.0487841099999, -12.0498710009999, -12.052255779, -12.053328435, -12.053682602, -12.0537988939999, -12.0541664799999, -12.055800285, -12.056222315, -12.0559719789999, -12.055797275, -12.0561528639999, -12.059296445, -12.0597261949999, -12.0601054609999, -12.063122008, -12.0648153129999, -12.0646062059999, -12.0649993529999, -12.0656465049999, 
-12.067004656, -12.0685754589999, -12.0712419449999, -12.071943567, -12.073390181, -12.0746635699999, -12.077197342, -12.078651157, -12.0812330899999, -12.0825404979999, -12.0845123979999, -12.0858896839999, -12.087248368, -12.0881996199999, -12.0894350499999, -12.0905267729999, -12.091944455, -12.094040663, -12.0945225219999, -12.095400834, -12.09681905, -12.097490098, -12.0994291159999, -12.101468108, -12.1024423139999, -12.104364306, -12.1051300039999, -12.1055863069999, -12.106768639, -12.1104309259999, 
-12.111613034, -12.112746565, -12.1140396749999, -12.1153215909999, -12.116673322, -12.118510327, -12.1208905249999, -12.122803211, -12.123482411, -12.1265980259999, -12.128450684, -12.132759339, -12.134577781, -12.13511852, -12.136152138, -12.13669448, -12.137382272, -12.138232757, -12.139031399, -12.140522661, -12.141136313, -12.1414879879999, -12.1433513339999, -12.1433527809999, -12.1437584349999, -12.1455018099999, -12.146202224, -12.1464055699999, -12.1468324429999, -12.147708096, -12.1493171999999, 
-12.150309989, -12.152313652, -12.1554344679999, -12.1568524269999, -12.158817008, -12.159363624, -12.1602583519999, -12.1621199049999, -12.1628032959999, -12.1639533389999, -12.165261417, -12.1654387789999, -12.166117911, -12.166627435, -12.1671045919999, -12.17017524, -12.172549903, -12.1746006029999, -12.176757655, -12.1787956769999, -12.179708826, -12.180301073, -12.180437925, -12.181120317, -12.1838025119999, -12.184710164, -12.185002838, -12.184869719, -12.184503639, -12.184368656, -12.1845333979999, 
-12.1854008909999, -12.186263455, -12.187169323, -12.1891183399999, -12.1915719799999, -12.1936175399999, -12.1957335029999, -12.196773756, -12.1976840749999, -12.1992761979999, -12.201138328, -12.201768516, -12.202814088, -12.203861885, -12.2059518989999, -12.207401719, -12.2098109719999, -12.2107536169999, -12.2115510779999, -12.2137038999999, -12.2148590319999, -12.2158548029999, -12.216988711, -12.217718985, -12.218765131, -12.219901154, -12.2220839929999, -12.224065233, -12.2299814529999, -12.2312143199999, 
-12.235640458, -12.238722851, -12.243718734, -12.2459264569999, -12.2478303529999, -12.2524009909999, -12.255761785, -12.25794175, -12.25999153, -12.260804196, -12.2627087899999, -12.2653430889999, -12.2661841679999, -12.267747404, -12.2683015809999, -12.2693889619999, -12.270689062, -12.273073294, -12.274024476, -12.277183672, -12.2787030839999, -12.281893887, -12.2836496849999, -12.284063531, -12.28597814, -12.2873527989999, -12.2882792399999, -12.2905838829999, -12.291670903, -12.2948306919999, 
-12.296632392, -12.2984386289999, -12.3000113569999, -12.300347555, -12.2991587299999, -12.2970682079999, -12.2958490779999, -12.2947781699999, -12.294397243, -12.2933449019999, -12.292893474, -12.2927997649999, -12.2918474299999, -12.290706921, -12.2899358239999, -12.2904832119999, -12.290490099, -12.2899851709999, -12.2892091059999, -12.290074573, -12.2910521349999, -12.291527527, -12.291888673, -12.2920245229999, -12.2923895899999, -12.293295277, -12.293794405, -12.2939738799999, -12.295956528, 
-12.296926273, -12.299203209, -12.3001772539999, -12.299971967, -12.299333078, -12.2975637949999, -12.2980133409999, -12.3016793629999, -12.3036867419999, -12.3077365289999, -12.3091794729999, -12.3094113259999, -12.308375992, -12.3063199679999, -12.30405185, -12.3009611529999, -12.3000076389999, -12.2971030459999, -12.2951430319999, -12.2938100089999, -12.293465678, -12.2928349809999, -12.2908802649999, -12.2889738469999, -12.2880784299999, -12.286609472, -12.2857858119999, -12.2856763799999, -12.2866488269999, 
-12.287377072, -12.287419018, -12.2888750389999, -12.2901460649999, -12.290557621, -12.288784563, -12.2863708459999, -12.2838342489999, -12.2828048479999, -12.2819446769999, -12.281395774, -12.2811265789999, -12.281487048, -12.282530526, -12.283227294, -12.283753369, -12.2843902479999, -12.285529658, -12.286279046, -12.287180517, -12.2887271039999, -12.2897230289999, -12.292045839, -12.292976249, -12.29204208, -12.290264662, -12.2891735389999, -12.2887279869999, -12.2897629599999, -12.290897323, 
-12.291948927, -12.2930893839999, -12.293673836, -12.2933514389999, -12.2936510179999, -12.293667543, -12.292402888, -12.2905786949999, -12.290440776, -12.2925269959999, -12.296029106, -12.2977581199999, -12.2985306309999, -12.2987518219999, -12.2987474039999, -12.299513751, -12.299657689, -12.2990201339999, -12.2979760219999, -12.296927764, -12.294883844, -12.2939309449999, -12.29311709, -12.292383962, -12.290474022, -12.2896146599999, -12.2887063589999, -12.287847006, -12.2868192999999, -12.285896605, 
-12.285779696, -12.28523581, -12.284413521, -12.2837097559999, -12.282791225, -12.281826177, -12.279190837, -12.279595594, -12.2804573429999, -12.2810454759999, -12.280554413, -12.276507173, -12.2754142139999, -12.2740938879999, -12.2731886769999, -12.272648226, -12.2693691809999, -12.2681424399999, -12.267285346, -12.2674673179999, -12.2667884269999, -12.265740814, -12.2648331719999, -12.263063218, -12.2617423089999, -12.2607884329999, -12.259834312, -12.259087445, -12.2587442829999, -12.2577911999999, 
-12.255067061, -12.25311708, -12.252065862, -12.2506342289999, -12.2501097789999, -12.2485290179999, -12.247290956, -12.2462019059999, -12.2463845519999, -12.2463770749999, -12.2460101909999, -12.2452874579999, -12.244286588, -12.2411677719999, -12.2408231519999, -12.2397849729999, -12.23866578, -12.2360396619999, -12.2350372189999, -12.2328990009999, -12.2321700739999, -12.2314400269999, -12.23084902, -12.229543871, -12.2292632709999, -12.229851873, -12.235704245, -12.236088675, -12.2352492979999, 
-12.2308893299999, -12.2302559129999, -12.2302979059999, -12.231334499, -12.2335200169999, -12.2344785619999, -12.23540999, -12.2364334389999, -12.23669711, -12.236748028, -12.237556253, -12.2375813879999, -12.237008533, -12.235146995, -12.234282849, -12.233736544, -12.233876103, -12.234503166, -12.2350034529999, -12.2346230559999, -12.234862637, -12.2355912539999, -12.2373571239999, -12.2402462539999, -12.240974094, -12.241448455, -12.241335677, -12.240516518, -12.239467692, -12.2384498069999, -12.237314444, 
-12.2352375469999, -12.2346315969999, -12.2338735469999, -12.233877152, -12.234217564, -12.2367563949999, -12.2366270259999, -12.235437052, -12.2322213969999, -12.2292610019999, -12.228300624, -12.2255790399999, -12.2238131739999, -12.2227633709999, -12.2202172379999, -12.2191672809999, -12.2181701139999, -12.2173572689999, -12.216720106, -12.2172599799999, -12.2169420539999, -12.216937116, -12.2172522849999, -12.21798041, -12.2180713779999, -12.2174820689999, -12.217304385, -12.217885461, -12.2191124519999, 
-12.221162583, -12.2224840179999, -12.224199249, -12.224705792, -12.223974656, -12.222336081, -12.220244379, -12.217337691, -12.216473451, -12.214147213, -12.212966566, -12.211884514, -12.2124526219999, -12.211699957, -12.209746481, -12.2087469639999, -12.204428299, -12.2029331119999, -12.202542211, -12.202048201, -12.200989957, -12.2011398799999, -12.2014624669999, -12.202309045, -12.2049747419999, -12.205355618, -12.2053532209999, -12.204831891, -12.2046248569999, -12.204233045, -12.2032616399999, 
-12.202451808, -12.200836383, -12.2000384569999, -12.199828725, -12.1992570319999, -12.1987274529999, -12.1980902119999, -12.1979420129999, -12.1986978329999, -12.198997876, -12.1993257879999, -12.1981078439999, -12.198367278, -12.1980874189999, -12.197066441, -12.1965401219999, -12.1967652029999, -12.197105064, -12.197263332, -12.1971467069999, -12.1962536029999, -12.1955994369999, -12.195119678, -12.195113724, -12.1954297149999, -12.1962245329999, -12.197004008, -12.197010627, -12.1966432149999, 
-12.1972311529999, -12.1984004889999, -12.198715253, -12.199284168, -12.1997547189999, -12.199758439, -12.2010561909999, -12.201111201, -12.202148398, -12.202441649, -12.202863258, -12.203859286, -12.2030815259999, -12.204795196, -12.205876658, -12.2059649199999, -12.206011717, -12.2061046419999, -12.206443991, -12.2064470039999, -12.206447293, -12.2064475509999, -12.205452577, -12.205863601, -12.203334207, -12.203804824, -12.204668984, -12.202074175, -12.200283399, -12.1981384469999, -12.1970941159999, 
-12.1978551719999, -12.1980709459999, -12.1993719049999, -12.195229612, -12.1955747389999, -12.195470145, -12.1948429109999, -12.1946030949999, -12.1951613049999, -12.197600145, -12.1981403369999, -12.199043694, -12.2011295899999, -12.202974767, -12.2017137929999, -12.2021564589999, -12.1989003159999, -12.19430463, -12.189340629, -12.1859706079999, -12.183639102, -12.183311477, -12.1823864139999, -12.182969801, -12.179966336, -12.1750244099999, -12.1748830569999, -12.170391155, -12.1679066339999, 
-12.1645885129999, -12.1632370149999, -12.161187322, -12.1598889759999, -12.157617977, -12.155454183, -12.152396802, -12.149797989, -12.1464395049999, -12.1425430959999, -12.1390749259999, -12.1358225339999, -12.132790529, -12.131163401, -12.130729614, -12.130832299, -12.1297477799999, -12.128229229, -12.1269339959999, -12.1249783089999, -12.1195253029999, -12.11317498, -12.1119828239999, -12.109817681, -12.1406321589999, -12.155116951, -12.1999436669999, -12.2298126159999, -12.233701365, -12.2347902839999, 
-12.2357636859999, -12.2371831229999, -12.2377586169999, -12.239769387, -12.2401038049999, -12.2410785419999, -12.2418259229999, -12.2432911239999, -12.246217598, -12.247300728, -12.247438286, -12.2484409649999, -12.249795611, -12.25211401, -12.2523081309999, -12.2536971739999, -12.254322504, -12.2548680789999, -12.252844981, -12.255808176, -12.2558012159999, -12.25543748, -12.2542971349999, -12.25379935, -12.253855587, -12.254785929, -12.256221005, -12.2548230179999, -12.254321151, -12.252207648, 
-12.25131857, -12.252271995, -12.250449574, -12.249464206, -12.250848512, -12.2502992999999, -12.24906971, -12.251832027, -12.252374815, -12.252312592, -12.252857009, -12.256895322, -12.259574662, -12.2610305959999, -12.2623016929999, -12.263862021, -12.2657906839999, -12.2676037359999, -12.270296162, -12.272148948, -12.2695755519999, -12.268594331, -12.269288373, -12.272547662, -12.2750199319999, -12.275445494, -12.2765549829999, -12.277867396, -12.2774446239999, -12.2793052469999, -12.279907846, 
-12.2827833559999, -12.2849333039999, -12.284520504, -12.283856412, -12.2851330299999, -12.283896125, -12.2838275459999, -12.283397894, -12.282865441, -12.2836567059999, -12.283583693, -12.284036688, -12.2858936879999, -12.285614713, -12.286565578, -12.2877363189999, -12.2908715999999, -12.293294924, -12.293243859, -12.29352038, -12.294115415, -12.2947159519999, -12.2970288189999, -12.2951356339999, -12.296057977, -12.298680404, -12.302049293, -12.3017809579999, -12.3029362199999, -12.3028698399999, 
-12.300709136, -12.2993930339999, -12.2992598959999, -12.3016535199999, -12.304338473, -12.305579668, -12.309256171, -12.31039836, -12.31403934, -12.3166807609999, -12.318024197, -12.3191728919999, -12.3208349639999, -12.3214542899999, -12.3225355559999, -12.323408658, -12.3241698379999, -12.328711884, -12.3314300559999, -12.332464595, -12.336063566, -12.3386806469999, -12.341006749, -12.343479921, -12.34311499, -12.3421321119999, -12.3425564239999, -12.3407012439999, -12.3379492439999, -12.339692854, 
-12.3387055759999, -12.3358817729999, -12.3321438769999, -12.3308394309999, -12.3305392119999, -12.329444603, -12.330086573, -12.327841014, -12.326900907, -12.3259115889999, -12.324559388, -12.323034363, -12.3222896819999, -12.321139414, -12.3220921309999, -12.3209886969999, -12.3189361089999, -12.316367747, -12.3179619389999, -12.3188256629999, -12.3342826869999, -12.334392389, -12.380604078, -12.387867165, -12.390190456, -12.3942086499999, -12.3981246059999, -12.3997927629999, -12.4020329039999, 
-12.4042838949999, -12.407054171, -12.4103492929999, -12.4097721279999, -12.413036791, -12.4143972839999, -12.4163837419999, -12.4202130609999, -12.422540691, -12.4240944749999, -12.4246386989999, -12.4273320079999, -12.4317410569999, -12.433250863, -12.436109459, -12.442326533, -12.447020958, -12.4509134919999, -12.4533038779999, -12.456536908, -12.463444574, -12.465349074, -12.4689285199999, -12.4732209859999, -12.4760487239999, -12.4805209289999, -12.481007464, -12.4841502969999, -12.488543159, 
-12.4926793609999, -12.496772367, -12.5001102189999, -12.500423876, -12.501606103, -12.5041011429999, -12.5076338329999, -12.509770514, -12.511698639, -12.514146878, -12.5219024659999, -12.525236235, -12.5298190759999, -12.532776203, -12.533905042, -12.533835228, -12.534110208, -12.534513735, -12.535212478, -12.5371127889999, -12.5402724929999, -12.5414096449999, -12.5432523189999, -12.5450256209999, -12.548119729, -12.5505235959999, -12.55182098, -12.552998516, -12.555745439, -12.556418783, -12.5575324379999, 
-12.5630488989999, -12.569168265, -12.571369913, -12.573632658, -12.5758989549999, -12.5765345909999, -12.5768060229999, -12.577236354, -12.579257566, -12.5808036769999, -12.5825847589999, -12.583651153, -12.587346706, -12.590981733, -12.5922272629999, -12.5929510019999, -12.5937482629999, -12.594390086, -12.596152328, -12.598436944, -12.600045053, -12.6010019239999, -12.6019763369999, -12.6054930599999, -12.6123611989999, -12.615892276, -12.621123014, -12.622524186, -12.62957006, -12.633406712, 
-12.6344115059999, -12.636430645, -12.6393091859999, -12.6430946739999, -12.644563887, -12.646383956, -12.647353054, -12.648456282, -12.6522581709999, -12.653279483, -12.654106821, -12.655655956, -12.6566562019999, -12.6576993209999, -12.658631407, -12.659565569, -12.6603284499999, -12.660558502, -12.6605120249999, -12.661282323, -12.660572191, -12.660228929, -12.660569449, -12.6613417029999, -12.6648101419999, -12.6672102039999, -12.6686484809999, -12.671297269, -12.6722062439999, -12.6734114669999, 
-12.677996041, -12.678947749, -12.680146824, -12.6811447279999, -12.6828697659999, -12.6842684949999, -12.684993678, -12.685815809, -12.6894405249999, -12.6922754469999, -12.694569991, -12.6978080519999, -12.6992459589999, -12.7034769359999, -12.7072705189999, -12.710188826, -12.7114416109999, -12.7137132779999, -12.715137119, -12.7156518709999, -12.717151745, -12.718587141, -12.7203937809999, -12.7221400439999, -12.722879966, -12.724670712, -12.7274779909999, -12.7292621829999, -12.7315916849999, 
-12.7326747469999, -12.7338327489999, -12.736483584, -12.7372982459999, -12.7391388639999, -12.7399769259999, -12.741344424, -12.742381138, -12.7453950129999, -12.746667379, -12.7482521169999, -12.749437332, -12.750150882, -12.749949184, -12.747248455, -12.7470655259999, -12.7476962429999, -12.747882954, -12.7477000149999, -12.7493497919999, -12.7496374739999, -12.7495483269999, -12.7500840219999, -12.750428957, -12.7529371749999, -12.7536347619999, -12.7544784479999, -12.75554391, -12.756863009, 
-12.759724305, -12.7642052179999, -12.767959482, -12.7735382999999, -12.7786991369999, -12.782876249, -12.7867541129999, -12.788727674, -12.7914280719999, -12.8021421679999, -12.806022009, -12.8095930899999, -12.808659245, -12.806445202, -12.8022354139999, -12.796723772, -12.8010612769999, -12.802510647, -12.808122728, -12.810457438, -12.809254056, -12.8098759709999, -12.812787814, -12.8169859779999, -12.8268539979999, -12.831859047, -12.838126979, -12.842645926, -12.846860177, -12.8510099999999, 
-12.855921801, -12.858005844, -12.860188325, -12.863980693, -12.865833491, -12.8668196319999, -12.871895435, -12.8737669219999, -12.876822849, -12.880052801, -12.8823332259999, -12.8851197409999, -12.888294743, -12.8936066089999, -12.8993976089999, -12.9020868639999, -12.9048307259999, -12.9061811309999, -12.905863675, -12.904284052, -12.905687607, -12.905043118, -12.9022844859999, -12.906880214, -12.9122664559999, -12.915749309, -12.9208786469999, -12.922095273, -12.9235210649999, -12.9221449369999, 
-12.924747976, -12.927885577, -12.9273055299999, -12.925889883, -12.9189123109999, -12.9138046839999, -12.915893968, -12.9117019319999, -12.905358163, -12.899712997, -12.894879556, -12.891688062, -12.8865367679999, -12.8825425359999, -12.8820768679999, -12.8812904879999, -12.883090613, -12.886750892, -12.885881632, -12.880194189, -12.8731508449999, -12.8733599829999, -12.8760642769999, -12.8775179719999, -12.8785406499999, -12.8781561239999, -12.883869755, -12.88207065, -12.8773231289999, -12.8757971329999, 
-12.8774051559999, -12.876022349, -12.8752656829999, -12.877471825, -12.8734630339999, -12.869383358, -12.86134776, -12.859547445, -12.860989574, -12.8646804699999, -12.865917636, -12.8666253979999, -12.8659951939999, -12.866665887, -12.8680950689999, -12.8667940579999, -12.866079804, -12.8659990859999, -12.8651999499999, -12.8635441609999, -12.8672306889999, -12.869950348, -12.870456997, -12.872266768, -12.87624725, -12.878373651, -12.879251906, -12.8783721809999, -12.872649082, -12.866861279, -12.8631679679999, 
-12.861628888, -12.8604564709999, -12.8588409609999, -12.8574368789999, -12.8558743469999, -12.8551310279999, -12.854701152, -12.8527092769999, -12.850884623, -12.8494706559999, -12.8453541129999, -12.843218109, -12.8408614809999, -12.841533863, -12.841981379, -12.842989337, -12.8470038309999, -12.8546104649999, -12.8586240439999, -12.855041505, -12.851304461, -12.8499914049999, -12.847412134, -12.847097935, -12.8473807339999, -12.850281636, -12.8550558709999, -12.8589063119999, -12.8598784989999, 
-12.858488185, -12.8537469719999, -12.8495584879999, -12.844134681, -12.8412897139999, -12.8418667949999, -12.8402442649999, -12.839795968, -12.8395959939999, -12.83886743, -12.837782371, -12.8341094509999, -12.830934951, -12.8289805289999, -12.8242599, -12.8221724529999, -12.820192813, -12.817766499, -12.8170766989999, -12.816291039, -12.815195839, -12.810798306, -12.809700573, -12.8089408449999, -12.808305708, -12.8079067139999, -12.806967471, -12.8070883679999, -12.8064011069999, -12.8054388279999, 
-12.804269946, -12.7999052009999, -12.7989506689999, -12.793329908, -12.7910105129999, -12.789923995, -12.7882484419999, -12.78791194, -12.787236675, -12.785673803, -12.7848527469999, -12.782973812, -12.781938201, -12.781439942, -12.780715182, -12.777816905, -12.775509219, -12.774418266, -12.7717805989999, -12.769906831, -12.7690809889999, -12.76570258, -12.764698227, -12.76211935, -12.7587798449999, -12.757607291, -12.755173496, -12.7500991109999, -12.7481164429999, -12.747204638, -12.74480097, 
-12.7438987639999, -12.740686527, -12.7397875849999, -12.7389617419999, -12.7377844289999, -12.736743342, -12.734419457, -12.732538858, -12.731131549, -12.729928448, -12.7294026029999, -12.7286970339999, -12.7278923519999, -12.7280756179999, -12.7308562499999, -12.731194665, -12.730858696, -12.7305214069999, -12.730074077, -12.7298063839999, -12.729080387, -12.72874965, -12.7281309609999, -12.7262652949999, -12.7240797449999, -12.720546172, -12.7154556409999, -12.711978367, -12.7109188979999, -12.70965171, 
-12.706752397, -12.703844943, -12.702399359, -12.7007134159999, -12.70011203, -12.6992707049999, -12.698642319, -12.6985044129999, -12.6980504309999, -12.6972647859999, -12.6961308219999, -12.693990307, -12.6932584759999, -12.692394776, -12.6907494459999, -12.6885796289999, -12.6875382379999, -12.686539265, -12.6848315729999, -12.683614015, -12.682704809, -12.6825906549999, -12.682593432, -12.6829926469999, -12.6845921249999, -12.685466893, -12.6857728759999, -12.685790875, -12.685522933, -12.6852162499999, 
-12.6842319159999, -12.6838613859999, -12.683852339, -12.684106926, -12.6840946349999, -12.683665709, -12.6829664339999, -12.682076997, -12.681175182, -12.679234536, -12.6771247789999, -12.6762551129999, -12.6739083809999, -12.673209502, -12.6726889329999, -12.6713588449999, -12.6706190419999, -12.668661356, -12.666256124, -12.662356738, -12.658763769, -12.657958614, -12.6573692769999, -12.656654238, -12.6560642069999, -12.6556179599999, -12.6553568749999, -12.6555048179999, -12.6568096749999, -12.6590658289999, 
-12.6592032179999, -12.659029237, -12.6579880249999, -12.656909613, -12.6554726969999, -12.654520282, -12.652885636, -12.6479867569999, -12.647038515, -12.646220575, -12.6457283489999, -12.645502345, -12.6458288379999, -12.648285605, -12.648299465, -12.6479276159999, -12.6464526559999, -12.6456359199999, -12.644544601, -12.643092742, -12.6425947219999, -12.6406830519999, -12.6397310079999, -12.6392823139999, -12.6380467479999, -12.6377525979999, -12.6371669989999, -12.6370415379999, -12.636678961, 
-12.6350706009999, -12.63385428, -12.63181694, -12.6294105219999, -12.6245951689999, -12.619476376, -12.61644387, -12.6157169069999, -12.615296445, -12.6141355969999, -12.614009617, -12.614422777, -12.614871535, -12.6151553159999, -12.615720569, -12.619268127, -12.6203914269999, -12.621288718, -12.6246061209999, -12.6256937, -12.6279409849999, -12.6288634639999, -12.630272159, -12.633068568, -12.6358588509999, -12.6380399119999, -12.639217189, -12.6402506059999, -12.642049925, -12.6423178049999, 
-12.642465428, -12.6409815399999, -12.6402515449999, -12.6397067899999, -12.6388064809999, -12.6374269799999, -12.635711229, -12.632958779, -12.630916546, -12.6267829419999, -12.624973597, -12.6244417659999, -12.623764585, -12.623700187, -12.624295001, -12.625322657, -12.626122353, -12.627194973, -12.6283629149999, -12.63031702, -12.6322426009999, -12.635188709, -12.636000003, -12.6366144469999, -12.6384675139999, -12.6411255149999, -12.6444670599999, -12.647011854, -12.648285781, -12.6514944739999, 
-12.6544733389999, -12.6557931679999, -12.656874923, -12.656897807, -12.656525616, -12.6562771979999, -12.6558721989999, -12.6556908839999, -12.655338106, -12.655197878, -12.6548375769999, -12.6550941029999, -12.6557373579999, -12.65684549, -12.6574985, -12.6587178039999, -12.6597713899999, -12.66090611, -12.663045542, -12.663823836, -12.664775939, -12.6651938389999, -12.6650419839999, -12.6646087839999, -12.6628871569999, -12.6622419739999, -12.6613144149999, -12.6606929339999, -12.660572642, -12.661172471, 
-12.6621938469999, -12.663232845, -12.664551127, -12.6655034779999, -12.666772512, -12.667545342, -12.6686669639999, -12.6693505609999, -12.6702507819999, -12.6711119999999, -12.6742406839999, -12.6761473839999, -12.677425876, -12.67856505, -12.67969948, -12.68033264, -12.681935312, -12.6828139979999, -12.6846741439999, -12.685534756, -12.687130802, -12.6891846369999, -12.690617167, -12.6910044869999, -12.6909871519999, -12.6904286999999, -12.6890398659999, -12.6873160249999, -12.686593871, -12.6856023299999, 
-12.6852002249999, -12.6848651829999, -12.68443421, -12.683455166, -12.683359455, -12.6833439589999, -12.683230975, -12.6836961509999, -12.6841311959999, -12.684432643, -12.6844398719999, -12.6841682689999, -12.6835930029999, -12.68323758, -12.6826175019999, -12.6821635929999, -12.681856724, -12.6797392509999, -12.677958053, -12.6762947969999, -12.6754802099999, -12.6744837269999, -12.6737829429999, -12.672998603, -12.67142508, -12.671695344, -12.671045936, -12.6703476879999, -12.6699214119999, -12.669083239, 
-12.6684507649999, -12.6675791349999, -12.6669622089999, -12.666271637, -12.663968891, -12.661869088, -12.6603166359999, -12.6587875279999, -12.658221428, -12.6567011649999, -12.6564208659999, -12.657091437, -12.6575961209999, -12.6582521699999, -12.658958253, -12.659459119, -12.659737282, -12.659586058, -12.658881644, -12.6575576379999, -12.65680402, -12.655856747, -12.6549053329999, -12.651975567, -12.651155881, -12.6507082039999, -12.6498837049999, -12.6479074539999, -12.6469478299999, -12.6462747019999, 
-12.643171662, -12.640434498, -12.6395717409999, -12.636210214, -12.634004911, -12.630403341, -12.629359629, -12.626591318, -12.6197851899999, -12.6189740689999, -12.617740723, -12.6168868129999, -12.615037564, -12.612911067, -12.6121322549999, -12.6110824669999, -12.6105674709999, -12.609686317, -12.608959705, -12.607995797, -12.607430307, -12.606711978, -12.606933191, -12.6072651209999, -12.608325764, -12.609409812, -12.6087925699999, -12.6083776969999, -12.607745574, -12.6062098269999, -12.6043858379999, 
-12.603347693, -12.6020343229999, -12.601032129, -12.6003098919999, -12.5999851439999, -12.5996880419999, -12.5986139949999, -12.5982901049999, -12.5980113469999, -12.597488814, -12.596605282, -12.595609276, -12.5942917379999, -12.593609269, -12.592802422, -12.5913956639999, -12.5889062429999, -12.587820521, -12.586462184, -12.584658028, -12.5824707309999, -12.58045526, -12.5779458699999, -12.575696519, -12.574748821, -12.5726165269999, -12.567885517, -12.56674632, -12.5658407379999, -12.565305838, 
-12.564682192, -12.5641715889999, -12.5637249239999, -12.563585447, -12.563487868, -12.5633662339999, -12.5627075689999, -12.561859145, -12.5618842739999, -12.562407703, -12.5624153709999, -12.5617204779999, -12.56157021, -12.5624305789999, -12.562616757, -12.5638277539999, -12.564762589, -12.566270903, -12.5667724509999, -12.567549625, -12.567645579, -12.567330092, -12.567323593, -12.566747757, -12.565324805, -12.563105999, -12.5625380669999, -12.5581277979999, -12.557193534, -12.5549367829999, 
-12.553837362, -12.550798038, -12.549055538, -12.547458499, -12.545651759, -12.5405428729999, -12.5396819659999, -12.5377817289999, -12.530490963, -12.5280134129999, -12.525052183, -12.5242603899999, -12.5214139679999, -12.519417819, -12.516854194, -12.5161862059999, -12.5152803919999, -12.513640605, -12.512549034, -12.5084369949999, -12.507010772, -12.506232424, -12.504505314, -12.504348541, -12.50385935, -12.5030901209999, -12.5029926059999, -12.5026219829999, -12.502078059, -12.50120663, -12.500112874, 
-12.498139836, -12.497359912, -12.49687223, -12.496109136, -12.494295635, -12.493552354, -12.49168279, -12.4913907289999, -12.49083696, -12.4902032909999, -12.4896587869999, -12.4893593949999, -12.4869975349999, -12.4862785349999, -12.48527357, -12.483882369, -12.481019363, -12.479558797, -12.477726833, -12.4757325169999, -12.4743742229999, -12.473511485, -12.472877265, -12.472325153, -12.471588851, -12.471186716, -12.470768755, -12.47057802, -12.4686946569999, -12.4680891369999, -12.467213591, -12.465829971, 
-12.4642075719999, -12.462293938, -12.4618239609999, -12.4619886389999, -12.4633456839999, -12.463506802, -12.46318506, -12.462283292, -12.461726182, -12.461259699, -12.4591779309999, -12.4572354579999, -12.4564561969999, -12.453858918, -12.453183605, -12.453056811, -12.450967787, -12.4503644119999, -12.4496383099999, -12.4496006549999, -12.449810844, -12.449717485, -12.4487712199999, -12.4485401929999, -12.4486637199999, -12.44858698, -12.44761988, -12.4463353379999, -12.4457431919999, -12.4452683699999, 
-12.444516368, -12.4421777699999, -12.4400760719999, -12.438111534, -12.4373380039999, -12.436205793, -12.4349550439999, -12.434080552, -12.433385721, -12.4323968749999, -12.431799639, -12.431384227, -12.4291698229999, -12.428085081, -12.427671942, -12.4269608989999, -12.426206605, -12.425373828, -12.424321823, -12.4232895259999, -12.4209641749999, -12.4191771659999, -12.4175109029999, -12.41605931, -12.4141126809999, -12.4088292869999, -12.4074263149999, -12.403655971, -12.4003928569999, -12.399251122, 
-12.398644569, -12.397225808, -12.3944618689999, -12.39369627, -12.3902628089999, -12.387688957, -12.387002223, -12.382909206, -12.3810948, -12.380213286, -12.3789399409999, -12.378106686, -12.3768312999999, -12.376290527, -12.3758461919999, -12.3728950339999, -12.371273869, -12.370562218, -12.369704858, -12.3673285709999, -12.365443829, -12.3647335869999, -12.3636799149999, -12.3624292989999, -12.361816575, -12.360613852, -12.359531218, -12.3589661419999, -12.357249349, -12.3564894049999, -12.351759529, 
-12.3506589519999, -12.348873119, -12.3473956609999, -12.3454504049999, -12.342823945, -12.340738243, -12.339331435, -12.3343929049999, -12.3343081619999, -12.3296207989999, -12.3270126909999, -12.3242045059999, -12.3232620519999, -12.3185818959999, -12.3166045729999, -12.313487839, -12.311200129, -12.309953741, -12.307455871, -12.30516255, -12.3010920189999, -12.292037185, -12.2806008639999, -12.27779587, -12.275299735, -12.272492523, -12.2711412909999, -12.266356505, -12.2614668529999, -12.253365178, 
-12.25077149, -12.2487978709999, -12.2440143979999, -12.2426621089999, -12.2398496599999, -12.2388008219999, -12.236185064, -12.2320120319999, -12.2289915659999, -12.224204352, -12.220876735, -12.2170297339999, -12.2094386059999, -12.206212349, -12.202671278, -12.1923598189999, -12.1912086479999, -12.191260996, -12.1977408129999, -12.1985610999999, -12.195399376, -12.192769478, -12.185431407, -12.1841329799999, -12.182880256, -12.182341949, -12.1854985509999, -12.18783351, -12.2071383039999, -12.2177053029999, 
-12.215288099, -12.207383188, -12.219809923, -12.224755686, -12.218801851, -12.2186769509999, -12.1856967909999, -12.183221987, -12.18261346, -12.1813902869999, -12.182640147, -12.180033387, -12.1775708599999, -12.1754208639999, -12.1751235969999, -12.171725247, -12.1678595529999, -12.165389868, -12.160436363, -12.1570413999999, -12.156593186, -12.157525899, -12.1584664559999, -12.1556936449999, -12.158480551, -12.158328828, -12.156171081, -12.1549480669999, -12.1521764629999, -12.147695256, -12.1418316289999, 
-12.1375184969999, -12.1341187019999, -12.134115831, -12.1321059439999, -12.128710307, -12.1274870549999, -12.125330332, -12.121470493, -12.1193154449999, -12.11468414, -12.1103565549999, -12.105574955, -12.0993968569999, -12.093839057, -12.0896786699999, -12.0903087639999, -12.0884484859999, -12.0828838459999, -12.0783979499999, -12.0728267799999, -12.0605885489999, -12.044051093, -12.0384860599999, -12.0262917379999, -12.021988731, -12.01507324, -12.0113804239999, -12.0061300839999, -12.0010359739999, 
-12.0010083539999, -11.9987791769999, -11.9949144359999, -11.991046231, -11.9864333169999, -11.9832505989999, -11.981075199, -11.9776555529999, -11.9756471559999, -11.970560555, -11.9685524329999, -11.968001525, -11.967675019, -11.9665164749999, -11.9607402559999, -11.9562132889999, -11.951512162, -11.944040749, -11.942891795, -11.9395349179999, -11.93676924, -11.93341245, -11.9312348609999, -11.927706008, -11.923762148, -11.92074164, -11.916708696, -11.91048634, -11.90652907, -11.9023214489999, 
-11.8984497869999, -11.8939058449999, -11.888949191, -11.885589683, -11.882740087, -11.877626587, -11.873768276, -11.871924275, -11.872269101, -11.8736283159999, -11.874225813, -11.8742358579999, -11.8722270559999, -11.871068493, -11.869221027, -11.867120369, -11.8635925999999, -11.860907371, -11.8563704949999, -11.8529277819999, -11.8505737179999, -11.848553157, -11.8453600309999, -11.8426675389999, -11.839383585, -11.836862443, -11.833307618, -11.832946137, -11.832654277, -11.833377492, -11.838737294, 
-11.8390426179999, -11.8394369759999, -11.840035185, -11.840895109, -11.841306997, -11.846573622, -11.8498080759999, -11.850482075, -11.8509063889999)))"
1101500,Seringueiras,11,RO,"list(list(c(-63.178783877, -63.179520778, -63.1767906869999, -63.174906549, -63.1732048329999, -63.170288182, -63.1684867769999, -63.1674614299999, -63.166430766, -63.1627717229999, -63.160317687, -63.1591265569999, -63.1578434909999, -63.1577888099999, -63.1560111909999, -63.1541251419999, -63.1508190529999, -63.148102531, -63.147211994, -63.1453807179999, -63.143125266, -63.140484415, -63.1383221, -63.136795667, -63.135153061, -63.1345980329999, -63.1345753299999, -63.135820627, -63.135679464, 
-63.1350662449999, -63.1331018039999, -63.131014287, -63.1258784019999, -63.1235458909999, -63.122372339, -63.1228465259999, -63.119010752, -63.1181215939999, -63.117152856, -63.1167906199999, -63.116907965, -63.1174853529999, -63.1185926489999, -63.1199316199999, -63.12140363, -63.119705219, -63.1154263399999, -63.113318426, -63.111460086, -63.1094363719999, -63.1082008119999, -63.1074601069999, -63.1052638229999, -63.103453425, -63.1013531849999, -63.0985824329999, -63.09579544, -63.0932109039999, 
-63.0902066759999, -63.088652144, -63.0874840659999, -63.087487782, -63.0862894399999, -63.083931878, -63.080656409, -63.078324518, -63.077653213, -63.0765727599999, -63.0752630599999, -63.069963215, -63.065962909, -63.063260011, -63.0555456909999, -63.054846169, -63.055323168, -63.0568745569999, -63.057682266, -63.0569284809999, -63.0546826779999, -63.052987129, -63.04884673, -63.0475985749999, -63.047460128, -63.0481282939999, -63.048232787, -63.047371818, -63.043734238, -63.040519907, -63.037879505, 
-63.0349837569999, -63.0316292899999, -63.0251767409999, -63.0223203669999, -63.019822728, -63.0172673489999, -63.015285584, -63.011412964, -63.0095918, -63.0067651399999, -63.005514928, -63.0035416119999, -63.002370659, -63.001454885, -62.9974613139999, -62.995959151, -62.992194307, -62.991157861, -62.988435521, -62.9877379879999, -62.98332108, -62.9815141179999, -62.9790977529999, -62.977565586, -62.9757379489999, -62.973875793, -62.970288256, -62.9690975409999, -62.9686591569999, -62.968789008, 
-62.9702642899999, -62.971317071, -62.971934151, -62.9720453129999, -62.9713796379999, -62.970814471, -62.9709558429999, -62.9728224139999, -62.9746204829999, -62.97779339, -62.981569359, -62.9853433159999, -62.98704713, -62.988656463, -62.989453919, -62.989940373, -62.9907961919999, -62.992610995, -62.9930440939999, -62.993875119, -62.9952907829999, -62.997046392, -62.9983779839999, -62.998207976, -62.99817571, -62.9971888509999, -62.993454649, -62.993460113, -62.994319552, -62.9940927769999, -62.9919060519999, 
-62.990983299, -62.9904631809999, -62.9902649689999, -62.99087815, -62.9908189089999, -62.991116862, -62.990759116, -62.987344496, -62.983316828, -62.9790974919999, -62.975625683, -62.969069147, -62.9636567649999, -62.96170936, -62.9600430799999, -62.957504507, -62.954043888, -62.946220946, -62.937850396, -62.933989664, -62.9319861489999, -62.929706046, -62.928323343, -62.9269279109999, -62.9251998639999, -62.923194887, -62.920209673, -62.9172358159999, -62.915376083, -62.914129916, -62.912182688, 
-62.908238803, -62.904907411, -62.902205677, -62.898290693, -62.8959009059999, -62.889792544, -62.8883150739999, -62.886955803, -62.885987065, -62.884433709, -62.88304226, -62.881599592, -62.8791304589999, -62.875763337, -62.872904827, -62.8701507549999, -62.867844033, -62.8662080979999, -62.8625741819999, -62.8607099159999, -62.859932557, -62.8600273239999, -62.860779041, -62.859648556, -62.8577126749999, -62.8565102279999, -62.856876062, -62.8578179819999, -62.857322089, -62.856153659, -62.854122446, 
-62.854153704, -62.853846577, -62.8527114719999, -62.8489015, -62.847171987, -62.846017831, -62.8467219939999, -62.847124165, -62.846176894, -62.842922003, -62.8418707739999, -62.8412075349999, -62.840350313, -62.8390187299999, -62.8374911579999, -62.8376291719999, -62.838822497, -62.839563531, -62.840600798, -62.842124617, -62.845843106, -62.848207233, -62.848759533, -62.848489413, -62.8484926689999, -62.8501023159999, -62.849962037, -62.8510381929999, -62.85137448, -62.8513164049999, -62.8499326229999, 
-62.8499322929999, -62.850736307, -62.850463205, -62.850993928, -62.8520119209999, -62.8538536199999, -62.8540167359999, -62.856291905, -62.8577592629999, -62.8588172779999, -62.8590954049999, -62.8599628379999, -62.863737496, -62.8657046439999, -62.8667085529999, -62.8671557329999, -62.8667353539999, -62.8659804069999, -62.865767601, -62.86598472, -62.8684540119999, -62.872205803, -62.873100197, -62.8743664019999, -62.872738591, -62.873513499, -62.8739862309999, -62.875317394, -62.876713566, -62.8786795309999, 
-62.8792870389999, -62.878792431, -62.879769736, -62.8807094149999, -62.881017821, -62.881121311, -62.881436545, -62.8842121919999, -62.886353023, -62.8862099139999, -62.885601469, -62.8872607099999, -62.889068701, -62.8910168539999, -62.892327028, -62.8931797629999, -62.8948758099999, -62.894824636, -62.892874531, -62.891510827, -62.8901009829999, -62.890845712, -62.892931017, -62.8960736669999, -62.8961541609999, -62.8969873489999, -62.898431336, -62.899566069, -62.9004564199999, -62.9018598719999, 
-62.902344262, -62.903898641, -62.9039347519999, -62.904794792, -62.907596665, -62.9072343729999, -62.9070453199999, -62.9086685749999, -62.9112101429999, -62.9122643869999, -62.9133232339999, -62.914092108, -62.9142343779999, -62.91526113, -62.917094475, -62.9184887249999, -62.9180428669999, -62.918406594, -62.919627902, -62.921574247, -62.9218150069999, -62.9246208399999, -62.9250109229999, -62.9262066639999, -62.9278444769999, -62.929044039, -62.9305731649999, -62.931851432, -62.935818333, -62.938678528, 
-62.939570649, -62.9405468369999, -62.9428892879999, -62.9439527329999, -62.947271364, -62.949713715, -62.9517591749999, -62.952042948, -62.9545164199999, -62.95548756, -62.956295899, -62.957011902, -62.9566798279999, -62.9568216069999, -62.9575103459999, -62.9585712899999, -62.959232855, -62.96018213, -62.9597940399999, -62.9597055899999, -62.961989625, -62.964011963, -62.965686487, -62.9702651069999, -62.972150797, -62.973408035, -62.9767637849999, -62.984157199, -62.9878795319999, -62.9890958349999, 
-62.990794512, -62.991793922, -62.9920670939999, -62.993539357, -63.0004853629999, -63.0004074519999, -63.002125942, -63.004174167, -63.0076632609999, -63.00878176, -63.009735506, -63.0104308269999, -63.011732728, -63.012794404, -63.0151787669999, -63.016847309, -63.017071491, -63.0170731529999, -63.017349711, -63.017374815, -63.0163520069999, -63.014130284, -63.013573537, -63.012850808, -63.0127438809999, -63.013153692, -63.0136799889999, -63.016561647, -63.020347019, -63.021430347, -63.0215126219999, 
-63.020516353, -63.020264147, -63.02153829, -63.0260934709999, -63.0273334059999, -63.0287127079999, -63.02977175, -63.030599439, -63.0306030889999, -63.0302594929999, -63.028384601, -63.0283494, -63.028627359, -63.0310783149999, -63.031988637, -63.0324838909999, -63.034739366, -63.03526698, -63.036487162, -63.035878451, -63.0361827799999, -63.036771354, -63.0379879619999, -63.0385993599999, -63.0387666199999, -63.038377533, -63.037099444, -63.0368194919999, -63.0370459259999, -63.0381287599999, 
-63.03882285, -63.0400217599999, -63.0407322649999, -63.040905296, -63.041265018, -63.041993001, -63.042435212, -63.042952922, -63.043321787, -63.0439640019999, -63.0444303069999, -63.0446846969999, -63.04531939, -63.0457365439999, -63.046629142, -63.047044584, -63.047824874, -63.0485470739999, -63.049268772, -63.049513905, -63.048985452, -63.047818382, -63.0467660499999, -63.046449714, -63.0464366459999, -63.0467135719999, -63.0477943749999, -63.0483184209999, -63.051254501, -63.0518453829999, -63.0536533589999, 
-63.055616543, -63.056737733, -63.058821208, -63.060196489, -63.061603704, -63.0623546719999, -63.06262351, -63.061988217, -63.061817195, -63.0620745359999, -63.063681762, -63.0647056939999, -63.069767299, -63.0726727789999, -63.0737109309999, -63.075704873, -63.075567298, -63.0766786289999, -63.0781782349999, -63.078795038, -63.080902731, -63.082407262, -63.083597904, -63.084547719, -63.084860518, -63.0857952229999, -63.085794877, -63.0854294809999, -63.084598597, -63.083440443, -63.0839214929999, 
-63.0849329099999, -63.08607403, -63.08704352, -63.0875412689999, -63.088766257, -63.089822466, -63.0904594209999, -63.091459995, -63.093660615, -63.093603416, -63.09324397, -63.0936808609999, -63.0949079759999, -63.096182104, -63.0973762489999, -63.0983466509999, -63.0998202809999, -63.10174026, -63.102692111, -63.103850909, -63.1039645509999, -63.103599316, -63.103319091, -63.10282046, -63.1019897679999, -63.101098666, -63.100655984, -63.100032111, -63.0991313959999, -63.098959172, -63.0984652559999, 
-63.097741656, -63.097410908, -63.097903559, -63.0987358249999, -63.100074954, -63.1036807209999, -63.10610138, -63.108165776, -63.110208986, -63.110988896, -63.1120503039999, -63.1129353919999, -63.113377574, -63.112959746, -63.112234047, -63.1112913959999, -63.110796736, -63.1112915069999, -63.112793655, -63.11382645, -63.1150441909999, -63.11565843, -63.117291061, -63.1180213389999, -63.1186582769999, -63.1202178249999, -63.1215117859999, -63.1220210399999, -63.1223721009999, -63.1222653159999, 
-63.122433197, -63.121238408, -63.120431561, -63.1190981729999, -63.119032259, -63.118934079, -63.1189566209999, -63.118656172, -63.1175172169999, -63.117376007, -63.1179349449999, -63.1205399559999, -63.1214311379999, -63.1236866639999, -63.1245717359999, -63.1256852329999, -63.126432675, -63.127209275, -63.127573114, -63.1275164429999, -63.1272094609999, -63.125009604, -63.124549881, -63.125825162, -63.127072906, -63.1276794179999, -63.127686473, -63.1273492519999, -63.125964341, -63.1256798269999, 
-63.12448888, -63.123065577, -63.122234927, -63.1221279589999, -63.120661856, -63.120964621, -63.123349651, -63.12427122, -63.1245910269999, -63.123987845, -63.123017021, -63.1213795259999, -63.119958799, -63.118902374, -63.1181582999999, -63.1183435569999, -63.118071607, -63.1168164259999, -63.116401701, -63.11640442, -63.116931463, -63.118206248, -63.1189622769999, -63.1195716659999, -63.120955821, -63.1220995419999, -63.122209169, -63.1214645209999, -63.1208462939999, -63.120520164, -63.1199912869999, 
-63.119375244, -63.1188742539999, -63.1184384059999, -63.1175732979999, -63.116634248, -63.1163334209999, -63.116127408, -63.115205522, -63.113520247, -63.1124881479999, -63.112152395, -63.1122916839999, -63.1134617109999, -63.114234093, -63.115012316, -63.116043967, -63.1166282419999, -63.117494358, -63.1180767289999, -63.118684577, -63.118601422, -63.119296325, -63.1186601859999, -63.11876399, -63.1191608759999, -63.1206825749999, -63.1218175779999, -63.121976821, -63.120820813, -63.119440525, 
-63.118994038, -63.1193817079999, -63.1215953239999, -63.1217414909999, -63.121520978, -63.121657978, -63.1225743059999, -63.123714868, -63.1241028149999, -63.124098037, -63.1255439, -63.126257794, -63.126764195, -63.128546635, -63.1287166369999, -63.128406825, -63.1285170059999, -63.1295710849999, -63.129851962, -63.128600658, -63.12848947, -63.1299125869999, -63.130379384, -63.1295648099999, -63.128881628, -63.1323512749999, -63.133293437, -63.134512819, -63.1371538799999, -63.137437623, -63.137568624, 
-63.136960201, -63.135073971, -63.135211613, -63.1358032259999, -63.1374008899999, -63.138158131, -63.13973825, -63.141319628, -63.1428761509999, -63.1437943579999, -63.1449611789999, -63.1458479529999, -63.14554562, -63.143434175, -63.143548005, -63.1443729219999, -63.145492613, -63.146294617, -63.1474592579999, -63.148381139, -63.149271348, -63.150181842, -63.1513836359999, -63.1534016579999, -63.1541602789999, -63.154711667, -63.1548473889999, -63.1547090859999, -63.153905434, -63.153907821, -63.1549860949999, 
-63.1572148229999, -63.157707941, -63.158461781, -63.158409778, -63.1589578079999, -63.160075925, -63.1618241239999, -63.1629360219999, -63.1641304309999, -63.166098934, -63.1671784409999, -63.169794251, -63.170072841, -63.169741334, -63.1699617459999, -63.171131482, -63.1720734059999, -63.172883622, -63.1735774179999, -63.175272831, -63.1759884229999, -63.1766518339999, -63.1777120519999, -63.178883051, -63.180208227, -63.181124368, -63.1821043799999, -63.1829041299999, -63.183439999, -63.18504884, 
-63.186072079, -63.1871305769999, -63.189932915, -63.190960164, -63.191936774, -63.193627157, -63.1940471149999, -63.194179216, -63.194158194, -63.1944622989999, -63.1954898349999, -63.196598853, -63.1984880139999, -63.199041468, -63.199967875, -63.2017941089999, -63.202546012, -63.203678595, -63.205626736, -63.2069356909999, -63.2080113369999, -63.208769696, -63.209461419, -63.2094596529999, -63.2089067639999, -63.20915646, -63.20982911, -63.214042857, -63.2175186649999, -63.218021777, -63.218883931, 
-63.220239433, -63.224295266, -63.226595302, -63.2296342209999, -63.2313053729999, -63.232932464, -63.233844752, -63.2356303479999, -63.2359330099999, -63.235937978, -63.2356583599999, -63.234882499, -63.2339923409999, -63.233319598, -63.233130523, -63.233459223, -63.2351076949999, -63.234267625, -63.2341330329999, -63.233738482, -63.23296126, -63.2311807569999, -63.2306323539999, -63.2305733399999, -63.230881639, -63.230157484, -63.229827825, -63.2298291379999, -63.2301931219999, -63.2333208599999, 
-63.234294671, -63.235350102, -63.235769557, -63.236630005, -63.2388013459999, -63.238632953, -63.238680909, -63.2394902349999, -63.239959745, -63.239133618, -63.237877644, -63.237184413, -63.2374680009999, -63.238246031, -63.2399133849999, -63.240422855, -63.240984969, -63.240404645, -63.240965877, -63.241322298, -63.240546247, -63.240989742, -63.2418249409999, -63.242823344, -63.2449402989999, -63.2470766949999, -63.247987473, -63.249019987, -63.249709277, -63.250632493, -63.251659658, -63.252071745, 
-63.2533183259999, -63.254652902, -63.2560772199999, -63.257373559, -63.2582653129999, -63.2596839889999, -63.2605463689999, -63.260431609, -63.259823301, -63.2597933869999, -63.2608523319999, -63.26171334, -63.262689118, -63.265125865, -63.267374658, -63.2677106299999, -63.267987303, -63.267851873, -63.2667937769999, -63.2667987409999, -63.2675448959999, -63.270070832, -63.270764844, -63.2718315929999, -63.272793895, -63.27493504, -63.2760444149999, -63.277102453, -63.2780498869999, -63.2787710269999, 
-63.279213027, -63.279512404, -63.2800134909999, -63.281187309, -63.282460462, -63.2836857279999, -63.285527136, -63.2875519359999, -63.2885195289999, -63.288245054, -63.2892974739999, -63.2898269849999, -63.290451089, -63.2911579159999, -63.2915749439999, -63.2913774319999, -63.2906823219999, -63.289710325, -63.289380414, -63.289797532, -63.291824726, -63.2927424809999, -63.294572166, -63.295681008, -63.296987486, -63.298073793, -63.299471114, -63.30113175, -63.30371166, -63.3040423749999, -63.303628966, 
-63.304514441, -63.305846591, -63.306742188, -63.308074954, -63.307929992, -63.30806992, -63.309683812, -63.309040393, -63.3101019219999, -63.311160381, -63.311772096, -63.312827949, -63.3147170009999, -63.316718545, -63.317575473, -63.317907755, -63.318465688, -63.3192382859999, -63.320211891, -63.3211866339999, -63.3222985369999, -63.322846542, -63.323378248, -63.323211577, -63.322045832, -63.3210786, -63.321125195, -63.321987722, -63.323658466, -63.324984965, -63.3268769009999, -63.328492114, 
-63.330014433, -63.3321596129999, -63.3337868799999, -63.334378582, -63.3331577699999, -63.332577335, -63.3308121419999, -63.3295733569999, -63.328463059, -63.329358021, -63.3302171, -63.332284886, -63.3336826469999, -63.334989884, -63.335714582, -63.336378865, -63.3374300179999, -63.3377940229999, -63.337489592, -63.336706538, -63.3352548889999, -63.33482311, -63.3327926959999, -63.3322753779999, -63.331768304, -63.331106071, -63.3300916059999, -63.3290803799999, -63.32899014, -63.3286160919999, 
-63.3281823529999, -63.327962239, -63.328129019, -63.328044132, -63.3282947859999, -63.3283274009999, -63.3286031089999, -63.329298369, -63.3293244209999, -63.328826757, -63.327964169, -63.3244574589999, -63.3235478189999, -63.323103359, -63.321939568, -63.3213220119999, -63.3209062299999, -63.3205996249999, -63.320126432, -63.318792098, -63.31847563, -63.3186272629999, -63.319552114, -63.321047738, -63.321626046, -63.321632573, -63.322293778, -63.3230200439999, -63.323296424, -63.322687723, -63.323603775, 
-63.3237447159999, -63.3230431499999, -63.320428098, -63.319181997, -63.318080683, -63.317119899, -63.3159403659999, -63.315075003, -63.314518995, -63.3137442719999, -63.3130215209999, -63.3118214789999, -63.3110467419999, -63.3106818149999, -63.3103821659999, -63.310357844, -63.310680202, -63.3103513029999, -63.309250544, -63.308961659, -63.308652333, -63.3080180389999, -63.306879169, -63.305739234, -63.305433189, -63.3054367919999, -63.3050129439999, -63.304549474, -63.30457627, -63.305935085, 
-63.307159535, -63.3089365189999, -63.308516005, -63.307966392, -63.3061541389999, -63.3056270379999, -63.304737839, -63.3035724139999, -63.302931959, -63.30187992, -63.3012387689999, -63.300744148, -63.29921544, -63.2963543209999, -63.295762907, -63.2952134219999, -63.295325216, -63.295680639, -63.2964361109999, -63.2966570669999, -63.296043632, -63.295407911, -63.2944352089999, -63.2931116999999, -63.292766618, -63.292933564, -63.293241678, -63.2935765789999, -63.2945165359999, -63.294157348, -63.292575142, 
-63.2919329489999, -63.2916019739999, -63.2917931429999, -63.2930479249999, -63.293324616, -63.293128051, -63.292881436, -63.2920780669999, -63.2905331059999, -63.2899844449999, -63.2894115619999, -63.2878127759999, -63.287955766, -63.288599387, -63.2884732169999, -63.28840497, -63.2872106979999, -63.28718893, -63.286708857, -63.285684292, -63.28552161, -63.28585025, -63.2859034439999, -63.2855426079999, -63.285101955, -63.287015723, -63.2877647489999, -63.2882455549999, -63.288236219, -63.2877916829999, 
-63.287372124, -63.287462369, -63.287208382, -63.286708145, -63.28601756, -63.2849369529999, -63.2826283359999, -63.2812379479999, -63.277795552, -63.276074017, -63.275642821, -63.274185737, -63.273318778, -63.272351645, -63.2720184619999, -63.2713247259999, -63.270239821, -63.2696830689999, -63.2681655179999, -63.267444741, -63.266298435, -63.264741922, -63.264355124, -63.2643225039999, -63.2646241109999, -63.263962311, -63.2629610929999, -63.2627156129999, -63.2633822569999, -63.263097408, -63.2619886949999, 
-63.2619564189999, -63.2620985519999, -63.262432998, -63.262904994, -63.262480495, -63.2602510279999, -63.2592718929999, -63.2583447409999, -63.2577949559999, -63.256912024, -63.25646113, -63.256319528, -63.255549076, -63.255128417, -63.2552442899999, -63.2581264529999, -63.258238554, -63.2579331799999, -63.255517592, -63.2552657139999, -63.255189301, -63.255882527, -63.2591289339999, -63.2604604239999, -63.2617272609999, -63.2626852819999, -63.263958562, -63.2660065909999, -63.2661727249999, -63.26635075, 
-63.266631519, -63.2664921509999, -63.26693705, -63.2671325859999, -63.267769829, -63.268679455, -63.269179597, -63.2702450199999, -63.270822207, -63.270990608, -63.2705742169999, -63.2693914959999, -63.268879039, -63.268070676, -63.2681958059999, -63.26899364, -63.270045529, -63.271238317, -63.271211237, -63.2695976949999, -63.269185834, -63.269186141, -63.269713994, -63.2710743279999, -63.271715119, -63.2715963509999, -63.269879722, -63.2693538039999, -63.269152806, -63.268990449, -63.270867796, 
-63.2703016349999, -63.2715836089999, -63.2718291319999, -63.2719546129999, -63.272709005, -63.2730540569999, -63.2735615459999, -63.274243036, -63.274351396, -63.274295511, -63.274722897, -63.275294847, -63.2765762149999, -63.276957726, -63.277165827, -63.2767361579999, -63.27681749, -63.277052553, -63.27746979, -63.278456164, -63.2799283269999, -63.2851423369999, -63.286345238, -63.287222362, -63.2888023839999, -63.2897336159999, -63.290480822, -63.2917150549999, -63.292516795, -63.2943783919999, 
-63.296443187, -63.2977532959999, -63.298909968, -63.300068433, -63.300975431, -63.3020834229999, -63.3026374469999, -63.303745092, -63.3052566509999, -63.306213799, -63.3065748429999, -63.3070287949999, -63.307492893, -63.308306, -63.309150579, -63.3097208729999, -63.3104283179999, -63.311050494, -63.3116830599999, -63.312788825, -63.3133383269999, -63.3149604119999, -63.3157192099999, -63.316269472, -63.3171105059999, -63.317701644, -63.319300863, -63.31972954, -63.319612499, -63.3197279359999, 
-63.320507632, -63.3215603929999, -63.32230263, -63.322965735, -63.3236675199999, -63.326669635, -63.327644135, -63.329126721, -63.3304919679999, -63.331427305, -63.332429392, -63.334817867, -63.335603488, -63.3367051819999, -63.337868609, -63.3406174449999, -63.3412408989999, -63.341791801, -63.343111565, -63.3435775929999, -63.344434726, -63.34483962, -63.3456471909999, -63.346124769, -63.3491810899999, -63.349541147, -63.3498486709999, -63.350802555, -63.3521913219999, -63.3532312709999, -63.35429758, 
-63.3551153729999, -63.355760718, -63.3575451579999, -63.358039648, -63.3582871299999, -63.358584331, -63.3590558659999, -63.359401924, -63.359968897, -63.360463537, -63.361254848, -63.3629568229999, -63.3634280559999, -63.3636049619999, -63.3637166229999, -63.363693793, -63.365216759, -63.365102833, -63.364361768, -63.3643370249999, -63.3646509039999, -63.365791262, -63.366236429, -63.366703759, -63.367214909, -63.3674900039999, -63.367574395, -63.367446262, -63.36776449, -63.370780402, -63.373178754, 
-63.377701983, -63.378042455, -63.378099378, -63.3786225259999, -63.3788899559999, -63.3789760949999, -63.378855166, -63.3790726169999, -63.379559517, -63.3808009629999, -63.381099876, -63.3812160969999, -63.381633356, -63.38223234, -63.383786631, -63.3838043659999, -63.38353154, -63.3837656669999, -63.384720308, -63.384719688, -63.3843762119999, -63.3841230149999, -63.383948691, -63.3851193209999, -63.385534728, -63.385305531, -63.384888922, -63.3843970369999, -63.383979776, -63.383338094, -63.3816689459999, 
-63.381517091, -63.3815406, -63.380965405, -63.3805540929999, -63.38004968, -63.379773005, -63.379267778, -63.3781275229999, -63.377019655, -63.3767324889999, -63.376036679, -63.375473695, -63.3749320049999, -63.3746801599999, -63.373043642, -63.3694016869999, -63.368861382, -63.3673011399999, -63.3666415, -63.58109461, -63.582621885, -63.584346047, -63.5871388579999, -63.5872688309999, -63.5913919819999, -63.5951196089999, -63.59751328, -63.5984417459999, -63.600036853, -63.6029647769999, -63.6054915449999, 
-63.606816145, -63.604543065, -63.602267549, -63.601731059, -63.602123393, -63.601587052, -63.596248447, -63.592777192, -63.5874378409999, -63.586500374, -63.5851569229999, -63.581016757, -63.5782141329999, -63.575809955, -63.5690015969999, -63.565398752, -63.5592697679999, -63.5576661249999, -63.555262151, -63.552459052, -63.5499220249999, -63.5491129519999, -63.548840662, -63.5459010609999, -63.5449651099999, -63.54429018, -63.544804165, -63.546795579, -63.563181189, -63.575963996, -63.5800949409999, 
-63.589292707, -63.596350412, -63.59967649, -63.600475, -63.601938799, -63.6040734379999, -63.605941849, -63.608605118, -63.6102020009999, -63.611533633, -63.613666427, -63.615264165, -63.618859793, -63.620192317, -63.6231262379999, -63.6253902809999, -63.627386204, -63.631511186, -63.633905425, -63.6365703229999, -63.638432301, -63.6409659349999, -63.645366252, -63.647497118, -63.6522975159999, -63.6548130909999, -63.655608646, -63.6580035689999, -63.6582667609999, -63.6579949659999, -63.6589244629999, 
-63.661454308, -63.663315084, -63.6638454169999, -63.664775732, -63.6659693999999, -63.666163844, -63.6673620909999, -63.6688907169999, -63.669020436, -63.669684245, -63.670748093, -63.673344739, -63.674609571, -63.6767968389999, -63.67772264, -63.679386596, -63.679919868, -63.6781619979999, -63.6758790569999, -63.676017772, -63.6770072239999, -63.677285428, -63.6772122559999, -63.6763574339999, -63.676637531, -63.6796914029999, -63.6801145579999, -63.6797566, -63.678330552, -63.6761247439999, -63.672912444, 
-63.6709396799999, -63.6688077749999, -63.666958162, -63.6654544259999, -63.665022885, -63.6657327269999, -63.667012553, -63.6667696139999, -63.6661480719999, -63.6622966109999, -63.6616489579999, -63.66021865, -63.6592196889999, -63.6576536809999, -63.6533111, -63.650643805, -63.6487966139999, -63.647018521, -63.645310525, -63.645164176, -63.6452277349999, -63.644939259, -63.6424947319999, -63.6419091719999, -63.6409884779999, -63.6404367849999, -63.639380113, -63.6388792949999, -63.638485879, -63.6383672459999, 
-63.63779432, -63.636519397, -63.6346022449999, -63.632950774, -63.6300358979999, -63.6270437869999, -63.6250489139999, -63.6240522579999, -63.620066157, -63.6192778869999, -63.6185710899999, -63.6180425989999, -63.617277793, -63.614431043, -63.6134310189999, -63.6091655449999, -63.606717951, -63.604836207, -63.6041873189999, -63.6025515189999, -63.601202436, -63.599515272, -63.5977863339999, -63.596006877, -63.594512871, -63.592667579, -63.591736608, -63.590602083, -63.5892665539999, -63.586404122, 
-63.583701034, -63.5819155129999, -63.5799949349999, -63.5784330559999, -63.5755819119999, -63.572452105, -63.570881756, -63.569171623, -63.567674365, -63.566180971, -63.565541424, -63.5644749749999, -63.563407634, -63.562693697, -63.5634754969999, -63.5633305009999, -63.562688399, -63.561048711, -63.55905682, -63.5579898939999, -63.5579140549999, -63.5572012319999, -63.555848322, -63.554334342, -63.5530749189999, -63.552785763, -63.552906848, -63.552459273, -63.5513822099999, -63.5506305099999, 
-63.549236582, -63.5466265269999, -63.545880037, -63.545457973, -63.544748575, -63.542113762, -63.5409718879999, -63.540621211, -63.540679376, -63.5402526269999, -63.5393259579999, -63.538328022, -63.537474673, -63.537470362, -63.536900639, -63.536219992, -63.5348369999999, -63.53334203, -63.53133912, -63.529421043, -63.528138103, -63.5271393509999, -63.526282825, -63.524967265, -63.524144478, -63.523146601, -63.523148395, -63.5224043519999, -63.5198764119999, -63.5193769249999, -63.5200168369999, 
-63.520042925, -63.519772713, -63.518446022, -63.517730763, -63.517784667, -63.5170140279999, -63.514078895, -63.5125993899999, -63.5132378529999, -63.514376128, -63.514231702, -63.513306614, -63.512022267, -63.511450956, -63.511518701, -63.510238483, -63.5095256869999, -63.508461466, -63.5079609599999, -63.5083783869999, -63.507491059, -63.5065290279999, -63.50616977, -63.505622098, -63.5042306549999, -63.501828124, -63.499255459, -63.4986133229999, -63.4973251599999, -63.496472527, -63.495404012, 
-63.4946206779999, -63.494261992, -63.494258681, -63.4926910979999, -63.491267431, -63.4890637459999, -63.486930671, -63.485862394, -63.4855054229999, -63.4832284599999, -63.481943191, -63.4798759779999, -63.479004784, -63.4772193999999, -63.4739751969999, -63.4725541069999, -63.472129636, -63.470291873, -63.4695129419999, -63.468231663, -63.4664546159999, -63.465459969, -63.464394097, -63.463683342, -63.4624734979999, -63.4610485159999, -63.4591293729999, -63.4587036349999, -63.4576365279999, -63.455715894, 
-63.4552111959999, -63.451947677, -63.450401802, -63.449099531, -63.447035719, -63.446464637, -63.4445419589999, -63.442480183, -63.441269924, -63.439989278, -63.4386962709999, -63.436641218, -63.4359330569999, -63.434866206, -63.4346367539999, -63.434261737, -63.4342951619999, -63.432402037, -63.4304058709999, -63.429295737, -63.428630106, -63.4278875959999, -63.427601747, -63.425682347, -63.4250099409999, -63.424573628, -63.4239652999999, -63.4239010289999, -63.4227628789999, -63.4219077109999, 
-63.420482374, -63.419057166, -63.419268403, -63.418199377, -63.417487915, -63.4161366849999, -63.4119362259999, -63.4106544329999, -63.409942523, -63.408590736, -63.4053818759999, -63.403959722, -63.404030665, -63.403742525, -63.403102743, -63.4018220609999, -63.40132443, -63.40018617, -63.400115316, -63.399616643, -63.3990495439999, -63.399048916, -63.3970590559999, -63.3966327799999, -63.3970570379999, -63.3962736619999, -63.3953484199999, -63.394422072, -63.39399825, -63.393417516, -63.392145237, 
-63.3914311359999, -63.3911421409999, -63.3902902829999, -63.3896504999999, -63.38908198, -63.388226918, -63.387350343, -63.385234779, -63.383530004, -63.3828949999999, -63.3811031829999, -63.3808940769999, -63.378394494, -63.3771188909999, -63.376961845, -63.37654925, -63.3754804289999, -63.37534162, -63.3746296609999, -63.374060055, -63.3742709009999, -63.3737005789999, -63.373125358, -63.372921953, -63.3723441739999, -63.37212332, -63.371579324, -63.3715679679999, -63.3717751949999, -63.370703604, 
-63.3704493379999, -63.370151587, -63.36670019, -63.366029555, -63.365302587, -63.3644501339999, -63.3643102359999, -63.36231003, -63.3610718089999, -63.3600669949999, -63.358239401, -63.3579738539999, -63.357699665, -63.357177333, -63.356968786, -63.3566468889999, -63.355341021, -63.3537064609999, -63.3517136529999, -63.349508338, -63.3479410309999, -63.347086222, -63.3451654869999, -63.342595358, -63.3401461089999, -63.3398988019999, -63.337210445, -63.335982457, -63.3352639639999, -63.333611007, 
-63.3325716219999, -63.332106516, -63.330081695, -63.3300037029999, -63.327768732, -63.3273375609999, -63.325654833, -63.3248749829999, -63.320170512, -63.3175424639999, -63.315403239, -63.314395313, -63.313565953, -63.312219785, -63.308462405, -63.3070865139999, -63.302821463, -63.301409591, -63.3005623799999, -63.299763527, -63.299541823, -63.2981944459999, -63.296835826, -63.29399102, -63.2934928179999, -63.291785257, -63.289791995, -63.285230755, -63.284167407, -63.283953492, -63.282883964, -63.281599414, 
-63.2795344339999, -63.278893233, -63.2770421749999, -63.276473311, -63.274619866, -63.273694292, -63.2734789959999, -63.272837531, -63.2726705759999, -63.258600728, -63.240383647, -63.235995131, -63.233259085, -63.2305252029999, -63.226317671, -63.22063878, -63.2153785319999, -63.21159119, -63.204860673, -63.201704167, -63.1981280779999, -63.195392449, -63.190554231, -63.185924513, -63.1831885569999, -63.1831859149999, -63.18002684, -63.179711383, -63.1783476349999, -63.178783877, -11.4726371009999, 
-11.488993547, -11.487809817, -11.486386237, -11.484537959, -11.482297654, -11.4840868, -11.4861377489999, -11.4865619599999, -11.4863887559999, -11.4869491489999, -11.487571305, -11.489679416, -11.491520697, -11.49271946, -11.493376586, -11.49323076, -11.494294229, -11.495672753, -11.4966051279999, -11.4960844649999, -11.4943713159999, -11.494401669, -11.4954594779999, -11.4967522989999, -11.4980721959999, -11.4989538799999, -11.5026474009999, -11.503975031, -11.505422724, -11.5073670859999, -11.507726628, 
-11.507155724, -11.5078784249999, -11.5091022429999, -11.513789252, -11.5210571449999, -11.523328341, -11.5272702359999, -11.530542856, -11.531640945, -11.5336576179999, -11.5355542, -11.5397202859999, -11.5435471369999, -11.546285804, -11.544480533, -11.5433762819999, -11.542105213, -11.542460149, -11.5414985649999, -11.540072176, -11.539435211, -11.538479778, -11.5381445009999, -11.5406027249999, -11.541856019, -11.5424811019999, -11.542609806, -11.54187868, -11.5397719539999, -11.5379640859999, 
-11.5369305969999, -11.537172355, -11.5363164999999, -11.5342366859999, -11.5318884219999, -11.530527719, -11.5294511029999, -11.528640521, -11.529755797, -11.530974045, -11.5354834519999, -11.5362583679999, -11.538190093, -11.5411253569999, -11.5436670739999, -11.5473007419999, -11.5493557399999, -11.549962997, -11.550669742, -11.5521220289999, -11.554392699, -11.557071048, -11.558401212, -11.5609908739999, -11.5611119809999, -11.5609617199999, -11.5601502649999, -11.559980287, -11.5591541039999, 
-11.5579405679999, -11.5569997139999, -11.5557197849999, -11.5547249149999, -11.554679443, -11.5551326559999, -11.555004457, -11.5544137389999, -11.553216, -11.5528055139999, -11.553528759, -11.5538589509999, -11.5580232, -11.560056202, -11.565830399, -11.5679421039999, -11.575129725, -11.577682448, -11.584690677, -11.587260506, -11.595405214, -11.597365095, -11.5990381879999, -11.6001241829999, -11.601558999, -11.602443821, -11.6050405669999, -11.6065373949999, -11.6107835789999, -11.6124218849999, 
-11.61474486, -11.6167982319999, -11.618033456, -11.619625823, -11.62136363, -11.62405131, -11.625837366, -11.627438067, -11.62904606, -11.6319804929999, -11.633598564, -11.6359819639999, -11.638027483, -11.641461765, -11.645647074, -11.650910198, -11.6530330579999, -11.655457349, -11.656414677, -11.6593359179999, -11.6672246419999, -11.6699846349999, -11.670516559, -11.6790857279999, -11.693353295, -11.698313861, -11.7046959349999, -11.7073406499999, -11.710615566, -11.7141229989999, -11.7173122549999, 
-11.726571395, -11.7409949359999, -11.744547097, -11.74843942, -11.7508326299999, -11.752234088, -11.751448572, -11.7495149649999, -11.7491938149999, -11.7505407629999, -11.753114278, -11.75534959, -11.7588035179999, -11.761630205, -11.7657110919999, -11.7706595229999, -11.771653069, -11.7748730089999, -11.7770564969999, -11.784250361, -11.7874856299999, -11.789118399, -11.7920953149999, -11.7968294819999, -11.80148681, -11.8061277329999, -11.8079394599999, -11.8085770969999, -11.8099865529999, -11.8103868709999, 
-11.8109889889999, -11.811728029, -11.8121711499999, -11.812622439, -11.816199121, -11.817377632, -11.818153729, -11.817782265, -11.8179823159999, -11.8189552039999, -11.818945288, -11.8169840109999, -11.8133775809999, -11.81104107, -11.8096302549999, -11.8094725529999, -11.8100130079999, -11.8151080759999, -11.81545976, -11.816969788, -11.8184493369999, -11.82297459, -11.825741063, -11.827454081, -11.8317392619999, -11.836252322, -11.839219489, -11.843177077, -11.846781714, -11.8515557609999, -11.853648891, 
-11.855472617, -11.857841454, -11.8623862479999, -11.8640402819999, -11.866247902, -11.8681932919999, -11.8704243139999, -11.872922416, -11.874942007, -11.876926514, -11.8799988659999, -11.8809741149999, -11.8806907219999, -11.880875679, -11.8850651509999, -11.887619575, -11.8897632449999, -11.891498928, -11.8929181889999, -11.895119779, -11.8958324669999, -11.89640728, -11.89708002, -11.898222662, -11.8987780889999, -11.9000530449999, -11.9009486919999, -11.9019674349999, -11.904438906, -11.9053473989999, 
-11.9059286139999, -11.9072082419999, -11.908943345, -11.909390045, -11.910246337, -11.910958115, -11.9125786209999, -11.9147790739999, -11.9169625749999, -11.9197998839999, -11.921255842, -11.92281328, -11.9261471819999, -11.9265052809999, -11.9274316299999, -11.9284378999999, -11.929119802, -11.9296261469999, -11.9306726489999, -11.932534616, -11.932546194, -11.933771319, -11.9351373549999, -11.9405018759999, -11.9413081929999, -11.943090125, -11.9457398299999, -11.9474248009999, -11.9477039769999, 
-11.9477123149999, -11.947219464, -11.9455280719999, -11.9448001489999, -11.9451642019999, -11.9459404809999, -11.947636927, -11.94878851, -11.949145232, -11.9509237, -11.9515719169999, -11.9520639159999, -11.9527997149999, -11.953310006, -11.9535852229999, -11.9534825299999, -11.952319475, -11.9477254189999, -11.9470913379999, -11.9461688709999, -11.946570051, -11.9455680719999, -11.9453382519999, -11.944255579, -11.9439865049999, -11.9416585259999, -11.9407115769999, -11.9402667589999, -11.9415338959999, 
-11.942910593, -11.943187628, -11.9416346969999, -11.9425623359999, -11.942292097, -11.9416035749999, -11.9430088779999, -11.943415392, -11.9441454859999, -11.9458800249999, -11.946436031, -11.9481838899999, -11.9482043319999, -11.948651373, -11.9498457989999, -11.950341068, -11.948611738, -11.9482184369999, -11.946453333, -11.945478174, -11.9449383219999, -11.945187479, -11.945218367, -11.947267869, -11.947147449, -11.9455552449999, -11.9450559309999, -11.9435521179999, -11.9434057619999, -11.9440629249999, 
-11.945583216, -11.945161651, -11.946057074, -11.9458279199999, -11.946443498, -11.948740598, -11.947571468, -11.947513366, -11.947896833, -11.947950474, -11.9474175629999, -11.9460103169999, -11.9460107799999, -11.947105639, -11.9492812009999, -11.9502332389999, -11.9521674529999, -11.9528598809999, -11.952311609, -11.953542114, -11.95375012, -11.955210006, -11.954558714, -11.955156421, -11.956068118, -11.9559414779999, -11.956793713, -11.9586919699999, -11.9607679249999, -11.961500432, -11.961587354, 
-11.961451429, -11.9622289479999, -11.964654512, -11.966291446, -11.9678537439999, -11.9707799039999, -11.9703721049999, -11.9709692079999, -11.9712340559999, -11.9708516179999, -11.970729417, -11.97186289, -11.9736749199999, -11.975027028, -11.9754580859999, -11.975856049, -11.977292095, -11.97748518, -11.97921016, -11.980309678, -11.981389483, -11.9820664339999, -11.980243091, -11.980571831, -11.984288018, -11.986776208, -11.9880413249999, -11.988971131, -11.9913213359999, -11.993550646, -11.994624454, 
-11.9954619979999, -11.996136361, -11.9971365039999, -11.9975982339999, -11.9980939479999, -11.9986309169999, -12.000309254, -12.0003559259999, -12.0015298659999, -12.002705953, -12.003308589, -12.003590936, -12.0045403549999, -12.0051571329999, -12.006160411, -12.0067570019999, -12.0073051649999, -12.008778491, -12.0085668059999, -12.0067912739999, -12.005436998, -12.004978617, -12.0044485989999, -12.0045902979999, -12.005258968, -12.009141455, -12.0097294599999, -12.0109026709999, -12.011894746, 
-12.0123442239999, -12.0133973339999, -12.013545865, -12.014662282, -12.0164181369999, -12.017519067, -12.018160898, -12.0184423899999, -12.01806807, -12.016142476, -12.0156364419999, -12.015581052, -12.0163320789999, -12.0176931549999, -12.01902419, -12.019160994, -12.0189009609999, -12.0183594719999, -12.018093199, -12.0182845879999, -12.0187610909999, -12.0197372429999, -12.020387811, -12.0204099659999, -12.021301627, -12.022030314, -12.0232515779999, -12.024707551, -12.026487237, -12.027041556, 
-12.028061117, -12.0286624359999, -12.0290889099999, -12.02888658, -12.0282116389999, -12.027653315, -12.0299328649999, -12.0296741419999, -12.0293283229999, -12.0299971269999, -12.0310202389999, -12.0322411619999, -12.0327870039999, -12.031403826, -12.031005452, -12.032869888, -12.0349357179999, -12.0350936159999, -12.035066191, -12.0361599999999, -12.03720384, -12.0364978969999, -12.035636235, -12.035548814, -12.0362913239999, -12.0372342649999, -12.037604963, -12.0379416369999, -12.040523706, 
-12.0435228109999, -12.044128852, -12.044556847, -12.044763918, -12.045780608, -12.0465577009999, -12.0470946849999, -12.0472582819999, -12.0464906949999, -12.0460053149999, -12.046829194, -12.0477273399999, -12.048536018, -12.04918001, -12.049958422, -12.050955687, -12.051914772, -12.0523577719999, -12.0512085869999, -12.0514113589999, -12.051871556, -12.051753426, -12.0527906319999, -12.053975232, -12.055921649, -12.0573718869999, -12.0596025199999, -12.0605498629999, -12.0610199209999, -12.0609404049999, 
-12.0601113029999, -12.060064828, -12.060419181, -12.062496441, -12.0636744349999, -12.063986171, -12.064894222, -12.0670585419999, -12.068303541, -12.068185514, -12.068946521, -12.0719862669999, -12.073416426, -12.074207526, -12.074511384, -12.0744477259999, -12.073232943, -12.0728039749999, -12.073670749, -12.0748933019999, -12.075981058, -12.076878353, -12.077734343, -12.079577014, -12.0797249779999, -12.0802580779999, -12.0804742129999, -12.0799449759999, -12.079526623, -12.0799202719999, -12.0814026429999, 
-12.082127737, -12.0831759629999, -12.0843899079999, -12.0865418679999, -12.0874514139999, -12.0920684259999, -12.0923645309999, -12.09373911, -12.094524923, -12.0947745829999, -12.0951289449999, -12.0990421029999, -12.1002009989999, -12.1012441289999, -12.1019528559999, -12.1035422789999, -12.106585257, -12.106896773, -12.1066278299999, -12.1068144319999, -12.1076325099999, -12.108738587, -12.110266366, -12.1114965939999, -12.112203459, -12.11292829, -12.113669972, -12.114980592, -12.115180401, 
-12.115139835, -12.117067192, -12.118050777, -12.119394943, -12.1198054539999, -12.118718297, -12.1182977249999, -12.1181509839999, -12.118293256, -12.121583309, -12.1248559049999, -12.1257244499999, -12.1266548349999, -12.1279839799999, -12.1292951689999, -12.1299599559999, -12.1306527909999, -12.131285108, -12.1293386359999, -12.1290629189999, -12.1296402459999, -12.1320951589999, -12.1335471479999, -12.1342045519999, -12.134709516, -12.1352714969999, -12.136487508, -12.138251081, -12.138638422, 
-12.138663269, -12.139139174, -12.140028583, -12.140812257, -12.1418819919999, -12.143421211, -12.1467747249999, -12.1490419969999, -12.1506714119999, -12.1515822129999, -12.1519806539999, -12.150854316, -12.150546227, -12.1512360479999, -12.1524115779999, -12.152898229, -12.15329357, -12.1543190739999, -12.155223609, -12.1557463, -12.1564087789999, -12.158234264, -12.159024765, -12.1593780769999, -12.159901448, -12.161109057, -12.16347596, -12.1674120619999, -12.1682288339999, -12.1731968589999, 
-12.174240778, -12.176696551, -12.1775432289999, -12.1784818589999, -12.1797244099999, -12.1803974389999, -12.181669234, -12.1817411179999, -12.1828190699999, -12.183691064, -12.184189761, -12.184963298, -12.1863019429999, -12.187342961, -12.187520329, -12.1874812659999, -12.1878001039999, -12.188515124, -12.188797587, -12.1896633539999, -12.19067083, -12.1909547709999, -12.191778443, -12.192685722, -12.193480969, -12.193919179, -12.194358559, -12.196704913, -12.197586038, -12.197873655, -12.1986911799999, 
-12.201196602, -12.202048201, -12.202542211, -12.2029331119999, -12.204428299, -12.2087469639999, -12.209746481, -12.211699957, -12.2124526219999, -12.211884514, -12.212966566, -12.214147213, -12.216473451, -12.217337691, -12.220244379, -12.222336081, -12.223974656, -12.224705792, -12.224199249, -12.2224840179999, -12.221162583, -12.2191124519999, -12.217885461, -12.217304385, -12.2174820689999, -12.2180713779999, -12.21798041, -12.2172522849999, -12.216937116, -12.2169420539999, -12.2172599799999, 
-12.216720106, -12.2173572689999, -12.2181701139999, -12.2191672809999, -12.2202172379999, -12.2227633709999, -12.2238131739999, -12.2255790399999, -12.228300624, -12.2292610019999, -12.2322213969999, -12.235437052, -12.2366270259999, -12.2367563949999, -12.234217564, -12.233877152, -12.2338735469999, -12.2346315969999, -12.2352375469999, -12.237314444, -12.2384498069999, -12.239467692, -12.240516518, -12.241335677, -12.241448455, -12.240974094, -12.2402462539999, -12.2373571239999, -12.2355912539999, 
-12.234862637, -12.2346230559999, -12.2350034529999, -12.234503166, -12.233876103, -12.233736544, -12.234282849, -12.235146995, -12.237008533, -12.2375813879999, -12.237556253, -12.236748028, -12.23669711, -12.2364334389999, -12.23540999, -12.2344785619999, -12.2335200169999, -12.231334499, -12.2302979059999, -12.2302559129999, -12.2308893299999, -12.2352492979999, -12.236088675, -12.235704245, -12.229851873, -12.2292632709999, -12.229543871, -12.23084902, -12.2314400269999, -12.2321700739999, -12.2328990009999, 
-12.2350372189999, -12.2360396619999, -12.23866578, -12.2397849729999, -12.2408231519999, -12.2411677719999, -12.244286588, -12.2452874579999, -12.2460101909999, -12.2463770749999, -12.2463845519999, -12.2462019059999, -12.247290956, -12.2485290179999, -12.2501097789999, -12.2506342289999, -12.252065862, -12.25311708, -12.255067061, -12.2577911999999, -12.2587442829999, -12.259087445, -12.259834312, -12.2607884329999, -12.2617423089999, -12.263063218, -12.2648331719999, -12.265740814, -12.2667884269999, 
-12.2674673179999, -12.267285346, -12.2681424399999, -12.2693691809999, -12.272648226, -12.2731886769999, -12.2740938879999, -12.2754142139999, -12.276507173, -12.280554413, -12.2810454759999, -12.2804573429999, -12.279595594, -12.279190837, -12.281826177, -12.282791225, -12.2837097559999, -12.284413521, -12.28523581, -12.285779696, -12.285896605, -12.2868192999999, -12.287847006, -12.2887063589999, -12.2896146599999, -12.290474022, -12.292383962, -12.29311709, -12.2939309449999, -12.294883844, -12.296927764, 
-12.2979760219999, -12.2990201339999, -12.299657689, -12.299513751, -12.2987474039999, -12.2987518219999, -12.2985306309999, -12.2977581199999, -12.296029106, -12.2925269959999, -12.290440776, -12.2905786949999, -12.292402888, -12.293667543, -12.2936510179999, -12.2933514389999, -12.293673836, -12.2930893839999, -12.291948927, -12.290897323, -12.2897629599999, -12.2887279869999, -12.2891735389999, -12.290264662, -12.29204208, -12.292976249, -12.292045839, -12.2897230289999, -12.2887271039999, -12.287180517, 
-12.286279046, -12.285529658, -12.2843902479999, -12.283753369, -12.283227294, -12.282530526, -12.281487048, -12.2811265789999, -12.281395774, -12.2819446769999, -12.2828048479999, -12.2838342489999, -12.2863708459999, -12.288784563, -12.290557621, -12.2901460649999, -12.2888750389999, -12.287419018, -12.287377072, -12.2866488269999, -12.2856763799999, -12.2857858119999, -12.286609472, -12.2880784299999, -12.2889738469999, -12.2908802649999, -12.2928349809999, -12.293465678, -12.2938100089999, -12.2951430319999, 
-12.2971030459999, -12.3000076389999, -12.3009611529999, -12.30405185, -12.3063199679999, -12.308375992, -12.3094113259999, -12.3091794729999, -12.3077365289999, -12.3036867419999, -12.3016793629999, -12.2980133409999, -12.2975637949999, -12.299333078, -12.299971967, -12.3001772539999, -12.299203209, -12.296926273, -12.295956528, -12.2939738799999, -12.293794405, -12.293295277, -12.2923895899999, -12.2920245229999, -12.291888673, -12.291527527, -12.2910521349999, -12.290074573, -12.2892091059999, 
-12.2899851709999, -12.290490099, -12.2904832119999, -12.2899358239999, -12.290706921, -12.2918474299999, -12.2927997649999, -12.292893474, -12.2933449019999, -12.294397243, -12.2947781699999, -12.2958490779999, -12.2970682079999, -12.2991587299999, -12.300347555, -12.3000113569999, -12.2984386289999, -12.296632392, -12.2948306919999, -12.291670903, -12.2905838829999, -12.2882792399999, -12.2873527989999, -12.28597814, -12.284063531, -12.2836496849999, -12.281893887, -12.2787030839999, -12.277183672, 
-12.274024476, -12.273073294, -12.270689062, -12.2693889619999, -12.2683015809999, -12.267747404, -12.2661841679999, -12.2653430889999, -12.2627087899999, -12.260804196, -12.25999153, -12.25794175, -12.255761785, -12.2524009909999, -12.2478303529999, -12.2459264569999, -12.243718734, -12.238722851, -12.235640458, -12.2312143199999, -12.2299814529999, -12.224065233, -12.2220839929999, -12.219901154, -12.218765131, -12.217718985, -12.216988711, -12.2158548029999, -12.2148590319999, -12.2137038999999, 
-12.2115510779999, -12.2107536169999, -12.2098109719999, -12.207401719, -12.2059518989999, -12.203861885, -12.202814088, -12.201768516, -12.201138328, -12.1992761979999, -12.1976840749999, -12.196773756, -12.1957335029999, -12.1936175399999, -12.1915719799999, -12.1891183399999, -12.187169323, -12.186263455, -12.1854008909999, -12.1845333979999, -12.184368656, -12.184503639, -12.184869719, -12.185002838, -12.184710164, -12.1838025119999, -12.181120317, -12.180437925, -12.180301073, -12.179708826, 
-12.1787956769999, -12.176757655, -12.1746006029999, -12.172549903, -12.17017524, -12.1671045919999, -12.166627435, -12.166117911, -12.1654387789999, -12.165261417, -12.1639533389999, -12.1628032959999, -12.1621199049999, -12.1602583519999, -12.159363624, -12.158817008, -12.1568524269999, -12.1554344679999, -12.152313652, -12.150309989, -12.1493171999999, -12.147708096, -12.1468324429999, -12.1464055699999, -12.146202224, -12.1455018099999, -12.1437584349999, -12.1433527809999, -12.1433513339999, 
-12.1414879879999, -12.141136313, -12.140522661, -12.139031399, -12.138232757, -12.137382272, -12.13669448, -12.136152138, -12.13511852, -12.134577781, -12.132759339, -12.128450684, -12.1265980259999, -12.123482411, -12.122803211, -12.1208905249999, -12.118510327, -12.116673322, -12.1153215909999, -12.1140396749999, -12.112746565, -12.111613034, -12.1104309259999, -12.106768639, -12.1055863069999, -12.1051300039999, -12.104364306, -12.1024423139999, -12.101468108, -12.0994291159999, -12.097490098, 
-12.09681905, -12.095400834, -12.0945225219999, -12.094040663, -12.091944455, -12.0905267729999, -12.0894350499999, -12.0881996199999, -12.087248368, -12.0858896839999, -12.0845123979999, -12.0825404979999, -12.0812330899999, -12.078651157, -12.077197342, -12.0746635699999, -12.073390181, -12.071943567, -12.0712419449999, -12.0685754589999, -12.067004656, -12.0656465049999, -12.0649993529999, -12.0646062059999, -12.0648153129999, -12.063122008, -12.0601054609999, -12.0597261949999, -12.059296445, 
-12.0561528639999, -12.055797275, -12.0559719789999, -12.056222315, -12.055800285, -12.0541664799999, -12.0537988939999, -12.053682602, -12.053328435, -12.052255779, -12.0498710009999, -12.0487841099999, -12.0470174439999, -12.0446583089999, -12.0438028529999, -12.0432032759999, -12.0429603249999, -12.0403408909999, -12.039543629, -12.038571503, -12.037876718, -12.0372298099999, -12.0367766869999, -12.0347460429999, -12.034427669, -12.034473938, -12.034112989, -12.032569443, -12.031256494, -12.0299017469999, 
-12.028817798, -12.026284673, -12.025552404, -12.024065485, -12.0220697109999, -12.018491683, -12.0177189199999, -12.0174430689999, -12.017630177, -12.017093524, -12.01591602, -12.014408744, -12.0118291349999, -12.010473395, -12.00857489, -12.007660133, -12.005949009, -12.000644954, -11.99986687, -11.99903391, -11.998676367, -11.997591175, -11.996343962, -11.9947922719999, -11.9930742939999, -11.9919825059999, -11.992099247, -11.991823243, -11.9914828109999, -11.9905304849999, -11.988577212, -11.9874207289999, 
-11.987106087, -11.986041864, -11.985486652, -11.9842967059999, -11.983654943, -11.9817151869999, -11.981195322, -11.981053309, -11.9807514519999, -11.9800127409999, -11.9795738969999, -11.9796196799999, -11.978992248, -11.978584352, -11.9785430589999, -11.978263683, -11.977494924, -11.97565928, -11.9708915799999, -11.9686394819999, -11.9683850549999, -11.9680179659999, -11.9674993739999, -11.9669432859999, -11.966558658, -11.965421105, -11.9648021939999, -11.9643734859999, -11.9633891999999, -11.962967946, 
-11.9626366549999, -11.9621250039999, -11.9617856359999, -11.9613456369999, -11.9589211979999, -11.958267395, -11.9576228659999, -11.956986686, -11.956178303, -11.9555791559999, -11.953974491, -11.95347969, -11.9527007739999, -11.950618085, -11.949676634, -11.949100251, -11.9475942469999, -11.9468142279999, -11.9459218919999, -11.9452756809999, -11.944480843, -11.944032203, -11.943982743, -11.9441799669999, -11.9440785589999, -11.9436817579999, -11.943730405, -11.944224918, -11.944917962, -11.94539917, 
-11.9458041009999, -11.9459702309999, -11.9459481029999, -11.9462795179999, -11.9466216879999, -11.9466521319999, -11.9465272799999, -11.9458510269999, -11.9444322879999, -11.9441445849999, -11.944327291, -11.9445418129999, -11.9444094839999, -11.943332545, -11.942973813, -11.9426267379999, -11.9421652559999, -11.9414349519999, -11.940706862, -11.9400892089999, -11.939665353, -11.940012585, -11.9400096289999, -11.939663349, -11.937353736, -11.9367386339999, -11.936659711, -11.9367739589999, -11.9365414799999, 
-11.9355816319999, -11.933778844, -11.933041323, -11.93174778, -11.9308058719999, -11.9308488489999, -11.930256855, -11.9292662569999, -11.9257499079999, -11.925254172, -11.9248063449999, -11.924455501, -11.9228117219999, -11.92217183, -11.9187531099999, -11.918167979, -11.9159547759999, -11.915064415, -11.9134685959999, -11.9127834939999, -11.9124895659999, -11.9126592249999, -11.912463037, -11.9124849039999, -11.912069511, -11.911655966, -11.911458688, -11.911336064, -11.9110907459999, -11.9089182069999, 
-11.907549969, -11.906687274, -11.905226769, -11.904563889, -11.903702591, -11.903505148, -11.9029504489999, -11.9013600889999, -11.900321693, -11.8984894369999, -11.897958912, -11.8974735479999, -11.896852151, -11.8962856869999, -11.8962016089999, -11.8962428979999, -11.895990986, -11.8953229399999, -11.894670789, -11.894231722, -11.891779838, -11.8891580009999, -11.8862629139999, -11.8856972169999, -11.883808508, -11.883001081, -11.8821020259999, -11.8813517899999, -11.879604647, -11.8790135209999, 
-11.8785394709999, -11.877603139, -11.877030776, -11.874943691, -11.87442103, -11.873921881, -11.8716733789999, -11.8712825769999, -11.8700029849999, -11.8694693639999, -11.868419225, -11.867975448, -11.8673893169999, -11.8667314699999, -11.8658576229999, -11.864812919, -11.8641037029999, -11.8628369729999, -11.8622068009999, -11.861870195, -11.862206215, -11.862132576, -11.8592654719999, -11.85885611, -11.858019533, -11.8566239109999, -11.8560399809999, -11.855792169, -11.8554377859999, -11.854339897, 
-11.853467264, -11.8511880309999, -11.850928637, -11.8509888899999, -11.8509063889999, -11.850482075, -11.8498080759999, -11.846573622, -11.841306997, -11.840895109, -11.840035185, -11.8394369759999, -11.8390426179999, -11.836280304, -11.832196817, -11.827717165, -11.8261376189999, -11.8213941169999, -11.8182265359999, -11.815195381, -11.812562051, -11.8103223809999, -11.8075510099999, -11.804652028, -11.800437563, -11.7963644489999, -11.793343528, -11.791633646, -11.7886068379999, -11.7871619969999, 
-11.7850666049999, -11.7829687709999, -11.780610748, -11.778508001, -11.773642247, -11.7707568289999, -11.769313825, -11.766687507, -11.763542997, -11.762497552, -11.7642221279999, -11.762643626, -11.7612004549999, -11.758970715, -11.7577906929999, -11.752924441, -11.7500299539999, -11.7471404729999, -11.745432641, -11.7412223659999, -11.7308267089999, -11.7272703039999, -11.7206600429999, -11.713266076, -11.712205101, -11.7119235989999, -11.7084873309999, -11.7053225679999, -11.703741559, -11.7036074859999, 
-11.704525693, -11.704914556, -11.7039875719999, -11.7026684069999, -11.70200769, -11.70213521, -11.701604889, -11.69962343, -11.699489173, -11.6998774479999, -11.6988217259999, -11.6969735449999, -11.6938064139999, -11.691696975, -11.69063778, -11.6890564079999, -11.689705902, -11.690222947, -11.689955937, -11.689814455, -11.682438208, -11.6807280489999, -11.679143278, -11.677693501, -11.675456637, -11.6738767919999, -11.672950537, -11.6709721829999, -11.669525165, -11.668205857, -11.665966811, 
-11.6639938069999, -11.663068037, -11.661355041, -11.659972199, -11.6589838639999, -11.657862698, -11.656935156, -11.656077675, -11.651418092, -11.648394817, -11.647143133, -11.6444148469999, -11.642135496, -11.640558755, -11.638380664, -11.635496287, -11.633528613, -11.632193577, -11.6315982199999, -11.630473647, -11.627165818, -11.6256180639999, -11.6243513559999, -11.6238980329999, -11.624817788, -11.6265292559999, -11.628555707, -11.630386675, -11.6304969549999, -11.629130686, -11.624879049, 
-11.624105184, -11.623258045, -11.6216823189999, -11.6194302819999, -11.615506669, -11.6133982129999, -11.609994131, -11.6087315219999, -11.608946489, -11.6209607879999, -11.624523448, -11.626075469, -11.626606199, -11.626328853, -11.624572261, -11.6222546179999, -11.620077082, -11.6178751629999, -11.617023568, -11.6150274619999, -11.6142523719999, -11.6134403779999, -11.612438738, -11.611094472, -11.609657274, -11.6086392609999, -11.607590817, -11.606859756, -11.606541115, -11.606618292, -11.607114709, 
-11.6067350329999, -11.6056130929999, -11.6058333599999, -11.605191773, -11.601997105, -11.600774959, -11.599829175, -11.600468787, -11.6012387279999, -11.6007263989999, -11.601209181, -11.6020580139999, -11.6024228759999, -11.6028486669999, -11.6044314339999, -11.604990982, -11.6045791569999, -11.6047240619999, -11.605218358, -11.607471549, -11.608064299, -11.6084745229999, -11.6086164599999, -11.6074474349999, -11.60549671, -11.6052793989999, -11.606441783, -11.6077102319999, -11.6087593829999, 
-11.606457444, -11.6043873659999, -11.603266978, -11.6027072379999, -11.6024998959999, -11.602710897, -11.6037676549999, -11.603944437, -11.603245725, -11.6020483279999, -11.600925833, -11.5999409529999, -11.5994536389999, -11.5993160719999, -11.598756484, -11.598017279, -11.5968954439999, -11.596476371, -11.5966034139999, -11.59634193, -11.5956418019999, -11.5948925919999, -11.59393344, -11.594066739, -11.5946187339999, -11.5946615019999, -11.5942333669999, -11.5945629449999, -11.597585468, -11.5985689709999, 
-11.5972053369999, -11.596224135, -11.595226969, -11.5937112999999, -11.5919391909999, -11.5912401439999, -11.590924535, -11.5902230889999, -11.5892396249999, -11.5877649059999, -11.58763264, -11.5876990589999, -11.587066659, -11.58550374, -11.5846503139999, -11.583107679, -11.5829009229999, -11.580949885, -11.5804918769999, -11.57928593, -11.5790773339999, -11.579989509, -11.580551907, -11.580346569, -11.579715646, -11.578978112, -11.578452414, -11.577335612, -11.576308433, -11.5751873169999, -11.5743741869999, 
-11.57275857, -11.571962033, -11.570594304, -11.5696792039999, -11.569325427, -11.568694566, -11.568063121, -11.566660483, -11.5651847449999, -11.5642381559999, -11.5634673359999, -11.564732065, -11.5645933619999, -11.5638222699999, -11.5616682279999, -11.559692106, -11.5587279579999, -11.557605047, -11.556632836, -11.5548550849999, -11.552691357, -11.549784148, -11.5483784419999, -11.546342853, -11.545571465, -11.5455738349999, -11.545222426, -11.54427529, -11.542096412, -11.5405544939999, -11.5404156489999, 
-11.5421051559999, -11.5424962199999, -11.5419370429999, -11.5414450829999, -11.5406758049999, -11.5393424949999, -11.5379406329999, -11.537701785, -11.537769118, -11.539883083, -11.5415000179999, -11.5442427099999, -11.550322386, -11.5515901479999, -11.552433987, -11.553210775, -11.55387844, -11.5549349519999, -11.556130899, -11.5561323749999, -11.5553605209999, -11.555788342, -11.556489464, -11.557510308, -11.5577319439999, -11.5576178489999, -11.5580299929999, -11.558375241, -11.5587903159999, 
-11.5590370479999, -11.558126038, -11.5576361319999, -11.5577800919999, -11.558203788, -11.5580646079999, -11.5572606889999, -11.557332075, -11.5580378169999, -11.5580363779999, -11.55719023, -11.5563523269999, -11.555521839, -11.554411268, -11.5539164489999, -11.555323442, -11.5552510609999, -11.5554829179999, -11.55407876, -11.5548537109999, -11.554716361, -11.554807141, -11.554557023, -11.5552081699999, -11.5555946679999, -11.5539810729999, -11.553140194, -11.5515948489999, -11.550050612, -11.5496295249999, 
-11.550156779, -11.549526871, -11.5489712429999, -11.5485506799999, -11.547919901, -11.5483087109999, -11.545434584, -11.544521134, -11.543466168, -11.54234322, -11.5420288509999, -11.5422403389999, -11.5426625089999, -11.542663183, -11.5433663599999, -11.542665317, -11.5428763079999, -11.543649565, -11.5445667699999, -11.5443553859999, -11.543687339, -11.543548976, -11.543966058, -11.54333938, -11.543255596, -11.5411749479999, -11.54057091, -11.5403919189999, -11.539624322, -11.5393032879999, -11.539726414, 
-11.539867784, -11.5395879189999, -11.53811938, -11.5376948899999, -11.536828677, -11.5355059779999, -11.5356274069999, -11.5361207189999, -11.5352931939999, -11.534368591, -11.5346638, -11.533736688, -11.533317132, -11.534403796, -11.534616678, -11.533985657, -11.5333520959999, -11.532863966, -11.5337368359999, -11.5346201859999, -11.5346493069999, -11.53353123, -11.53300743, -11.5325309579999, -11.5319260839999, -11.5324102539999, -11.5327880319999, -11.5325787399999, -11.5322769659999, -11.532025066, 
-11.5320633819999, -11.5326280739999, -11.533189736, -11.5338266699999, -11.533689258, -11.5330434569999, -11.5324506059999, -11.5322715249999, -11.531614082, -11.531737848, -11.5313980019999, -11.5317011349999, -11.5317622979999, -11.5325000729999, -11.532782195, -11.5327156459999, -11.532226068, -11.5315941849999, -11.531562314, -11.532079713, -11.5323441059999, -11.5322715839999, -11.532984701, -11.532795945, -11.5329785939999, -11.531431607, -11.53189323, -11.5322759129999, -11.5323133319999, 
-11.5321747039999, -11.5314373519999, -11.5308008789999, -11.530313912, -11.5299206729999, -11.528864951, -11.5279443479999, -11.527491395, -11.5268579469999, -11.526712717, -11.526774954, -11.524738761, -11.524402694, -11.5245053369999, -11.5231397269999, -11.521819677, -11.52118311, -11.5207203329999, -11.520026055, -11.519739384, -11.5202703729999, -11.519849355, -11.5199925449999, -11.519290901, -11.5172036549999, -11.516942431, -11.5153281079999, -11.513992608, -11.5116733609999, -11.5101307039999, 
-11.5086557409999, -11.5071464989999, -11.5064445079999, -11.5052505949999, -11.5033549229999, -11.5015280109999, -11.5002646889999, -11.4986791959999, -11.494163816, -11.4888384769999, -11.4880968369999, -11.4858170549999, -11.4866484039999, -11.488934494, -11.488999367, -11.4869232139999, -11.4873424449999, -11.487244164, -11.48766148, -11.487250312, -11.485899022, -11.4863194539999, -11.4859078539999, -11.48299836, -11.4795723399999, -11.4768715539999, -11.472791441, -11.462958292, -11.4726371009999
)))"
1101559,Teixeirópolis,11,RO,"list(list(c(-62.1635661599999, -62.164948872, -62.1645351609999, -62.163150054, -62.1646488379999, -62.164281218, -62.1615035839999, -62.1601449879999, -62.158643609, -62.159056655, -62.1560149269999, -62.1589414489999, -62.1618823649999, -62.1650782619999, -62.1682120639999, -62.176965064, -62.182797221, -62.183408038, -62.1942924129999, -62.1975833719999, -62.200527517, -62.20927953, -62.2116339309999, -62.2407817469999, -62.2593244349999, -62.349255571, -62.4087179209999, -62.4288510599999, -62.4416488319999, 
-62.454505399, -62.456559891, -62.4808613909999, -62.48679168, -62.4902743209999, -62.492155373, -62.4944682409999, -62.48611341, -62.484688896, -62.470420523, -62.4541550279999, -62.407737359, -62.3997556459999, -62.390020718, -62.3833616039999, -62.3787054049999, -62.376652292, -62.3696303189999, -62.3545448579999, -62.3524352859999, -62.3315666469999, -62.3308933549999, -62.3066421469999, -62.3053547499999, -62.22594753, -62.1225803469999, -62.124178196, -62.1373267069999, -62.1508940419999, -62.163750045, 
-62.162953486, -62.162987035, -62.1635661599999, -11.004890413, -11.005238697, -11.006824992, -11.008404911, -11.012904576, -11.0148317539999, -11.0153159079999, -11.0185125369999, -11.0188059699999, -11.02059506, -11.0259823429999, -11.025152986, -11.025568059, -11.024813868, -11.023406666, -11.0199043899999, -11.0177659819999, -11.0172150439999, -11.0133735299999, -11.0123909429999, -11.0111176259999, -11.0067159209999, -11.004977493, -11.0062669459999, -11.0072052979999, -11.0117381649999, -11.015773136, 
-11.019259507, -11.020914779, -11.022857758, -11.0233425139999, -11.029076623, -11.0298949559999, -11.0303756339999, -11.029100199, -11.026580563, -11.0206427699999, -11.0194982699999, -11.008027962, -10.994952172, -10.956365385, -10.949727763, -10.9416300509999, -10.933407895, -10.927422503, -10.9247821129999, -10.915561963, -10.8965880149999, -10.8939343699999, -10.867685927, -10.8668383319999, -10.8363225279999, -10.8347006539999, -10.862813477, -10.8993878289999, -10.9033144379999, -10.9356755689999, 
-10.9690512889999, -11.0006584909999, -11.002600656, -11.002919478, -11.004890413)))"
1101609,Theobroma,11,RO,"list(list(c(-62.428275532, -62.429260031, -62.430727458, -62.429336124, -62.4262815909999, -62.4233423839999, -62.4219985339999, -62.4212725359999, -62.416817586, -62.4149792049999, -62.414439795, -62.4127806169999, -62.4088088349999, -62.4060082189999, -62.405250428, -62.405831639, -62.4063295839999, -62.405295365, -62.4035093059999, -62.4020335219999, -62.4010091859999, -62.400321936, -62.402077129, -62.402863743, -62.400898325, -62.400592114, -62.399567235, -62.3982224339999, -62.396643931, -62.392337302, 
-62.388872551, -62.386086889, -62.3850301259999, -62.3828850139999, -62.382046439, -62.378752028, -62.3767072809999, -62.3692081399999, -62.359846196, -62.357678138, -62.3537914239999, -62.352619507, -62.3484940939999, -62.3466754519999, -62.3459701129999, -62.3405984939999, -62.332384165, -62.331431261, -62.326311312, -62.317830985, -62.3131925739999, -62.305703669, -62.303415854, -62.300995727, -62.297568978, -62.2920592659999, -62.2911416819999, -62.2902527829999, -62.2898358579999, -62.2889260719999, 
-62.287201265, -62.2861121119999, -62.2855307669999, -62.2846169419999, -62.2835609009999, -62.282505438, -62.280750957, -62.2775580449999, -62.2754476109999, -62.2734509099999, -62.2714533789999, -62.2693074979999, -62.261540837, -62.258869535, -62.2584193809999, -62.2579263499999, -62.257096275, -62.260751439, -62.261445285, -62.260979972, -62.258973625, -62.2585449699999, -62.257281119, -62.2551734629999, -62.2524723329999, -62.2496405949999, -62.2484382009999, -62.246899415, -62.246587202, -62.246720715, 
-62.2457793879999, -62.244225935, -62.23702597, -62.2348014019999, -62.23178052, -62.2229812859999, -62.218172248, -62.214731396, -62.2147516839999, -62.211805501, -62.209508206, -62.2073962799999, -62.20480639, -62.204169913, -62.203252413, -62.2021718009999, -62.1986172109999, -62.196695812, -62.1966197019999, -62.1952518579999, -62.192837417, -62.190891174, -62.189170022, -62.1885910879999, -62.187789246, -62.1871722349999, -62.1860882029999, -62.1856155689999, -62.183840581, -62.181772393, -62.1799176979999, 
-62.177806824, -62.174705817, -62.173946619, -62.172306369, -62.1699779219999, -62.1679232959999, -62.16533744, -62.163890514, -62.1628636139999, -62.160277261, -62.1535581249999, -62.150451393, -62.1487802499999, -62.1478624979999, -62.144085342, -62.138362038, -62.136388884, -62.135419971, -62.125392631, -62.124118588, -62.1203983269999, -62.119888538, -62.1154389729999, -62.114086964, -62.111673852, -62.10800505, -62.106303171, -62.1062836139999, -62.104255366, -62.101335141, -62.096080891, -62.097004751, 
-62.096782495, -62.097166912, -62.0959719549999, -62.094754064, -62.0936655739999, -62.0937281269999, -62.092590772, -62.0934338979999, -62.087309248, -62.086030727, -62.0875313299999, -62.085967765, -62.0836968649999, -62.083502006, -62.082448849, -62.0792518449999, -62.078729873, -62.0777263909999, -62.075386542, -62.0719028059999, -62.0690303189999, -62.069076896, -62.068640183, -62.067698669, -62.065746522, -62.0630630079999, -62.0618338419999, -62.0600132429999, -62.055613727, -62.0543638399999, 
-62.0506551309999, -62.045752808, -62.044580921, -62.0435259339999, -62.0425910119999, -62.041941358, -62.039694203, -62.0366981379999, -62.031502791, -62.027864348, -62.0266372239999, -62.024889194, -62.024250997, -62.0223609829999, -62.0214200039999, -62.0209435199999, -62.019140728, -62.017400756, -62.0163657449999, -62.0159814569999, -61.9562621809999, -61.9544177709999, -61.9555235159999, -61.9564725539999, -61.9605511239999, -61.9616667569999, -61.9620713989999, -61.963332382, -61.9644344009999, 
-61.9669666859999, -61.977484602, -61.981853416, -61.984253758, -61.986806388, -61.993111218, -61.9942219399999, -61.994864804, -61.994514939, -61.9933216549999, -61.982138014, -61.9801420779999, -61.9766990479999, -61.972473871, -61.97122653, -61.9704144829999, -61.972667101, -61.977104671, -61.980585924, -61.9833345179999, -61.9825292789999, -61.9835298259999, -61.9823318679999, -61.9799607009999, -61.9783662839999, -61.9785824029999, -61.9807851399999, -61.9834501619999, -61.985414737, -61.986060384, 
-61.987034825, -61.9883365539999, -61.9891072089999, -61.98931095, -61.992111522, -61.9941138659999, -61.9958055439999, -61.998140954, -61.9976716609999, -61.997111622, -61.995558549, -61.9933906969999, -61.99192338, -61.9909739509999, -61.991808986, -61.9934206069999, -61.992640778, -61.9912264359999, -61.990111965, -61.9898955669999, -61.991559518, -61.994110193, -61.996169519, -61.998421414, -62.001140659, -62.0058071189999, -62.0106215199999, -62.018026722, -62.02050546, -62.021139844, -62.0225583449999, 
-62.023724874, -62.026303264, -62.026277824, -62.0269186449999, -62.028974692, -62.028447646, -62.025780803, -62.027087996, -62.0272221, -62.0265869999999, -62.0271689299999, -62.028141765, -62.0301628879999, -62.035872254, -62.0385647479999, -62.041946422, -62.047527409, -62.0502834519999, -62.052278294, -62.0541198069999, -62.055362511, -62.055667469, -62.055390616, -62.0589200859999, -62.0609505779999, -62.0618681879999, -62.0631735619999, -62.066229487, -62.071699784, -62.076975628, -62.0785279529999, 
-62.079168327, -62.0806108379999, -62.082140872, -62.0835893449999, -62.085470572, -62.0883362789999, -62.091360798, -62.0945566939999, -62.0963882729999, -62.09788838, -62.099001715, -62.100141567, -62.102453735, -62.1043899819999, -62.105729925, -62.1062842309999, -62.1062907209999, -62.107224297, -62.110803488, -62.11266761, -62.11484059, -62.118172463, -62.120084301, -62.1212742839999, -62.122753541, -62.1246443759999, -62.1261089129999, -62.1267279109999, -62.127002421, -62.1261993489999, -62.124673993, 
-62.1228906099999, -62.121974486, -62.12083231, -62.12139194, -62.1229196159999, -62.1257577859999, -62.128091973, -62.132449148, -62.1329045479999, -62.134639185, -62.136894197, -62.137954045, -62.1383654639999, -62.1392273059999, -62.140006433, -62.140612816, -62.141477492, -62.1425317389999, -62.1448127159999, -62.146833869, -62.147619038, -62.148472861, -62.150226664, -62.151026937, -62.1555334889999, -62.156583501, -62.1579467339999, -62.1594761489999, -62.15989098, -62.161111631, -62.162313658, 
-62.1630904, -62.166110438, -62.169365024, -62.170617972, -62.171449136, -62.171424492, -62.171725665, -62.1733397959999, -62.174332194, -62.1757245699999, -62.1765834889999, -62.1765149679999, -62.17583598, -62.176310894, -62.177557216, -62.1783679339999, -62.179502811, -62.1815834, -62.183431059, -62.1882303529999, -62.1898000109999, -62.1917829889999, -62.198116319, -62.201642121, -62.200251672, -62.199979355, -62.20231211, -62.209698281, -62.2125882459999, -62.21600677, -62.218041284, -62.2221989229999, 
-62.224254049, -62.2262845669999, -62.226721852, -62.2268446839999, -62.2274566569999, -62.22978015, -62.229898631, -62.230536456, -62.2318632459999, -62.233566214, -62.235556454, -62.237591905, -62.2414784209999, -62.2448102819999, -62.2471480149999, -62.248604058, -62.249336617, -62.2503973869999, -62.2512790959999, -62.251369439, -62.2524468329999, -62.2534279959999, -62.2537542779999, -62.2526980759999, -62.254224641, -62.255316475, -62.256084207, -62.2566708069999, -62.256418993, -62.25947394, 
-62.262760008, -62.26336527, -62.2631438799999, -62.263811376, -62.265784999, -62.266977797, -62.269508618, -62.271978543, -62.272252577, -62.273810054, -62.275447276, -62.277561537, -62.279699192, -62.282451323, -62.283924605, -62.284782997, -62.2863884659999, -62.2878730939999, -62.289559597, -62.290696682, -62.292439201, -62.2913895139999, -62.290696773, -62.2918060309999, -62.2949197989999, -62.296565075, -62.2990828699999, -62.303314864, -62.3053100169999, -62.3068650069999, -62.31089251, -62.3118088299999, 
-62.3129188489999, -62.316647412, -62.318197046, -62.321307271, -62.3236201129999, -62.326755136, -62.329145217, -62.3330361689999, -62.336230245, -62.338228401, -62.338853953, -62.3390474729999, -62.339583635, -62.33894622, -62.341060896, -62.340421099, -62.3405577879999, -62.343315173, -62.3453900179999, -62.3470080879999, -62.348807838, -62.3495332209999, -62.350120769, -62.3513418609999, -62.3526985989999, -62.353945377, -62.353035478, -62.3538430739999, -62.354973959, -62.3567270619999, -62.359120945, 
-62.3619502, -62.3626990999999, -62.363531428, -62.364032598, -62.364864879, -62.365920143, -62.3666685359999, -62.367668635, -62.368668915, -62.3719680719999, -62.372395942, -62.3725346969999, -62.372197443, -62.3723597649999, -62.373785163, -62.374364908, -62.377637536, -62.379399125, -62.381671459, -62.3834186729999, -62.383781982, -62.385618565, -62.3857814079999, -62.3839523799999, -62.3839501529999, -62.385556819, -62.387087733, -62.3885027379999, -62.38986715, -62.390809607, -62.391004102, 
-62.3910038079999, -62.391898326, -62.3924786489999, -62.3938685479999, -62.3952008909999, -62.3984746949999, -62.3995072549999, -62.400731733, -62.404451158, -62.4060867969999, -62.4075928629999, -62.408334086, -62.4091471999999, -62.4115358129999, -62.412874989, -62.41306359, -62.4135301319999, -62.414170543, -62.4160289129999, -62.41706449, -62.4178386849999, -62.422145003, -62.422951471, -62.425591211, -62.4274784559999, -62.431091619, -62.436170502, -62.439447943, -62.440698486, -62.4431132539999, 
-62.446506383, -62.4498954629999, -62.4564198129999, -62.458007052, -62.4592153069999, -62.460515621, -62.4638430649999, -62.4660043709999, -62.4668260289999, -62.4674343459999, -62.467759396, -62.4874137889999, -62.5003736129999, -62.513288659, -62.557719761, -62.5581938699999, -62.5603152819999, -62.5849934, -62.585437381, -62.616034054, -62.6200341369999, -62.6699436239999, -62.66817153, -62.6495033699999, -62.6313966399999, -62.6222028399999, -62.61752654, -62.611043668, -62.6027332739999, -62.59886871, 
-62.596700015, -62.595120331, -62.593058937, -62.592646816, -62.592227055, -62.592531021, -62.5925595309999, -62.593032341, -62.59331667, -62.5933688699999, -62.5932513669999, -62.5920021009999, -62.591228692, -62.5907043189999, -62.589338493, -62.5875025459999, -62.586840529, -62.5851459509999, -62.585142629, -62.584947977, -62.581867033, -62.5800323879999, -62.580225782, -62.5808961059999, -62.580536412, -62.5801394819999, -62.580840852, -62.582002365, -62.583232815, -62.5850375379999, -62.5864493969999, 
-62.586390494, -62.585612338, -62.58394043, -62.579449661, -62.577368839, -62.574122334, -62.571567484, -62.569085059, -62.5680372089999, -62.5691156, -62.5706170479999, -62.574451844, -62.576372311, -62.5768396519999, -62.5762566179999, -62.575034111, -62.5734497279999, -62.572672947, -62.57241893, -62.57303481, -62.5743943149999, -62.576249112, -62.575615497, -62.5743967099999, -62.573568379, -62.5725321189999, -62.5717165, -62.567361981, -62.565200747, -62.563782743, -62.5619800309999, -62.561422219, 
-62.5600004939999, -62.5584270649999, -62.556530415, -62.551864623, -62.5501688639999, -62.547869846, -62.546447852, -62.5452621839999, -62.545003925, -62.5436701719999, -62.541862763, -62.5410621579999, -62.5400376249999, -62.538839063, -62.537917855, -62.536174716, -62.5342271499999, -62.533251393, -62.5324751269999, -62.533003403, -62.5320872459999, -62.529589952, -62.530370351, -62.528864347, -62.5272269329999, -62.5266214369999, -62.5276214959999, -62.5256436609999, -62.5251186659999, -62.5254816879999, 
-62.5246453049999, -62.52503483, -62.5255340529999, -62.5242568139999, -62.522639619, -62.5210675329999, -62.5195098189999, -62.517591516, -62.516365432, -62.5143700519999, -62.5109750219999, -62.51031616, -62.509475664, -62.509304884, -62.50948004, -62.5093667199999, -62.509784934, -62.5088137169999, -62.50750726, -62.5066499269999, -62.5064793949999, -62.505834732, -62.505375977, -62.5049517639999, -62.5043415019999, -62.5043057399999, -62.5045889319999, -62.504924196, -62.5046411819999, -62.5042292639999, 
-62.503032985, -62.500752236, -62.498479489, -62.4943105099999, -62.4931117669999, -62.4901767989999, -62.488660208, -62.4871718429999, -62.4854494339999, -62.4834279279999, -62.48220166, -62.4796762799999, -62.4771200339999, -62.4757475279999, -62.473534391, -62.4715822149999, -62.470037265, -62.4683643589999, -62.465976632, -62.464583809, -62.4641658959999, -62.4630840849999, -62.4627550869999, -62.4624518279999, -62.4616162609999, -62.4620331679999, -62.462278762, -62.4630912009999, -62.463114869, 
-62.4625074779999, -62.462781959, -62.463331366, -62.4618394569999, -62.4607792889999, -62.4601971489999, -62.4595874129999, -62.4553335269999, -62.4540819569999, -62.453368934, -62.4530341569999, -62.453587829, -62.453473623, -62.4528691359999, -62.4521406119999, -62.4515880339999, -62.4507500169999, -62.450093447, -62.4497288119999, -62.4498929539999, -62.451807594, -62.4522245479999, -62.452117779, -62.4524533329999, -62.4518349039999, -62.45328702, -62.4533335739999, -62.453195125, -62.4525607129999, 
-62.452752334, -62.45414338, -62.455149422, -62.455277324, -62.455283986, -62.453225545, -62.453031437, -62.4530374549999, -62.452503663, -62.4528366359999, -62.4526380599999, -62.452136395, -62.452534788, -62.4519477839999, -62.4521465209999, -62.452032039, -62.4505564629999, -62.4510580369999, -62.450922336, -62.4502578569999, -62.449390995, -62.449085519, -62.4495005209999, -62.450587769, -62.4507520799999, -62.450383324, -62.449256186, -62.44972633, -62.450891272, -62.4505920089999, -62.4498070659999, 
-62.4485877279999, -62.4481716229999, -62.447584597, -62.446917197, -62.446007015, -62.4455577189999, -62.44384009, -62.4417244589999, -62.4396169229999, -62.4386714429999, -62.437975157, -62.437840943, -62.436999596, -62.435200278, -62.434165439, -62.433388619, -62.4322756999999, -62.430421208, -62.4287825449999, -62.428113232, -62.4274819819999, -62.4270008799999, -62.426083464, -62.423174477, -62.428275532, -9.81658222399991, -9.81939758499989, -9.82727524299994, -9.82885686599998, -9.83062178299999, 
-9.83122401599999, -9.83241607599995, -9.83337723299998, -9.84277479799994, -9.84907049399993, -9.85523485199998, -9.85693772999992, -9.85925522699992, -9.86247461700001, -9.86451417199993, -9.87520109999998, -9.8786255209999, -9.88033900299992, -9.88168353799997, -9.88349922899992, -9.88531451299993, -9.88832792499995, -9.89483049399992, -9.89887159599997, -9.90610610999992, -9.91038728099994, -9.91171756299996, -9.91270135199992, -9.91385560899994, -9.91551148399999, -9.91777301999997, -9.92019586299998, 
-9.91917930599989, -9.91323745199995, -9.91179838299999, -9.90791655099997, -9.90699681299999, -9.9055412229999, -9.90546676299996, -9.90582539099996, -9.90778557599997, -9.90936652599995, -9.91194841799997, -9.91270568999992, -9.91283851999999, -9.91215344199997, -9.912235433, -9.91246114799994, -9.91464306999999, -9.92195979099991, -9.92217032599992, -9.92345869599994, -9.92420856999999, -9.92524456499991, -9.92769996499995, -9.93003004599991, -9.93100415099995, -9.93444122499994, -9.93537442399997, 
-9.93741188399998, -9.93986412399993, -9.93972071799996, -9.93877437, -9.93831422099994, -9.9380733049999, -9.93846709999998, -9.94021819999992, -9.942442307, -9.9430347119999, -9.94448019999995, -9.94636170699993, -9.94940981299989, -9.95110481899998, -9.95242714199996, -9.95280701299995, -9.9532228489999, -9.95416261999994, -9.95916385799994, -9.96134571299999, -9.96238758699995, -9.96388887599991, -9.96403724599993, -9.9647432409999, -9.96653172, -9.97053450799999, -9.97233535699996, -9.976513697, 
-9.97915317399999, -9.98155760099998, -9.99020674799992, -9.99453096699995, -10.000438833, -10.004520835, -10.006419782, -10.010449502, -10.0162047689999, -10.0203195609999, -10.0245271169999, -10.025471261, -10.030872845, -10.033222257, -10.032590796, -10.0337296129999, -10.0352942689999, -10.034411469, -10.0345453759999, -10.03679305, -10.0366591969999, -10.0379773449999, -10.0394524699999, -10.039199041, -10.0420126809999, -10.0424729609999, -10.044546657, -10.0447722279999, -10.044945816, -10.0458471919999, 
-10.0473264059999, -10.0471029759999, -10.0483463109999, -10.0482546549999, -10.047126024, -10.0486641159999, -10.0505766069999, -10.050052531, -10.0502795509999, -10.0527117399999, -10.053008613, -10.054610172, -10.0537307849999, -10.054478081, -10.052695133, -10.054301328, -10.0542883279999, -10.0519455849999, -10.05088413, -10.051497192, -10.0506872569999, -10.0484459519999, -10.041621731, -10.0399411929999, -10.0382277269999, -10.0397661799999, -10.0395337379999, -10.040381508, -10.0402510129999, 
-10.0424454859999, -10.0419314239999, -10.039730461, -10.039956004, -10.0392143459999, -10.03384131, -10.0320715859999, -10.0304809269999, -10.028374946, -10.0283518679999, -10.0289446459999, -10.028764042, -10.021733501, -10.0205079369999, -10.0185726999999, -10.017562326, -10.0164547589999, -10.0093778219999, -10.0088753979999, -10.0062744299999, -10.005007274, -10.00341952, -10.0007019179999, -9.99875293799995, -9.99842684799997, -9.99866042199994, -9.99680852599992, -9.99285850699994, -9.99032346699989, 
-9.98886410699994, -9.98834926999997, -9.98850535599992, -9.99003595899991, -9.99031980399995, -9.98772197799994, -9.98450332599999, -9.98413374999997, -9.98183984199997, -9.98052655499993, -9.97880785799993, -9.97897727799991, -9.97879985999997, -9.97801995099993, -9.97790162699991, -9.97516135399993, -9.97420318899996, -9.972451785, -9.96937266199996, -9.95868995899999, -9.957925807, -9.95856197699997, -9.95820901699998, -9.95634097299996, -9.95495771699991, -9.95174820399992, -9.94890084599996, 
-9.94877918199993, -9.94956469299991, -9.94967983199993, -9.95065989999993, -9.95988167699991, -9.96956077199998, -9.97340476199998, -9.97902422299997, -9.98485096899998, -9.98686218199994, -9.98997998899998, -10.0001963539999, -10.0050064599999, -10.006413249, -10.0069626239999, -10.0096085409999, -10.011845903, -10.0146086149999, -10.018923301, -10.0220012249999, -10.0320685569999, -10.03545775, -10.043477352, -10.0497158459999, -10.053195692, -10.05919161, -10.067527928, -10.0673385929999, -10.0660432559999, 
-10.0664872939999, -10.071193776, -10.0762234699999, -10.0791081999999, -10.089412959, -10.0910664339999, -10.0931585259999, -10.0932562479999, -10.092932561, -10.091927769, -10.0899951239999, -10.0884039909999, -10.0901474899999, -10.094466783, -10.098445802, -10.102474432, -10.1041633889999, -10.1049558739999, -10.1056504469999, -10.1088706579999, -10.1111945219999, -10.111902873, -10.113909769, -10.116157831, -10.1183853819999, -10.120398897, -10.121014091, -10.124480124, -10.126326497, -10.1288527849999, 
-10.1300584539999, -10.1305003589999, -10.1335233529999, -10.132433636, -10.131563237, -10.1323406619999, -10.132729759, -10.129760354, -10.1231621709999, -10.1222790699999, -10.1231577579999, -10.1262668459999, -10.1265620359999, -10.1267433619999, -10.1290094299999, -10.130544544, -10.133228741, -10.134816287, -10.136099098, -10.137671823, -10.138616322, -10.1402262019999, -10.141994734, -10.1443548639999, -10.1470219139999, -10.1517466399999, -10.153445064, -10.1546707649999, -10.157071031, -10.15733634, 
-10.156480761, -10.158199667, -10.1607867559999, -10.1631440639999, -10.165885476, -10.169667244, -10.172392694, -10.173231999, -10.174424603, -10.1757849639999, -10.1772824669999, -10.1784164669999, -10.1783982189999, -10.179930303, -10.182063465, -10.183038145, -10.1832436309999, -10.18294679, -10.1818376469999, -10.1797922219999, -10.1834228289999, -10.184694535, -10.1840925989999, -10.183394459, -10.18194333, -10.179852629, -10.1784527309999, -10.1784109059999, -10.180035411, -10.182158787, -10.1862763559999, 
-10.1940501999999, -10.1955896089999, -10.1963153449999, -10.1945129069999, -10.1939473049999, -10.1927116469999, -10.191543205, -10.1912288789999, -10.191774954, -10.1928147129999, -10.1956666629999, -10.1978251109999, -10.1995481909999, -10.201928732, -10.2047375049999, -10.2072383979999, -10.2097054149999, -10.2116828429999, -10.214102581, -10.215412538, -10.219104887, -10.220274899, -10.2247295949999, -10.2244400889999, -10.2247192639999, -10.225560769, -10.226057978, -10.225429718, -10.2245093029999, 
-10.22365683, -10.223539397, -10.2241205759999, -10.2236129139999, -10.222508968, -10.2219460239999, -10.2220145379999, -10.2226027879999, -10.222815316, -10.2231376519999, -10.223248934, -10.224178176, -10.2250437069999, -10.2252552209999, -10.2247776449999, -10.2237742059999, -10.2230213729999, -10.223152829, -10.222880833, -10.2236034569999, -10.224419866, -10.225834432, -10.2267892269999, -10.22717739, -10.227249351, -10.2268859269999, -10.2266359989999, -10.224165213, -10.2234262779999, -10.2239254349999, 
-10.2256613249999, -10.225803254, -10.225761372, -10.226175692, -10.228672817, -10.229281154, -10.229312362, -10.2302192429999, -10.234940707, -10.2365343489999, -10.238750185, -10.2417113659999, -10.243208471, -10.2433538169999, -10.2431778979999, -10.2429040519999, -10.2435199119999, -10.243231188, -10.243753392, -10.2447354179999, -10.24549252, -10.2468721929999, -10.249672905, -10.2506834999999, -10.252037431, -10.2524966129999, -10.251585392, -10.2480972699999, -10.2466297559999, -10.2465420959999, 
-10.247245474, -10.248202088, -10.2503635649999, -10.2506540489999, -10.2502943289999, -10.249475326, -10.248702177, -10.246982932, -10.2478088339999, -10.249187492, -10.252385289, -10.253150906, -10.252301541, -10.252049449, -10.2532200969999, -10.256413769, -10.256996731, -10.259017069, -10.260130803, -10.2615133609999, -10.2632611879999, -10.263694012, -10.2649612289999, -10.2663782209999, -10.265885275, -10.2648765339999, -10.264654598, -10.264793232, -10.2635509369999, -10.2636214129999, -10.264805285, 
-10.266667813, -10.2684814049999, -10.2708213109999, -10.274088152, -10.27885119, -10.279762414, -10.278378107, -10.2769696039999, -10.2755914479999, -10.274364636, -10.2750906309999, -10.276159058, -10.2781820589999, -10.2789592669999, -10.2795442769999, -10.280545074, -10.2816693029999, -10.2828635189999, -10.2851360029999, -10.2911286029999, -10.29244094, -10.2932641709999, -10.2941506269999, -10.2949086999999, -10.2965396989999, -10.2986345939999, -10.301311126, -10.3040360109999, -10.3058631569999, 
-10.306859888, -10.3096211559999, -10.311794742, -10.3120182199999, -10.3129297109999, -10.31367635, -10.3139934839999, -10.3147460689999, -10.316181664, -10.3182678259999, -10.31944605, -10.321624072, -10.324305931, -10.3251484039999, -10.3249804089999, -10.32094972, -10.320786718, -10.321447892, -10.32342415, -10.324492431, -10.3251717869999, -10.325205394, -10.324495719, -10.3237658949999, -10.3234321619999, -10.3239958579999, -10.322912398, -10.3241828319999, -10.3246020249999, -10.322794325, 
-10.321644803, -10.32023597, -10.317928161, -10.316649405, -10.3161939419999, -10.3169756839999, -10.3169525599999, -10.318420889, -10.316983249, -10.314553054, -10.313278118, -10.3122830949999, -10.311196798, -10.31079534, -10.309648835, -10.309965607, -10.3094957779999, -10.3087890519999, -10.3089598669999, -10.3087870809999, -10.3087516529999, -10.3073357109999, -10.3073861259999, -10.307846481, -10.3079799309999, -10.309619396, -10.310841067, -10.3118885349999, -10.3125641, -10.3133365469999, 
-10.313026834, -10.3123454449999, -10.309665521, -10.308993028, -10.307811889, -10.3069012079999, -10.3051412749999, -10.3037688789999, -10.3031616989999, -10.3033286449999, -10.3025063369999, -10.3006516889999, -10.2987857349999, -10.298925159, -10.2984302469999, -10.299882457, -10.3004077109999, -10.3003849789999, -10.2987065119999, -10.299059053, -10.2991667429999, -10.2989779799999, -10.2990810309999, -10.298608991, -10.299426143, -10.2990870429999, -10.2950675679999, -10.291481609, -10.288579097, 
-10.286869215, -10.284559923, -10.281971602, -10.3020403779999, -10.3156599079999, -10.328207312, -10.3721625159999, -10.3726304699999, -10.3693716279999, -10.3509489169999, -10.350617827, -10.327775731, -10.326730792, -10.288206377, -10.284702379, -10.250306831, -10.219537595, -10.2034351769999, -10.195244342, -10.197843031, -10.1947470399999, -10.1919742769999, -10.189455202, -10.1856209329999, -10.1836912099999, -10.1822884609999, -10.1785698019999, -10.17396101, -10.1705796, -10.1673566349999, 
-10.1662873769999, -10.1660901069999, -10.164336178, -10.1577020689999, -10.1557244849999, -10.1521435859999, -10.1475816199999, -10.1424028779999, -10.139842651, -10.1382949679999, -10.136435165, -10.13530315, -10.131374003, -10.1293297669999, -10.127041709, -10.1244300189999, -10.1209145119999, -10.119349331, -10.117965161, -10.1166541149999, -10.1157707069999, -10.1141433809999, -10.110625164, -10.1087641189999, -10.106935037, -10.105677374, -10.104196187, -10.103926814, -10.1032401149999, -10.102170568, 
-10.100872781, -10.099191854, -10.0975340939999, -10.097058908, -10.0964342469999, -10.0944238289999, -10.093194227, -10.0908384689999, -10.089519909, -10.08862843, -10.087836066, -10.0858377229999, -10.084050532, -10.0815374899999, -10.0792890719999, -10.075680328, -10.0730912549999, -10.0703928419999, -10.067835733, -10.0666086369999, -10.0652807829999, -10.064309103, -10.062423716, -10.0581102299999, -10.055314396, -10.0539729929999, -10.0545849179999, -10.054949231, -10.0531252589999, -10.0521504369999, 
-10.0514826679999, -10.0505070839999, -10.0501857359999, -10.0501162789999, -10.051027115, -10.0527642119999, -10.05385649, -10.0531069289999, -10.0533334479999, -10.051970156, -10.052963898, -10.052161795, -10.047696096, -10.0431796639999, -10.0422437589999, -10.0405841269999, -10.0360604619999, -10.0322273079999, -10.030445744, -10.031017948, -10.02912757, -10.0282960019999, -10.0252961349999, -10.0234117479999, -10.021846592, -10.019917316, -10.0173127069999, -10.0158604149999, -10.012778268, 
-10.0095696139999, -10.0073466819999, -10.0060521029999, -10.0049581179999, -10.002739777, -10.0003404669999, -9.99793716199996, -9.99716643699996, -9.99534806099996, -9.99443614199992, -9.99352979199998, -9.99125816899996, -9.98876284399991, -9.98825679099996, -9.98675885099992, -9.98289810399996, -9.98098223599989, -9.97890206199999, -9.97800007699997, -9.97618544599993, -9.97458219499988, -9.97317830299989, -9.97207506599992, -9.96824951799994, -9.96611009399993, -9.96497337599994, -9.96324975599988, 
-9.96107919599996, -9.95966896199999, -9.95792163299992, -9.95813073899999, -9.95714150799994, -9.95593405699996, -9.95419794399993, -9.952862302, -9.95023218999998, -9.94969744099997, -9.94803558499996, -9.9458160899999, -9.94407425499993, -9.94196152399992, -9.94069411099995, -9.93933504899994, -9.93817693499995, -9.93442550399989, -9.93305541299994, -9.93213431599994, -9.93051481799997, -9.92946889599994, -9.92719636899993, -9.92455055399995, -9.92374102999994, -9.92187984999996, -9.91989266299994, 
-9.91862047699993, -9.91770677599991, -9.91671557899997, -9.91584459199993, -9.91370462799997, -9.91369438699993, -9.91276840599996, -9.91095003399996, -9.90763766099999, -9.90688940499998, -9.9061563619999, -9.90474005199996, -9.89971584099992, -9.89854012899999, -9.89734529599998, -9.89661082899996, -9.895695689, -9.89510085399999, -9.89436190099996, -9.89327115399995, -9.89213593699999, -9.88856428599997, -9.88608852499993, -9.88473901500001, -9.88292749299996, -9.87983941299998, -9.87168411999995, 
-9.87072723599992, -9.86963355299993, -9.86758749699993, -9.86652589199993, -9.86529224699991, -9.86284575999999, -9.86253475099993, -9.86140883699994, -9.85770946099992, -9.85679075999993, -9.855887681, -9.853244913, -9.85125719599994, -9.85034128599992, -9.84934160499998, -9.84848249999995, -9.84657215299999, -9.84539494199993, -9.84448589599994, -9.84273892099999, -9.84174214099994, -9.84068059099995, -9.84005182099997, -9.83963924599994, -9.83874923299993, -9.83793267899996, -9.83722925899993, 
-9.83620234699996, -9.83412191899996, -9.83262400900001, -9.83136044699991, -9.829880158, -9.82887544499992, -9.82688583199996, -9.82531053099992, -9.82444292499999, -9.82216740699991, -9.82138564299989, -9.82073783499994, -9.81953366199996, -9.81833213699993, -9.81800666999991, -9.81907077199994, -9.81878981599996, -9.81687398199998, -9.81583024899995, -9.81466164899999, -9.81393724699991, -9.812331306, -9.81186896899993, -9.81149276099998, -9.81128604099993, -9.81031599599996, -9.80949123199993, 
-9.80740278299988, -9.80666376899993, -9.8060858289999, -9.80582531799993, -9.81658222399991)))"
1101708,Urupá,11,RO,"list(list(c(-62.1650782619999, -62.1618823649999, -62.1589414489999, -62.1560149269999, -62.1550010089999, -62.1520068939999, -62.148864518, -62.1444457599999, -62.145195658, -62.146113208, -62.145614946, -62.143976256, -62.1448696309999, -62.146419978, -62.147479868, -62.1487897119999, -62.152099824, -62.1545038879999, -62.156363874, -62.157114521, -62.1588129789999, -62.160841984, -62.1613962169999, -62.163786661, -62.163786312, -62.1647389469999, -62.1665643609999, -62.169366445, -62.169615541, 
-62.167508065, -62.165756289, -62.163334668, -62.160922712, -62.1596445009999, -62.1625921619999, -62.163814302, -62.164566008, -62.163728694, -62.1633965739999, -62.16573145, -62.166308897, -62.166585177, -62.165287361, -62.160951694, -62.1580121519999, -62.1575978389999, -62.1579750769999, -62.159225205, -62.161031762, -62.164230885, -62.1664831749999, -62.168445777, -62.169861276, -62.171090345, -62.1732347139999, -62.17361435, -62.175366922, -62.175478599, -62.175039331, -62.172259643, -62.172007207, 
-62.175234897, -62.1772856999999, -62.1785644719999, -62.1803140019999, -62.18281754, -62.1850330779999, -62.186257316, -62.1877603609999, -62.1858710809999, -62.1865894999999, -62.1887308299999, -62.1898410869999, -62.189535929, -62.1882008069999, -62.187811247, -62.188037992, -62.1891504719999, -62.192285796, -62.1938986399999, -62.1949350099999, -62.1951190079999, -62.1949827499999, -62.1955883469999, -62.195562018, -62.2003402349999, -62.201034037, -62.2016199339999, -62.203474242, -62.204424232, 
-62.2029269609999, -62.2083161469999, -62.211588406, -62.2135878369999, -62.2143122419999, -62.217646206, -62.217064984, -62.216477046, -62.2139218689999, -62.213950934, -62.2142855379999, -62.215647999, -62.216312962, -62.2176430659999, -62.2172312349999, -62.2158160779999, -62.2170926739999, -62.2170637829999, -62.2167568359999, -62.215592295, -62.214731623, -62.2143120909999, -62.21653474, -62.2199275459999, -62.2217236779999, -62.2243685529999, -62.2264475909999, -62.229231582, -62.230484685, 
-62.2320889569999, -62.2345383149999, -62.2371512399999, -62.238950787, -62.239312663, -62.2402035659999, -62.241119025, -62.242176241, -62.241782565, -62.2435615689999, -62.244313598, -62.2442829789999, -62.246976048, -62.250891527, -62.2526465129999, -62.254679325, -62.255837348, -62.2557268159999, -62.2582832419999, -62.258480215, -62.2577615859999, -62.255866373, -62.253347725, -62.25259638, -62.252946629, -62.2546485069999, -62.2543742839999, -62.254732503, -62.256236476, -62.2590325299999, 
-62.2608681089999, -62.26220499, -62.262731882, -62.2625925849999, -62.263038801, -62.263511107, -62.2647862289999, -62.264844618, -62.332047074, -62.3360578679999, -62.4063022399999, -62.4065900529999, -62.445339351, -62.4622581519999, -62.475657544, -62.476825416, -62.477841968, -62.4792973879999, -62.480578245, -62.4856478809999, -62.486015354, -62.4895263389999, -62.489768142, -62.5841521339999, -62.691317237, -62.689845762, -62.688705796, -62.6881016149999, -62.6910365049999, -62.689866335, 
-62.6877077039999, -62.6857888459999, -62.686457926, -62.684171689, -62.6873974169999, -62.680180327, -62.676979617, -62.674203362, -62.6706218429999, -62.66639888, -62.664264408, -62.6621246659999, -62.6635348509999, -62.6687060279999, -62.66797638, -62.6662075479999, -62.667176491, -62.6677836799999, -62.6674274549999, -62.6669238539999, -62.6638432929999, -62.662643797, -62.6645688539999, -62.663875556, -62.6552588239999, -62.65170534, -62.64809157, -62.646314718, -62.645822324, -62.643588789, 
-62.639124416, -62.638216243, -62.636730399, -62.633509887, -62.630875479, -62.6317887129999, -62.6303961359999, -62.629201, -62.628292113, -62.627507157, -62.6259579109999, -62.629005849, -62.630886235, -62.630174775, -62.63045611, -62.6277075819999, -62.6272842809999, -62.6259543039999, -62.6241499159999, -62.6180657149999, -62.617122583, -62.61620671, -62.610477096, -62.61217856, -62.611350132, -62.6099537689999, -62.605316498, -62.603676549, -62.6044005379999, -62.603733415, -62.602818005, -62.601730956, 
-62.60172987, -62.5996186399999, -62.597646763, -62.597078108, -62.5957571949999, -62.594317479, -62.5941204379999, -62.5930080469999, -62.5931507179999, -62.592119553, -62.590981007, -62.5875937639999, -62.585511296, -62.5859798879999, -62.58614501, -62.5854195169999, -62.5835338259999, -62.582291131, -62.5810412019999, -62.578174555, -62.5756770899999, -62.575178614, -62.573732702, -62.573594309, -62.57273128, -62.570483322, -62.549108896, -62.5430884609999, -62.5381844459999, -62.524224922, -62.5229836969999, 
-62.512152989, -62.5013222809999, -62.495276088, -62.4944682409999, -62.492155373, -62.4902743209999, -62.48679168, -62.4808613909999, -62.456559891, -62.454505399, -62.4416488319999, -62.4288510599999, -62.4087179209999, -62.349255571, -62.2593244349999, -62.2407817469999, -62.2116339309999, -62.20927953, -62.200527517, -62.1975833719999, -62.1942924129999, -62.183408038, -62.182797221, -62.176965064, -62.1682120639999, -62.1650782619999, -11.024813868, -11.025568059, -11.025152986, -11.0259823429999, 
-11.0277781149999, -11.0284489499999, -11.0302772309999, -11.030413666, -11.033027657, -11.035116833, -11.036527231, -11.038243845, -11.038767264, -11.0392122769999, -11.0414140659999, -11.042758367, -11.0453183569999, -11.045811277, -11.044910851, -11.0429653379999, -11.041425309, -11.042291801, -11.0411853139999, -11.039213959, -11.0405841739999, -11.0405703809999, -11.03668419, -11.0367436989999, -11.037766925, -11.0420430469999, -11.044560674, -11.0473200959999, -11.051710991, -11.0551930729999, 
-11.0585013189999, -11.0583002769999, -11.0566914549999, -11.0548976469999, -11.0534915389999, -11.0544222979999, -11.055859448, -11.057659288, -11.060237379, -11.0616966699999, -11.061345378, -11.0625117409999, -11.064945674, -11.067752996, -11.0688420409999, -11.068648967, -11.071241313, -11.0714565229999, -11.0729329789999, -11.0710104459999, -11.072062563, -11.072903151, -11.075595618, -11.0707764269999, -11.069111755, -11.068291591, -11.0664965199999, -11.0659175069999, -11.066669427, -11.0675118749999, 
-11.0668846679999, -11.0676843979999, -11.0706267379999, -11.0709252229999, -11.0686541589999, -11.0632332649999, -11.061781174, -11.061087925, -11.0602253189999, -11.0587738289999, -11.056470567, -11.0543890999999, -11.05300125, -11.0531693349999, -11.0552864069999, -11.055995359, -11.0574684019999, -11.057729426, -11.0597649619999, -11.062398474, -11.0634209409999, -11.064366282, -11.0669096169999, -11.067887854, -11.0697274599999, -11.0718698599999, -11.0736563209999, -11.0761699519999, -11.076655827, 
-11.074461821, -11.072902122, -11.0765642379999, -11.081915898, -11.0837692199999, -11.087007142, -11.0893444, -11.0914755189999, -11.0930049099999, -11.094867418, -11.0972304259999, -11.0998410439999, -11.10021595, -11.102107594, -11.1046263879999, -11.106050393, -11.10732654, -11.108630298, -11.110316141, -11.1105515739999, -11.107468161, -11.106379096, -11.103239807, -11.1042294539999, -11.1065449359999, -11.107371527, -11.106558933, -11.1080139319999, -11.106439764, -11.1079382799999, -11.1100514849999, 
-11.1121225869999, -11.1160008329999, -11.1171182719999, -11.119388052, -11.1229706229999, -11.1240452789999, -11.127492497, -11.1278410759999, -11.12705329, -11.1285205719999, -11.128545882, -11.130339161, -11.1305749649999, -11.132593415, -11.1340483999999, -11.135187173, -11.1365271979999, -11.138940736, -11.140314999, -11.142104287, -11.145533812, -11.1493251489999, -11.1500710889999, -11.151720578, -11.154779947, -11.1571375239999, -11.159412876, -11.1612241399999, -11.1646312129999, -11.1668565379999, 
-11.168582429, -11.170614082, -11.1723414219999, -11.173934431, -11.17402891, -11.1756767759999, -11.175683993, -11.176585125, -11.1824636509999, -11.187118604, -11.187525249, -11.1878782269999, -11.1883835939999, -11.188828346, -11.1905886779999, -11.1907162759999, -11.1919353969999, -11.192019358, -11.2247696129999, -11.1298141279999, -11.126878593, -11.1273763019999, -11.1260044899999, -11.1234814229999, -11.1217706989999, -11.122717897, -11.121020483, -11.1188904509999, -11.1153126049999, -11.1126543149999, 
-11.11489789, -11.1173533029999, -11.1151515629999, -11.1132759499999, -11.112277252, -11.110157238, -11.109029349, -11.1062233989999, -11.105207639, -11.103180913, -11.0994019069999, -11.0959841959999, -11.0920400899999, -11.0877208599999, -11.086178751, -11.083886015, -11.0811381729999, -11.079080717, -11.0779017699999, -11.0791213169999, -11.0816006489999, -11.0826325409999, -11.0791503709999, -11.0784460069999, -11.075246873, -11.0747909129999, -11.0763141069999, -11.076756028, -11.0762218519999, 
-11.0735500239999, -11.068566485, -11.067917021, -11.071136382, -11.071923356, -11.074366276, -11.075700948, -11.0775551279999, -11.082876551, -11.0855115289999, -11.0869447289999, -11.0887222209999, -11.0899222059999, -11.0895053959999, -11.0876590249999, -11.089101407, -11.0875812969999, -11.0878227819999, -11.083589397, -11.08005325, -11.078103112, -11.0791596999999, -11.0787090249999, -11.0789878799999, -11.0752449009999, -11.071273647, -11.069723992, -11.0698100849999, -11.0713301039999, -11.0717724879999, 
-11.072626054, -11.0715962269999, -11.0702986059999, -11.070223726, -11.0688148249999, -11.068380911, -11.066972287, -11.0661236409999, -11.0663265489999, -11.062629317, -11.063707772, -11.064668898, -11.0666146379999, -11.0690685409999, -11.068397764, -11.0718861539999, -11.0736301339999, -11.0751967929999, -11.0782999959999, -11.0802850199999, -11.080125252, -11.0819623789999, -11.0847235259999, -11.082943626, -11.0660172259999, -11.073435971, -11.067790286, -11.0501643709999, -11.049007984, -11.0403707979999, 
-11.0317336129999, -11.0263729279999, -11.026580563, -11.029100199, -11.0303756339999, -11.0298949559999, -11.029076623, -11.0233425139999, -11.022857758, -11.020914779, -11.019259507, -11.015773136, -11.0117381649999, -11.0072052979999, -11.0062669459999, -11.004977493, -11.0067159209999, -11.0111176259999, -11.0123909429999, -11.0133735299999, -11.0172150439999, -11.0177659819999, -11.0199043899999, -11.023406666, -11.024813868)))"
1101757,Vale Do Anari,11,RO,"list(list(c(-61.617612997, -61.623729414, -61.6247904729999, -61.625926126, -61.6272733989999, -61.627875034, -61.6271249449999, -61.6259281019999, -61.6238847989999, -61.621301789, -61.614777746, -61.613638107, -61.6122474929999, -61.6113882299999, -61.6112939619999, -61.610979178, -61.610129657, -61.608352197, -61.598750535, -61.5946382, -61.58314028, -61.5803063879999, -61.5793546779999, -61.5738197439999, -61.569529804, -61.5633168799999, -61.561075054, -61.5589388009999, -61.553332731, -61.5527040759999, 
-61.552512618, -61.5531549759999, -61.558233816, -61.5596814029999, -61.5613730749999, -61.561495912, -61.5603189619999, -61.557678763, -61.5505386999999, -61.5503392789999, -61.5506088309999, -61.554677477, -61.555283811, -61.5558901449999, -61.555832902, -61.556719991, -61.56228327, -61.564668244, -61.571133687, -61.5741920729999, -61.581718746, -61.581552441, -61.5803045709999, -61.5739969739999, -61.573245035, -61.572485918, -61.5736471519999, -61.578468317, -61.5786429279999, -61.576977272, 
-61.5736953879999, -61.569820718, -61.569070519, -61.5667317469999, -61.562736787, -61.560360926, -61.55399907, -61.5519837399999, -61.54989047, -61.5450794539999, -61.5428379549999, -61.5410912849999, -61.538566394, -61.536641452, -61.533373022, -61.526508139, -61.5258126209999, -61.52565105, -61.526179895, -61.5285265969999, -61.5337155349999, -61.541660665, -61.545502736, -61.5473947449999, -61.5491207379999, -61.549572567, -61.549844783, -61.5495653669999, -61.5472637559999, -61.544682326, -61.5362057149999, 
-61.5317341809999, -61.5271245959999, -61.526356436, -61.5249242109999, -61.5231505409999, -61.521512036, -61.517007862, -61.5144381979999, -61.5134543039999, -61.5134424859999, -61.5140919229999, -61.512561041, -61.5091237249999, -61.50829145, -61.50804292, -61.509918, -61.50927732, -61.510384691, -61.5103713879999, -61.508511692, -61.5063148139999, -61.504675109, -61.5031748609999, -61.5013970809999, -61.5002841569999, -61.4990388879999, -61.4964528939999, -61.4951982859999, -61.4948135489999, 
-61.494927146, -61.49817145, -61.4993394969999, -61.50003702, -61.501098319, -61.502733677, -61.5037039149999, -61.503032634, -61.500493754, -61.496855173, -61.495744777, -61.492067472, -61.487469468, -61.48455355, -61.482417838, -61.480950061, -61.478595866, -61.4771196789999, -61.4768073669999, -61.4769654559999, -61.478196482, -61.480535131, -61.4812073479999, -61.480955522, -61.481727118, -61.48472075, -61.486179486, -61.487871261, -61.4883140309999, -61.490707082, -61.4918897969999, -61.494071715, 
-61.4950124709999, -61.497915856, -61.4988436839999, -61.5068827919999, -61.507038342, -61.506648532, -61.5063028159999, -61.5042290689999, -61.503598361, -61.502967653, -61.502550895, -61.5022443669999, -61.5021485739999, -61.50527197, -61.508776549, -61.512302744, -61.519661979, -61.521857922, -61.5244304869999, -61.527129456, -61.5296105629999, -61.532429306, -61.542983303, -61.546092656, -61.54684429, -61.548509758, -61.550124984, -61.551938985, -61.553050186, -61.559359327, -61.562265004, -61.563761115, 
-61.5678127039999, -61.572332451, -61.574637304, -61.581895359, -61.588470983, -61.595217294, -61.599762775, -61.603638974, -61.604525505, -61.604365801, -61.605332214, -61.6070270539999, -61.608429406, -61.6100843189999, -61.6181350309999, -61.62399651, -61.6274130239999, -61.6327322369999, -61.6333384209999, -61.638129959, -61.644667451, -61.6487853189999, -61.6548955469999, -61.6570014969999, -61.6610766249999, -61.6617623269999, -61.662055014, -61.6678329589999, -61.6747774, -61.681216934, -61.685668822, 
-61.68786178, -61.6902518959999, -61.694716606, -61.696031641, -61.6969113709999, -61.7004465879999, -61.701536345, -61.706614776, -61.7115541759999, -61.712903177, -61.7195614109999, -61.7212253159999, -61.7274461109999, -61.733803498, -61.737961908, -61.741637538, -61.744634629, -61.7478735879999, -61.76036037, -61.7619038889999, -61.762791778, -61.767053512, -61.7745588969999, -61.7809703079999, -61.78844311, -61.7921656859999, -61.7966171359999, -61.7975596959999, -61.7983893789999, -61.7982841709999, 
-61.796355349, -61.795132939, -61.7941995719999, -61.7941159939999, -61.7948095159999, -61.797778404, -61.800058032, -61.8013971239999, -61.8053055349999, -61.807825704, -61.80828287, -61.806783103, -61.806041448, -61.806667336, -61.8072823969999, -61.810721478, -61.8135250389999, -61.819833078, -61.830712894, -61.83682306, -61.837906879, -61.8393105619999, -61.841250719, -61.8441957579999, -61.844710388, -61.8447270219999, -61.8435267349999, -61.837570767, -61.837299163, -61.83725194, -61.8396183979999, 
-61.843080777, -61.849160844, -61.8502264499999, -61.8506922059999, -61.854139263, -61.860188732, -61.862414018, -61.8635274649999, -61.866138349, -61.867946124, -61.870453259, -61.873526978, -61.876643279, -61.877044121, -61.876398049, -61.873775105, -61.870831648, -61.868794226, -61.8670676799999, -61.866439547, -61.865506935, -61.863873543, -61.862697255, -61.861698533, -61.861293495, -61.8611445239999, -61.8617736779999, -61.85829384, -61.8586408909999, -61.860207034, -61.8620291399999, -61.8655668919999, 
-61.8693068549999, -61.8706930049999, -61.872556899, -61.874300892, -61.8774874169999, -61.878172465, -61.879006454, -61.8815826169999, -61.885089481, -61.888424432, -61.889616085, -61.892220066, -61.8945116899999, -61.8961144219999, -61.899073635, -61.901137208, -61.9057978509999, -61.906456494, -61.9083107579999, -61.909054978, -61.91126681, -61.911407275, -61.9116445029999, -61.913359686, -61.9173112729999, -61.918222507, -61.918797717, -61.920942444, -61.921449791, -61.9222206349999, -61.9243353939999, 
-61.92528164, -61.9258756139999, -61.9271229549999, -61.9280043109999, -61.9303328759999, -61.932752818, -61.933753103, -61.9351963829999, -61.9371435259999, -61.940115022, -61.942729337, -61.9450025929999, -61.9487264249999, -61.949445257, -61.9505067709999, -61.9514197899999, -61.9520059079999, -61.9530010009999, -61.9544177709999, -61.9562621809999, -62.0159814569999, -62.0163657449999, -62.017400756, -62.019140728, -62.0209435199999, -62.0214200039999, -62.0223609829999, -62.024250997, -62.024889194, 
-62.0266372239999, -62.027864348, -62.031502791, -62.0366981379999, -62.039694203, -62.041941358, -62.0425910119999, -62.0435259339999, -62.044580921, -62.045752808, -62.0506551309999, -62.0543638399999, -62.055613727, -62.0600132429999, -62.0618338419999, -62.0630630079999, -62.065746522, -62.067698669, -62.068640183, -62.069076896, -62.0690303189999, -62.0719028059999, -62.075386542, -62.0777263909999, -62.078729873, -62.0792518449999, -62.082448849, -62.083502006, -62.0836968649999, -62.085967765, 
-62.0875313299999, -62.086030727, -62.087309248, -62.0934338979999, -62.092590772, -62.0937281269999, -62.0936655739999, -62.094754064, -62.0959719549999, -62.097166912, -62.096782495, -62.097004751, -62.096080891, -62.101335141, -62.104255366, -62.1062836139999, -62.106303171, -62.10800505, -62.111673852, -62.114086964, -62.1154389729999, -62.119888538, -62.1203983269999, -62.124118588, -62.125392631, -62.135419971, -62.136388884, -62.138362038, -62.144085342, -62.1478624979999, -62.1487802499999, 
-62.150451393, -62.1535581249999, -62.160277261, -62.1628636139999, -62.163890514, -62.16533744, -62.1679232959999, -62.1699779219999, -62.172306369, -62.173946619, -62.174705817, -62.177806824, -62.1799176979999, -62.181772393, -62.183840581, -62.1856155689999, -62.1860882029999, -62.1871722349999, -62.187789246, -62.1885910879999, -62.189170022, -62.190891174, -62.192837417, -62.1952518579999, -62.1966197019999, -62.196695812, -62.1986172109999, -62.2021718009999, -62.203252413, -62.204169913, 
-62.20480639, -62.2073962799999, -62.209508206, -62.211805501, -62.2147516839999, -62.214731396, -62.218172248, -62.2229812859999, -62.23178052, -62.2348014019999, -62.23702597, -62.244225935, -62.2457793879999, -62.246720715, -62.246587202, -62.246899415, -62.2484382009999, -62.2496405949999, -62.2524723329999, -62.2551734629999, -62.257281119, -62.2585449699999, -62.258973625, -62.260979972, -62.261445285, -62.260751439, -62.257096275, -62.2579263499999, -62.2584193809999, -62.258869535, -62.261540837, 
-62.2693074979999, -62.2714533789999, -62.2734509099999, -62.2754476109999, -62.2775580449999, -62.280750957, -62.282505438, -62.2835609009999, -62.2846169419999, -62.2855307669999, -62.2861121119999, -62.287201265, -62.2889260719999, -62.2898358579999, -62.2902527829999, -62.2911416819999, -62.2920592659999, -62.297568978, -62.300995727, -62.303415854, -62.305703669, -62.3131925739999, -62.317830985, -62.326311312, -62.331431261, -62.332384165, -62.3405984939999, -62.3459701129999, -62.3466754519999, 
-62.3484940939999, -62.352619507, -62.3537914239999, -62.357678138, -62.359846196, -62.3692081399999, -62.3767072809999, -62.378752028, -62.382046439, -62.3828850139999, -62.3850301259999, -62.386086889, -62.388872551, -62.392337302, -62.396643931, -62.3982224339999, -62.399567235, -62.400592114, -62.400898325, -62.402863743, -62.402077129, -62.400321936, -62.4010091859999, -62.4020335219999, -62.4035093059999, -62.405295365, -62.4063295839999, -62.405831639, -62.405250428, -62.4060082189999, -62.4088088349999, 
-62.4127806169999, -62.414439795, -62.4149792049999, -62.416817586, -62.4212725359999, -62.4219985339999, -62.4233423839999, -62.4262815909999, -62.429336124, -62.430727458, -62.429260031, -62.428275532, -62.423174477, -62.4228659139999, -62.422616686, -62.4187019129999, -62.4172163759999, -62.416422249, -62.415783727, -62.4140670389999, -62.4145049939999, -62.414331708, -62.412915511, -62.40998216, -62.4097888579999, -62.4114198509999, -62.411029293, -62.4084947259999, -62.4060139079999, -62.4032038, 
-62.400895432, -62.397543625, -62.3960529399999, -62.3928239919999, -62.3909458489999, -62.3883069509999, -62.3837597359999, -62.38275272, -62.380651297, -62.3783565499999, -62.377350168, -62.375337469, -62.3696162529999, -62.367449662, -62.363222115, -62.361974139, -62.3595635339999, -62.356645456, -62.353876523, -62.3493657759999, -62.3488633979999, -62.349003758, -62.346386491, -62.3446262039999, -62.34263989, -62.3417226239999, -62.3401673259999, -62.3371697329999, -62.336276389, -62.333470677, 
-62.3314744139999, -62.3297203939999, -62.3300573479999, -62.3297739559999, -62.3277536359999, -62.325947721, -62.3244183469999, -62.3208320889999, -62.317814125, -62.3170030739999, -62.3098594929999, -62.309838235, -62.3026667999999, -62.300617192, -62.298029377, -62.2957796969999, -62.295561694, -62.2961393529999, -62.295608503, -62.291668865, -62.290946516, -62.289498329, -62.2890876069999, -62.288146826, -62.2863903469999, -62.28408704, -62.2829080859999, -62.282122795, -62.2782676069999, -62.277004715, 
-62.276578962, -62.2754475559999, -62.271923759, -62.269917979, -62.267916883, -62.267530542, -62.265840697, -62.26338916, -62.2605836359999, -62.261385203, -62.2611664119999, -62.2596379919999, -62.2584485029999, -62.2567589219999, -62.255271969, -62.253443567, -62.2509935289999, -62.2476944919999, -62.246371575, -62.2438624229999, -62.2432708309999, -62.241611991, -62.240249436, -62.2380856899999, -62.237028134, -62.2353939979999, -62.2333553029999, -62.232471107, -62.2310552719999, -62.2297742769999, 
-62.2273324359999, -62.225895277, -62.223433217, -62.2188959469999, -62.2189236299999, -62.2169843509999, -62.212441121, -62.212084287, -62.210896107, -62.209699389, -62.209368478, -62.20997498, -62.210166143, -62.2095668339999, -62.206558352, -62.2037335489999, -62.202573513, -62.202327989, -62.2001290739999, -62.1998615129999, -62.199088015, -62.1982278729999, -62.1980267449999, -62.1939906699999, -62.1933887989999, -62.191004951, -62.19011822, -62.190027128, -62.1904352139999, -62.190364077, -62.1861623479999, 
-62.1835375959999, -62.181998945, -62.1799186969999, -62.177803878, -62.176780723, -62.1740837889999, -62.173008328, -62.172256336, -62.167367062, -62.166891246, -62.1662827379999, -62.164498581, -62.16233182, -62.1554420149999, -62.153616675, -62.149178938, -62.1484087749999, -62.147559545, -62.143810698, -62.140090123, -62.138141011, -62.137637401, -62.136586154, -62.13639197, -62.135527038, -62.1347526129999, -62.132140063, -62.1305542029999, -62.1267528119999, -62.1263343159999, -62.124610996, 
-62.1257235539999, -62.1258051709999, -62.123639445, -62.1229155869999, -62.1227296859999, -62.121390901, -62.119669547, -62.1161022709999, -62.1141378859999, -62.114197253, -62.1150287759999, -62.118090659, -62.117993487, -62.1169264019999, -62.116164171, -62.1161384709999, -62.117191684, -62.1173344089999, -62.1170287359999, -62.115587853, -62.1162557139999, -62.1165282469999, -62.1137470229999, -62.1099042399999, -62.108553316, -62.108113124, -62.107005042, -62.1059121469999, -62.1030822719999, 
-62.100725922, -62.0997719069999, -62.099580229, -62.097476213, -62.0958269479999, -62.095352001, -62.094291345, -62.091612116, -62.0903899939999, -62.084949292, -62.084279981, -62.083082079, -62.0808093159999, -62.079669865, -62.072834086, -62.0713370189999, -62.068527149, -62.067247653, -62.066327854, -62.064583476, -62.0638402919999, -62.0643731879999, -62.066338295, -62.066478429, -62.065832842, -62.0611297069999, -62.05810831, -62.0571139189999, -62.058721203, -62.058719166, -62.057079031, -62.055256321, 
-62.051225229, -62.049341564, -62.048530889, -62.04856993, -62.049816883, -62.053521517, -62.0539440439999, -62.05301821, -62.05263411, -62.049924614, -62.049448911, -62.049138689, -62.0473401619999, -62.0476106459999, -62.0464898719999, -62.044084616, -62.042869546, -62.04249929, -62.042171789, -62.0415876379999, -62.0408346299999, -62.040055115, -62.038889407, -62.0367759489999, -62.036086911, -62.0345603429999, -62.033332881, -62.0297226129999, -62.027560972, -62.0241063209999, -62.022527283, 
-62.0217544929999, -62.0173619049999, -62.015067364, -62.0130593689999, -62.0116466169999, -62.01061257, -62.0110016849999, -62.0126676809999, -62.013662992, -62.016739027, -62.017267739, -62.0173936589999, -62.0172671189999, -62.015035044, -62.015025791, -62.0160077529999, -62.016137546, -62.015921799, -62.0163366669999, -62.0155586229999, -62.0135885509999, -62.0138720679999, -62.014530215, -62.01381968, -62.0125525649999, -62.006273828, -62.0051674529999, -62.0031902259999, -62.0034478439999, 
-62.0053788209999, -62.005913364, -62.004235869, -62.003227056, -61.9997847, -61.9967252829999, -61.994222883, -61.988930635, -61.9856938949999, -61.983110715, -61.981970516, -61.980468793, -61.980413292, -61.9814189809999, -61.981699362, -61.9864741769999, -61.987747679, -61.9874672229999, -61.985559306, -61.9855583079999, -61.987501955, -61.9912469429999, -61.992836952, -61.9948955609999, -61.9965241279999, -62.000478782, -62.004199722, -62.010638259, -62.0139547169999, -62.015113216, -62.017491941, 
-62.022250905, -62.0244762679999, -62.0248190509999, -62.0236468659999, -62.021570033, -62.019812694, -62.018654107, -62.0171082729999, -62.0103295229999, -62.0083908359999, -62.0062523839999, -62.0051944069999, -62.0052245139999, -62.0035785209999, -62.0023336119999, -62.0002294439999, -61.9987845589999, -61.995066653, -61.993733273, -61.992110264, -61.9885569969999, -61.988029747, -61.989085674, -61.991000256, -61.9979900749999, -61.9988454319999, -61.9991943209999, -61.9993598779999, -61.99494512, 
-61.993617704, -61.992287333, -61.991754053, -61.991749812, -61.992122471, -61.992537733, -61.996072277, -61.996977324, -61.998724132, -62.00772911, -62.010175435, -62.0125848309999, -62.0130348349999, -62.012920398, -62.010504366, -62.0101376359999, -62.014676406, -62.014082177, -62.0101784349999, -62.008920753, -62.006586864, -62.002359626, -62.0004994999999, -61.9995089669999, -61.974833366, -61.962734447, -61.920945596, -61.946383806, -61.918608443, -61.918335146, -61.8598732889999, -61.8501737989999, 
-61.830130765, -61.8290248089999, -61.7530091069999, -61.749628459, -61.749335365, -61.747353668, -61.7445792659999, -61.742312585, -61.7352704499999, -61.732554791, -61.72805427, -61.720447296, -61.718858998, -61.710470912, -61.700966267, -61.698637152, -61.697250519, -61.6973355419999, -61.6978026649999, -61.7013878489999, -61.702863258, -61.7036977549999, -61.705218782, -61.706084691, -61.708260809, -61.7088377729999, -61.7134222989999, -61.7139943979999, -61.7136662039999, -61.7126389439999, 
-61.7101907599999, -61.7086574179999, -61.707474757, -61.7062816579999, -61.7033019609999, -61.6974409549999, -61.694502052, -61.693221641, -61.690055889, -61.686632509, -61.6837971849999, -61.683019639, -61.680967891, -61.680306284, -61.680542095, -61.683281752, -61.683556574, -61.682804886, -61.682236631, -61.680446163, -61.680086068, -61.6835998349999, -61.67988954, -61.674607019, -61.6727772179999, -61.670774527, -61.6673926779999, -61.6587577019999, -61.633143695, -61.6321701219999, -61.6297787459999, 
-61.6232415279999, -61.619404463, -61.6162106329999, -61.617612997, -9.32875502699991, -9.33453619999996, -9.33642511599993, -9.34014141499993, -9.34574402599996, -9.35163683099992, -9.35904134099999, -9.36301171699997, -9.36259803199993, -9.36107422399997, -9.35629989599992, -9.35577632999994, -9.35593412199994, -9.35661407899998, -9.35992180700001, -9.36109944999993, -9.36251620699991, -9.36351427699998, -9.36748958899992, -9.36870441399998, -9.36815554699995, -9.36822191799994, -9.36843489999998, 
-9.37071588199997, -9.37330132700001, -9.37815665499993, -9.38175681599992, -9.38548029899989, -9.38651636199991, -9.38742189299996, -9.38833162, -9.38905869399994, -9.39182410099995, -9.39310257899995, -9.39742819199992, -9.40055233599995, -9.40345569399993, -9.40595254199993, -9.41470349099994, -9.4162895219999, -9.41774812599997, -9.42026931699994, -9.42103028199993, -9.42179124800001, -9.43116387599995, -9.43561504199991, -9.43700030099995, -9.43835547099999, -9.44494350899992, -9.45157000799993, 
-9.45912653099997, -9.46025987199995, -9.46067215099996, -9.46083494099993, -9.46143296399994, -9.46360838099999, -9.46546563799991, -9.46951753199997, -9.47161196899998, -9.47447662299995, -9.47443485999996, -9.47622062700001, -9.47685719199992, -9.48146240599993, -9.48577135099994, -9.48625712099989, -9.48997561699999, -9.48933724200002, -9.48954432499992, -9.49200647299998, -9.49355102899997, -9.49522938199992, -9.49722657399997, -9.49726143499992, -9.4992502989999, -9.50107203999991, -9.50179712199995, 
-9.50277714499995, -9.50354603499997, -9.50413082199995, -9.50500815999989, -9.509672505, -9.51039907299998, -9.51122207899996, -9.51248891399997, -9.51331407099994, -9.51421481299995, -9.51521705499992, -9.51825068700002, -9.52016404699997, -9.52442855599994, -9.52991021999999, -9.53326598499991, -9.53331969100001, -9.53341982499994, -9.53272155599999, -9.53116934399999, -9.52975821799994, -9.52844735599992, -9.52853026199994, -9.52853141199995, -9.53924756499994, -9.54047394199998, -9.53865522899996, 
-9.53933665199994, -9.54046296199996, -9.5484132939999, -9.55187787399995, -9.56296901699996, -9.56509111499996, -9.56632462199996, -9.56668828599994, -9.56794128699997, -9.5729964559999, -9.57340225699991, -9.57214366699995, -9.57227886399995, -9.57437721799993, -9.57875816899994, -9.58246491499995, -9.58492874599997, -9.599427082, -9.60238748899998, -9.60298412599997, -9.60922823999995, -9.61073646899996, -9.61261771899991, -9.61534501599997, -9.62006668999994, -9.62405874800002, -9.62477769299991, 
-9.62620298599997, -9.62654585400001, -9.62564804099998, -9.62347962999997, -9.62340982299997, -9.62434020999995, -9.62628043299999, -9.62872301399994, -9.62985504299999, -9.63244382699996, -9.63418456399992, -9.63618623099999, -9.64003914700001, -9.64113643099994, -9.64310692399991, -9.64465484499991, -9.64816090899992, -9.65004279699993, -9.65319557899994, -9.656056065, -9.65938103499996, -9.65988266799998, -9.65901189999997, -9.65962859099992, -9.66195593799993, -9.66304667199994, -9.66391693699991, 
-9.66441521299993, -9.66740407499996, -9.67143261299995, -9.67546115199994, -9.67812312199992, -9.68066847499994, -9.68281868799995, -9.69138186099997, -9.69395046299995, -9.69438683999991, -9.6970337999999, -9.69891319699997, -9.7020586739999, -9.70746119399998, -9.71009828699994, -9.71177650899998, -9.71503615099994, -9.71540667399996, -9.71474279899992, -9.71066214399997, -9.7080335059999, -9.70718858799998, -9.70719208699991, -9.70964462899998, -9.71149276399995, -9.71308121399993, -9.71440738099997, 
-9.71704580699996, -9.71779325699989, -9.71173202199994, -9.70520790599997, -9.70123730199997, -9.69741010999995, -9.69357433599992, -9.69118598899993, -9.686870503, -9.68499058899997, -9.68436696699998, -9.68423034999995, -9.68433922499999, -9.68795293799994, -9.69196335699994, -9.6930213109999, -9.69622214899998, -9.69666511699995, -9.7016239189999, -9.70667212399997, -9.70797597299994, -9.70807191799997, -9.708526391, -9.71206328699999, -9.71247211799989, -9.71251582699995, -9.71338266399991, 
-9.71805410199989, -9.71835009599996, -9.720807668, -9.71909140699992, -9.71945051399997, -9.72226350999993, -9.72490376099998, -9.725223877, -9.7250337999999, -9.72540927199997, -9.72944891499999, -9.73132758, -9.73128215599997, -9.72911352999995, -9.72782311899994, -9.72755736799998, -9.72570905899991, -9.72550552999994, -9.72594740499991, -9.72747649599995, -9.728309031, -9.72866460199993, -9.72816377899997, -9.72757553399997, -9.72212510099993, -9.71708657099995, -9.71652086999995, -9.71796920199997, 
-9.71968395100001, -9.72798921799992, -9.73525608699989, -9.73834634499996, -9.73934533799993, -9.7409520379999, -9.74353130299997, -9.7550861739999, -9.75899747799996, -9.76226020599992, -9.76648672199994, -9.77234113500002, -9.77384953599994, -9.77683921399995, -9.779837985, -9.78288277899996, -9.78913219499994, -9.79594153899997, -9.79983568899994, -9.80074925099995, -9.8027957329999, -9.80274967799991, -9.8042716649999, -9.80822508299998, -9.80989184899995, -9.81018694699994, -9.81151514699997, 
-9.81520672799997, -9.82451554399995, -9.83325905799997, -9.833537377, -9.84051995899998, -9.84849557699997, -9.8493083669999, -9.85300342599992, -9.86021769699997, -9.86744962799998, -9.87230984699995, -9.87534913399998, -9.87839688499999, -9.88105938699993, -9.88293574799993, -9.88682624299996, -9.887735999, -9.89149919799997, -9.89645574599992, -9.90033414100001, -9.90185872799994, -9.90481421899997, -9.90775839399994, -9.91127799599992, -9.91721283799999, -9.92184240599997, -9.93020469999989, 
-9.93305684799997, -9.93603040599989, -9.93829058899994, -9.94615344999993, -9.94806716599991, -9.94867917499992, -9.95011881100002, -9.95291189299992, -9.95911358999995, -9.97207558199996, -9.97852225799992, -9.98278347899998, -9.98585401299993, -9.98815046899995, -9.98609243699994, -9.98648475299998, -9.98807112599996, -9.98809481099997, -9.98707032799993, -9.98604887499997, -9.98575334499995, -9.98555768099992, -9.98352295299997, -9.98407112099994, -9.98389084599994, -9.98066579499991, -9.98032530799998, 
-9.97907714699991, -9.97831507099992, -9.97914206799996, -9.98615874199992, -9.98675793499993, -9.98775283199992, -9.98916986199992, -9.98562067599989, -9.98539426399999, -9.98524532199992, -9.98415932999995, -9.98038736299996, -9.97865545599993, -9.97533478199998, -9.97334450199997, -9.97132284999994, -9.97075906099992, -9.97068960899995, -9.9702112909999, -9.96627468599996, -9.96471052799995, -9.96437799799997, -9.96113443799992, -9.95665947399994, -9.95326351799998, -9.95143047899992, -9.94784653499995, 
-9.94730270499998, -9.94816404700002, -9.94989170199997, -9.95447277899993, -9.95510987899998, -9.95524703199996, -9.95501765899999, -9.95428799499992, -9.95057420199995, -9.94967983199993, -9.94956469299991, -9.94877918199993, -9.94890084599996, -9.95174820399992, -9.95495771699991, -9.95634097299996, -9.95820901699998, -9.95856197699997, -9.957925807, -9.95868995899999, -9.96937266199996, -9.972451785, -9.97420318899996, -9.97516135399993, -9.97790162699991, -9.97801995099993, -9.97879985999997, 
-9.97897727799991, -9.97880785799993, -9.98052655499993, -9.98183984199997, -9.98413374999997, -9.98450332599999, -9.98772197799994, -9.99031980399995, -9.99003595899991, -9.98850535599992, -9.98834926999997, -9.98886410699994, -9.99032346699989, -9.99285850699994, -9.99680852599992, -9.99866042199994, -9.99842684799997, -9.99875293799995, -10.0007019179999, -10.00341952, -10.005007274, -10.0062744299999, -10.0088753979999, -10.0093778219999, -10.0164547589999, -10.017562326, -10.0185726999999, -10.0205079369999, 
-10.021733501, -10.028764042, -10.0289446459999, -10.0283518679999, -10.028374946, -10.0304809269999, -10.0320715859999, -10.03384131, -10.0392143459999, -10.039956004, -10.039730461, -10.0419314239999, -10.0424454859999, -10.0402510129999, -10.040381508, -10.0395337379999, -10.0397661799999, -10.0382277269999, -10.0399411929999, -10.041621731, -10.0484459519999, -10.0506872569999, -10.051497192, -10.05088413, -10.0519455849999, -10.0542883279999, -10.054301328, -10.052695133, -10.054478081, -10.0537307849999, 
-10.054610172, -10.053008613, -10.0527117399999, -10.0502795509999, -10.050052531, -10.0505766069999, -10.0486641159999, -10.047126024, -10.0482546549999, -10.0483463109999, -10.0471029759999, -10.0473264059999, -10.0458471919999, -10.044945816, -10.0447722279999, -10.044546657, -10.0424729609999, -10.0420126809999, -10.039199041, -10.0394524699999, -10.0379773449999, -10.0366591969999, -10.03679305, -10.0345453759999, -10.034411469, -10.0352942689999, -10.0337296129999, -10.032590796, -10.033222257, 
-10.030872845, -10.025471261, -10.0245271169999, -10.0203195609999, -10.0162047689999, -10.010449502, -10.006419782, -10.004520835, -10.000438833, -9.99453096699995, -9.99020674799992, -9.98155760099998, -9.97915317399999, -9.976513697, -9.97233535699996, -9.97053450799999, -9.96653172, -9.9647432409999, -9.96403724599993, -9.96388887599991, -9.96238758699995, -9.96134571299999, -9.95916385799994, -9.95416261999994, -9.9532228489999, -9.95280701299995, -9.95242714199996, -9.95110481899998, -9.94940981299989, 
-9.94636170699993, -9.94448019999995, -9.9430347119999, -9.942442307, -9.94021819999992, -9.93846709999998, -9.9380733049999, -9.93831422099994, -9.93877437, -9.93972071799996, -9.93986412399993, -9.93741188399998, -9.93537442399997, -9.93444122499994, -9.93100415099995, -9.93003004599991, -9.92769996499995, -9.92524456499991, -9.92420856999999, -9.92345869599994, -9.92217032599992, -9.92195979099991, -9.91464306999999, -9.91246114799994, -9.912235433, -9.91215344199997, -9.91283851999999, -9.91270568999992, 
-9.91194841799997, -9.90936652599995, -9.90778557599997, -9.90582539099996, -9.90546676299996, -9.9055412229999, -9.90699681299999, -9.90791655099997, -9.91179838299999, -9.91323745199995, -9.91917930599989, -9.92019586299998, -9.91777301999997, -9.91551148399999, -9.91385560899994, -9.91270135199992, -9.91171756299996, -9.91038728099994, -9.90610610999992, -9.89887159599997, -9.89483049399992, -9.88832792499995, -9.88531451299993, -9.88349922899992, -9.88168353799997, -9.88033900299992, -9.8786255209999, 
-9.87520109999998, -9.86451417199993, -9.86247461700001, -9.85925522699992, -9.85693772999992, -9.85523485199998, -9.84907049399993, -9.84277479799994, -9.83337723299998, -9.83241607599995, -9.83122401599999, -9.83062178299999, -9.82885686599998, -9.82727524299994, -9.81939758499989, -9.81658222399991, -9.80582531799993, -9.80462741899993, -9.80461564499993, -9.80438874599999, -9.80380771499997, -9.80244630299994, -9.79970731099998, -9.79914265699998, -9.79825574899996, -9.79742769099992, -9.79670260999997, 
-9.79641208199991, -9.79544130799997, -9.79460569999993, -9.79383844699996, -9.79352378899994, -9.79371076699996, -9.79220085799991, -9.79257241299992, -9.79058881499993, -9.78803337999997, -9.78776776199993, -9.78492280299999, -9.78296454999997, -9.77269244099995, -9.77220414799996, -9.76974930199997, -9.76935412099996, -9.76838335899993, -9.76796427199998, -9.76306529999992, -9.75993159399998, -9.75996809999998, -9.75935665699993, -9.75920844499992, -9.75805662100001, -9.75910572899995, -9.75962780599998, 
-9.75933565899997, -9.75798871799999, -9.75610533899994, -9.75709502299994, -9.75761488199996, -9.75702843399993, -9.75444522199998, -9.75273383199996, -9.75102518499998, -9.75155226899998, -9.74970466899988, -9.74883046199993, -9.74775800099993, -9.74644989899996, -9.74495013199995, -9.7441863399999, -9.74135254199991, -9.74099331699994, -9.73823384499998, -9.73605130599996, -9.73513402399991, -9.73680672599993, -9.73733480299993, -9.73545498399991, -9.735210184, -9.73562236999991, -9.734920399, 
-9.73406411999994, -9.73394260199992, -9.73572030399993, -9.73779845400001, -9.73821820800001, -9.73900602699992, -9.73919067299992, -9.74191677299997, -9.74175010899994, -9.74071400199993, -9.74191099599993, -9.74129276399994, -9.74209031099994, -9.74308172399999, -9.74363081899995, -9.74417108699988, -9.74559881799998, -9.74578201799995, -9.74648869899998, -9.74547371499993, -9.74517529199993, -9.747221123, -9.7486647929999, -9.74969513599998, -9.75052232199994, -9.75178275799996, -9.75206678800001, 
-9.75298608899996, -9.75307647099989, -9.75471808, -9.75782416699996, -9.75844766699995, -9.75700364399993, -9.75520210599999, -9.75356040599996, -9.75221242499989, -9.75312012799995, -9.75311946299998, -9.75229096999991, -9.75202455899998, -9.75103306700001, -9.750330934, -9.74925579099995, -9.74964540199995, -9.74829998400001, -9.74827639200001, -9.74247075599989, -9.74059698299993, -9.74036564499997, -9.742565515, -9.74232778599996, -9.74279662199994, -9.74217776299998, -9.74258588399991, -9.74300390999995, 
-9.74377028599994, -9.74397796599989, -9.74256774099992, -9.74095163299996, -9.74000682899995, -9.73754672699997, -9.73186482599996, -9.73128916899993, -9.73104788099995, -9.72935628899997, -9.72569166599989, -9.72295884799999, -9.719006409, -9.71580179399997, -9.712772893, -9.71246174000001, -9.71006575599992, -9.70905829399996, -9.70907898899998, -9.7076824399999, -9.70734813099995, -9.70689588599992, -9.70726736399993, -9.70825864799997, -9.70860805800001, -9.70824126399995, -9.70996042099991, 
-9.710046398, -9.70754313799992, -9.70688679499997, -9.70769813599995, -9.707809281, -9.70509906499993, -9.70455643599998, -9.70525204599998, -9.70117052099996, -9.69975858499993, -9.69661666299993, -9.69463548599997, -9.69139199800001, -9.69088441799993, -9.6907219459999, -9.68993126799994, -9.689520826, -9.68844465799995, -9.688811372, -9.68667240099995, -9.68375249399994, -9.68148758199995, -9.68029298899996, -9.67786770899993, -9.67638095599993, -9.67324705199998, -9.67086387899997, -9.66769613099997, 
-9.66668142699994, -9.66635539699997, -9.6644685219999, -9.66177393599997, -9.660796363, -9.65982672699997, -9.65727624299998, -9.65536287499994, -9.65597439899991, -9.65543246100001, -9.65179431899999, -9.65125029899992, -9.65044094799993, -9.6486479709999, -9.64592320399996, -9.64557536499996, -9.64447908799993, -9.64096788099994, -9.63726997299995, -9.63391966599994, -9.6337293, -9.63426468499998, -9.63361125499992, -9.62536318499994, -9.62362761999996, -9.62009688799995, -9.619855941, -9.61887393499993, 
-9.617435336, -9.61720005999998, -9.61678491699992, -9.61636431699993, -9.61517996999991, -9.61284035899995, -9.61232653599998, -9.60975063199992, -9.60814538999998, -9.60664108299994, -9.60513321399997, -9.60410643899992, -9.60446871299997, -9.60389099299995, -9.60054805499993, -9.59701542899994, -9.59320172499996, -9.59200713299998, -9.59057351399993, -9.58884162099999, -9.5866002829999, -9.58447390399991, -9.58175516999994, -9.58047660399993, -9.57751875399989, -9.57631946499996, -9.57570422699995, 
-9.57280734299998, -9.56961182799999, -9.56659801399994, -9.565299921, -9.56452422999995, -9.56319861899996, -9.56031002299996, -9.55856803199989, -9.55702268899993, -9.55638480099999, -9.55581457699997, -9.55519400799997, -9.55263221300001, -9.55128328199995, -9.54503124899993, -9.542980638, -9.54386871799993, -9.54384367899999, -9.54351983699993, -9.54076042799997, -9.54075408399998, -9.54166166499993, -9.54179325299998, -9.5406930799999, -9.54108984399996, -9.54080820999993, -9.53866017599992, 
-9.53776022899998, -9.53812126500001, -9.5365484029999, -9.53403579299993, -9.53135494399989, -9.53076433499996, -9.53148342499995, -9.53103495799997, -9.53114966599996, -9.53155000599995, -9.53232601499995, -9.53450288699994, -9.53677697099989, -9.53698898799994, -9.53932583999993, -9.5402292709999, -9.54097347899992, -9.54121016299997, -9.5426853619999, -9.54329918499997, -9.54391100199997, -9.54454852599996, -9.54808014199996, -9.55297060099994, -9.55548760100001, -9.557334908, -9.55780588899998, 
-9.55979204399991, -9.56320151700002, -9.56557206199996, -9.57419515599996, -9.57890192099994, -9.59087931100001, -9.59360922099993, -9.59901420799994, -9.60169833699998, -9.60825557799994, -9.61098942899993, -9.61435958099997, -9.61735457999989, -9.6183176239999, -9.61957302099995, -9.62096853099995, -9.622757575, -9.6257211949999, -9.63286064599989, -9.63856854399992, -9.64713765799999, -9.65858745399993, -9.66242929799993, -9.66574240699996, -9.66751905299997, -9.67222675699993, -9.67333584299995, 
-9.67496632499994, -9.67649435699999, -9.67701133799995, -9.67691998299994, -9.675341605, -9.67434203599989, -9.67202561399999, -9.6713440079999, -9.67022471899993, -9.67122184899992, -9.67167569699999, -9.67940372999992, -9.68445991799994, -9.68694132699991, -9.69955320199999, -9.70315401499994, -9.70487077599996, -9.70566891399992, -9.70578806699992, -9.70499920699993, -9.70569088299996, -9.70767356299996, -9.71096598699997, -9.71839874299999, -9.72043008599993, -9.720556587, -9.71825829399991, 
-9.71840822099997, -9.71689704799999, -9.71683026499997, -9.71734620399994, -9.72143016299999, -9.72393371699992, -9.72535875599997, -9.72685706699995, -9.7304289259999, -9.73253488699989, -9.73397086599995, -9.73608744399993, -9.74271781099999, -9.74773663999994, -9.75008327099994, -9.75210054599996, -9.75443341799998, -9.75830196499997, -9.75915680199991, -9.75569914699999, -9.75527140499995, -9.75265260799999, -9.74481628999998, -9.74449156199993, -9.74570397499997, -9.74644866299995, -9.74878129799995, 
-9.75416217399992, -9.75896863999997, -9.77621447599995, -9.77697991999996, -9.77846667999996, -9.77947155799997, -9.78299727999993, -9.78313172199995, -9.78691069099998, -9.78689527299995, -9.7865157869999, -9.764923422, -9.69029477399991, -9.66021247699992, -9.55304296799998, -9.55198649799996, -9.56751890999993, -9.54569173699996, -9.50056673999994, -9.50056439899992, -9.50047757299993, -9.50047298299991, -9.50012089299999, -9.49998336299998, -9.50120771999995, -9.50143943799993, -9.50109647699998, 
-9.5004461099999, -9.49602527499996, -9.4830894199999, -9.48176699899991, -9.47809381099992, -9.47588155899993, -9.47441911899999, -9.47180485299995, -9.46974481399995, -9.46920934799996, -9.46945404299996, -9.46871375999999, -9.46770416399994, -9.46408183399999, -9.45878226099991, -9.45297194999993, -9.45030516099999, -9.44027254399998, -9.43698022199989, -9.4333005029999, -9.43138929699995, -9.42857397799997, -9.42797887199994, -9.42832364599996, -9.42930240099994, -9.43355952999992, -9.44061058099988, 
-9.44706584799993, -9.44886855999997, -9.45173411900001, -9.45346500299996, -9.45310067500001, -9.45258324799992, -9.44871827899997, -9.44600559099996, -9.444857503, -9.43933968499989, -9.43695814399993, -9.43150516699994, -9.41926655199993, -9.41225819499994, -9.40625254499997, -9.38622899399993, -9.38748860099997, -9.38630149899998, -9.38628706199994, -9.38710198299995, -9.38929753699998, -9.39036071199993, -9.32936106199996, -9.32805846400001, -9.32741357999994, -9.32900042199996, -9.32911328399998, 
-9.32682576599998, -9.32875502699991)))"
1101807,Vale Do Paraíso,11,RO,"list(list(c(-61.9642764479999, -61.959553417, -61.952263175, -61.94875051, -61.9441954919999, -61.938997947, -61.93336264, -61.9273079469999, -61.9230890509999, -61.9188704839999, -61.916332632, -61.915172822, -61.9135000719999, -61.9105820469999, -61.910576154, -61.910568957, -61.911540621, -61.911858297, -61.9126230899999, -61.914618932, -61.957412944, -61.9578336399999, -62.016064855, -62.0397186959999, -62.100523689, -62.100629391, -62.137153221, -62.1708816109999, -62.1884924359999, -62.206518804, 
-62.240091571, -62.241502175, -62.215971536, -62.2161621459999, -62.21443687, -62.2163541369999, -62.2340918159999, -62.236723167, -62.23624132, -62.2358030889999, -62.2596611289999, -62.131408014, -62.1220040349999, -62.124120305, -62.129890052, -62.130507363, -62.1303962519999, -62.132560637, -62.132480331, -62.134229375, -62.1356196079999, -62.135924292, -62.137252163, -62.13749827, -62.138060241, -62.1376762569999, -62.139007784, -62.139555548, -62.140195146, -62.139834395, -62.138192509, -62.135364959, 
-62.136614135, -62.13847566, -62.1406467449999, -62.140365927, -62.140612645, -62.141227714, -62.1417586279999, -62.141720435, -62.141393154, -62.140033959, -62.14039815, -62.141723609, -62.141062787, -62.1399219209999, -62.1402571579999, -62.1395388989999, -62.13850767, -62.139537025, -62.139221437, -62.1398027539999, -62.140921313, -62.139201568, -62.135338221, -62.135588158, -62.134637067, -62.135171874, -62.133703869, -62.133722255, -62.138143159, -62.142089287, -62.1456673199999, -62.1445863449999, 
-62.145395105, -62.146002643, -62.145863036, -62.144695841, -62.142782234, -62.1416438309999, -62.140140882, -62.1408677679999, -62.1389860349999, -62.138452097, -62.138031274, -62.138170125, -62.1380297519999, -62.1368671519999, -62.1371761459999, -62.1368058719999, -62.137285537, -62.1373615799999, -62.1360390099999, -62.135644903, -62.134639185, -62.1329045479999, -62.132449148, -62.128091973, -62.1257577859999, -62.1229196159999, -62.12139194, -62.12083231, -62.121974486, -62.1228906099999, -62.124673993, 
-62.1261993489999, -62.127002421, -62.1267279109999, -62.1261089129999, -62.1246443759999, -62.122753541, -62.1212742839999, -62.120084301, -62.118172463, -62.11484059, -62.11266761, -62.110803488, -62.107224297, -62.1062907209999, -62.1062842309999, -62.105729925, -62.1043899819999, -62.102453735, -62.100141567, -62.099001715, -62.09788838, -62.0963882729999, -62.0945566939999, -62.091360798, -62.0883362789999, -62.085470572, -62.0835893449999, -62.082140872, -62.0806108379999, -62.079168327, -62.0785279529999, 
-62.076975628, -62.071699784, -62.066229487, -62.0631735619999, -62.0618681879999, -62.0609505779999, -62.0589200859999, -62.055390616, -62.055667469, -62.055362511, -62.0541198069999, -62.052278294, -62.0502834519999, -62.047527409, -62.041946422, -62.0385647479999, -62.035872254, -62.0301628879999, -62.028141765, -62.0271689299999, -62.0265869999999, -62.0272221, -62.027087996, -62.025780803, -62.028447646, -62.028974692, -62.0269186449999, -62.026277824, -62.026303264, -62.023724874, -62.0225583449999, 
-62.021139844, -62.02050546, -62.018026722, -62.0106215199999, -62.0058071189999, -62.001140659, -61.998421414, -61.996169519, -61.994110193, -61.991559518, -61.9898955669999, -61.990111965, -61.9912264359999, -61.992640778, -61.9934206069999, -61.991808986, -61.9909739509999, -61.99192338, -61.9933906969999, -61.995558549, -61.997111622, -61.9976716609999, -61.998140954, -61.9958055439999, -61.9941138659999, -61.992111522, -61.98931095, -61.9891072089999, -61.9883365539999, -61.987034825, -61.986060384, 
-61.985414737, -61.9834501619999, -61.9807851399999, -61.9785824029999, -61.9783662839999, -61.9799607009999, -61.9823318679999, -61.9835298259999, -61.9825292789999, -61.9833345179999, -61.980585924, -61.977104671, -61.972667101, -61.9710370129999, -61.968560402, -61.9642764479999, -10.0796564349999, -10.080155368, -10.079835681, -10.079828959, -10.080888139, -10.0830198239999, -10.0864252289999, -10.09218631, -10.095378815, -10.1007746029999, -10.10460094, -10.1100933429999, -10.113027311, -10.1156495619999, 
-10.1162625829999, -10.1170449849999, -10.117512865, -10.1189971759999, -10.119921571, -10.1210979709999, -10.163853223, -10.1653151169999, -10.3673376539999, -10.449208967, -10.6591578069999, -10.6595223219999, -10.6479358319999, -10.637233216, -10.631643852, -10.625923228, -10.615264601, -10.6113331199999, -10.524721348, -10.524603632, -10.521796885, -10.520593494, -10.507374217, -10.503173572, -10.5023756299999, -10.501019641, -10.476848439, -10.3633337139999, -10.355000763, -10.3520729949999, 
-10.3480884849999, -10.347202543, -10.3457696929999, -10.345018829, -10.3433649029999, -10.342799957, -10.3398438319999, -10.3391949839999, -10.3382384569999, -10.3368799909999, -10.335586173, -10.334161063, -10.332641144, -10.331257238, -10.3273536019999, -10.3261544929999, -10.3241168779999, -10.3217873149999, -10.3196255739999, -10.3156099589999, -10.3123702669999, -10.311399315, -10.3103802769999, -10.3094084749999, -10.3048627939999, -10.3034200999999, -10.301674748, -10.300354527, -10.299180323, 
-10.2978155969999, -10.2963436359999, -10.2959797949999, -10.294851095, -10.2934880199999, -10.292807092, -10.291716637, -10.2908110159999, -10.2904419019999, -10.2897298459999, -10.284693898, -10.2836078299999, -10.2823567689999, -10.2808848019999, -10.279277387, -10.2761703929999, -10.2747916439999, -10.27551379, -10.2734732239999, -10.2705444589999, -10.269700857, -10.2677759109999, -10.265483423, -10.263608027, -10.2643794419999, -10.262723634, -10.261456032, -10.2605700239999, -10.258939073, 
-10.255607707, -10.2527031999999, -10.2473760609999, -10.245671939, -10.2430496179999, -10.2422562909999, -10.239282516, -10.237697575, -10.2355031999999, -10.235157419, -10.23061559, -10.228383729, -10.2247295949999, -10.220274899, -10.219104887, -10.215412538, -10.214102581, -10.2116828429999, -10.2097054149999, -10.2072383979999, -10.2047375049999, -10.201928732, -10.1995481909999, -10.1978251109999, -10.1956666629999, -10.1928147129999, -10.191774954, -10.1912288789999, -10.191543205, -10.1927116469999, 
-10.1939473049999, -10.1945129069999, -10.1963153449999, -10.1955896089999, -10.1940501999999, -10.1862763559999, -10.182158787, -10.180035411, -10.1784109059999, -10.1784527309999, -10.179852629, -10.18194333, -10.183394459, -10.1840925989999, -10.184694535, -10.1834228289999, -10.1797922219999, -10.1818376469999, -10.18294679, -10.1832436309999, -10.183038145, -10.182063465, -10.179930303, -10.1783982189999, -10.1784164669999, -10.1772824669999, -10.1757849639999, -10.174424603, -10.173231999, 
-10.172392694, -10.169667244, -10.165885476, -10.1631440639999, -10.1607867559999, -10.158199667, -10.156480761, -10.15733634, -10.157071031, -10.1546707649999, -10.153445064, -10.1517466399999, -10.1470219139999, -10.1443548639999, -10.141994734, -10.1402262019999, -10.138616322, -10.137671823, -10.136099098, -10.134816287, -10.133228741, -10.130544544, -10.1290094299999, -10.1267433619999, -10.1265620359999, -10.1262668459999, -10.1231577579999, -10.1222790699999, -10.1231621709999, -10.129760354, 
-10.132729759, -10.1323406619999, -10.131563237, -10.132433636, -10.1335233529999, -10.1305003589999, -10.1300584539999, -10.1288527849999, -10.126326497, -10.124480124, -10.121014091, -10.120398897, -10.1183853819999, -10.116157831, -10.113909769, -10.111902873, -10.1111945219999, -10.1088706579999, -10.1056504469999, -10.1049558739999, -10.1041633889999, -10.102474432, -10.098445802, -10.094466783, -10.0901474899999, -10.0884039909999, -10.0899951239999, -10.091927769, -10.092932561, -10.0932562479999, 
-10.0931585259999, -10.0910664339999, -10.089412959, -10.0791081999999, -10.0762234699999, -10.071193776, -10.0664872939999, -10.0660432559999, -10.0673385929999, -10.067527928, -10.0740908039999, -10.077897546, -10.0796564349999)))"
